12.110947
12.480474
12.609874
12.080849
7.35851
8.996934
8.266254
-1.783864
0.155555
10.83798
11.565711
10.702177
13.082602
13.049856
12.914429
12.841405
13.067827
-3.600778
-3.833716
-3.871145
-2.308097
-11.029318
-10.725388
-10.252351
-10.554521
-5.100597
-6.225039
-6.478385
-5.133895
12.667822
7.271665
4.86264
6.294386
-11.200616
-10.596304
-10.456561
-9.493717
-0.606665
9.917743
10.095223
2.141232
9.471122
9.112954
-8.694058
-9.108217
-10.124003
3.947317
3.25258
5.353321
12.294975
12.771683
-7.936561
-7.646309
1.559488
-0.29705
-2.095903
-3.71401
-5.113943
-6.344793
-7.405173
-9.950533
-10.207358
9.746715
12.053935
12.5719
12.007659
12.476622
12.391382
7.434417
8.231105
8.968718
0.41342
-1.459759
10.697751
11.42839
12.982213
12.764062
12.813423
12.964103
-3.244643
-3.509214
-1.97489
-2.087004
-3.542927
-10.99589
-10.657452
-10.467247
-10.796897
-5.891887
-4.782253
-4.828946
-6.194409
12.583064
7.212435
6.33489
4.930624
-10.980351
-10.509328
-10.231605
-9.297998
-0.258383
9.987165
2.352977
8.996016
9.386739
-9.808494
-8.840694
-8.405628
4.102172
3.49465
5.511098
12.724249
12.235584
-7.365778
-7.697795
1.839195
0.017014
-1.75286
-3.302357
-4.802083
-6.038874
-7.078285
11.122648
11.718432
12.095825
9.70956
10.42358
