10.184011
9.107023
8.430376
9.628397
14.12701
13.294119
13.687165
16.046676
15.956402
11.923676
11.155556
11.64308
5.476425
6.296063
7.443584
6.889978
3.919985
15.865574
16.621077
16.692916
3.640748
3.908969
1.778781
1.691255
16.323921
15.925846
14.759238
15.417055
8.274561
14.077174
15.044598
14.540446
5.791733
6.61889
8.829476
10.337017
16.464352
12.429778
12.54354
15.71536
12.984679
13.117088
13.100566
11.6995
10.587522
15.278758
14.839117
1.883646
2.113987
12.880538
13.969524
15.789782
16.150015
16.329214
16.197617
15.858775
15.34788
14.758226
-0.032301
-0.044088
12.757274
0.209657
0.144016
-9.848524
-8.093259
-8.762273
-13.746451
-13.327167
-12.908849
-15.776779
-15.983209
-11.567979
-10.801064
-5.087533
-6.511465
-7.084136
-3.542016
-15.85684
-16.643976
-16.663564
-17.102695
-17.115953
-3.642354
-1.740162
-1.796143
-3.878874
-15.977359
-16.378464
-15.461
-14.80302
-7.903423
-13.687751
-14.136944
-14.617316
-6.623867
-8.750573
-10.330498
-16.364664
-12.199876
-15.395008
-12.804045
-12.641261
-11.682043
-13.071986
-14.889007
-15.073783
-14.452353
-1.78062
-1.475266
-14.018068
-12.932889
-15.568138
-16.026417
-16.272263
-16.137927
-15.903257
-15.394755
-14.787571
-10.955133
-10.045612
-12.367979
-11.718821
