11.999863
12.387263
12.545444
12.004506
7.286765
8.91033
8.194172
-1.834392
0.108529
10.735518
11.450271
10.616859
13.036841
13.03103
12.850836
12.770541
13.082945
-3.650501
-3.875988
-2.361217
-11.23408
-10.919048
-10.47516
-10.782708
-5.127768
-6.236707
-6.516432
-5.176546
12.586785
7.230534
4.838153
6.255346
-11.403173
-10.773094
-10.62682
-9.629246
-0.664342
9.838642
10.006014
2.110335
9.388188
9.038922
-8.73464
-9.196316
-10.240001
3.925794
5.312529
12.326862
12.840319
-7.996227
-7.684088
1.526617
-0.345544
-2.144723
-3.753919
-5.144585
-6.367085
-7.421403
-10.204957
-10.454508
9.654821
12.13122
12.654367
11.96449
12.474962
12.366963
7.39307
8.191143
8.920099
0.404618
-1.467192
10.648369
11.371095
12.985498
12.7487
12.807839
13.017325
-3.243766
-3.484896
-1.96838
-2.078161
-3.512703
-11.151239
-10.847485
-10.655308
-10.939039
-5.838557
-4.740356
-4.818872
-6.174443
12.567087
7.197308
6.319052
4.932447
-10.620835
-10.343928
-9.371582
-0.256876
9.941759
2.353882
8.959308
9.342021
-8.866842
-8.385123
4.1081
3.497611
5.498501
12.81676
12.292916
-7.3391
-7.696303
1.84192
0.012985
-1.753272
-3.292042
-4.776462
-6.00196
-7.03554
11.087185
11.693214
9.665531
10.384592
