11.002497
11.343847
11.263013
10.770741
8.432973
7.715955
-1.662874
0.183971
9.921384
10.51325
10.227256
9.640032
11.802153
11.606635
11.604788
11.68452
11.7358
-3.418329
-3.634286
-2.179047
-10.534309
-10.22593
-9.878321
-10.162288
-4.858126
-6.495656
-6.2433
-4.916368
11.518639
6.798452
4.639442
5.96187
-10.735634
-10.164621
-10.182932
-9.298948
9.010158
9.315774
2.080157
8.783727
8.385001
-8.430075
-8.93448
-9.887978
3.797689
11.135682
11.451722
-7.74804
-7.406228
1.510546
-0.253621
-1.961493
-3.507548
-4.873108
-6.067319
-9.696513
-9.927179
10.866491
11.233184
10.645299
10.864811
10.975393
6.860515
7.519401
8.243892
0.353128
-1.41288
9.618234
10.173603
11.428326
11.331106
11.237692
11.382756
-3.12757
-3.430203
-1.966029
-10.546605
-10.278464
-10.081782
-10.312545
-4.653518
-6.25497
-4.677033
-6.060175
11.166194
6.5703
5.835857
4.565566
-10.640054
-10.146047
-10.074739
-9.192144
-0.341012
8.684167
9.043871
2.174579
8.104139
8.539937
-8.751616
-8.276841
3.804404
3.195175
5.098048
11.262959
10.880233
-7.253794
-7.615272
1.652659
-0.050677
-1.724238
-3.203128
-4.661479
-5.900523
-6.955734
10.182209
8.929617
9.571707
