10.30644
9.24424
8.60991
14.183952
13.358974
13.811462
15.883186
12.022486
11.25081
5.650542
7.613545
7.031417
4.115337
15.728133
16.4143
16.503411
3.773214
4.069467
1.907855
1.800698
16.130978
15.733592
14.64411
15.302314
8.406015
8.266632
14.293332
15.193348
14.683408
5.895575
6.735979
8.890927
10.387558
16.326559
12.657693
15.73062
13.098076
13.293191
13.003634
11.69428
10.586369
15.364458
15.457188
14.923107
2.0558
2.303753
12.847356
13.85872
15.783345
16.029649
16.157413
16.008841
15.696669
15.186242
14.589767
0.062497
0.036677
10.447054
11.371575
9.386548
12.805016
12.146479
0.377011
0.33838
-9.643074
-8.586455
-13.494814
-13.104139
-12.671341
-15.47612
-11.339491
-10.563767
-4.940743
-6.356737
-6.931591
-3.378228
-15.534358
-16.377773
-16.399035
-16.88205
-16.887513
-3.595874
-1.693254
-1.724537
-3.802883
-15.757444
-16.126388
-15.179833
-14.556087
-7.587908
-7.7372
-13.931034
-14.45153
-6.49649
-8.61092
-10.136604
-3.011742
-16.124561
-11.97456
-15.169035
-12.598974
-12.412117
-11.470706
-12.861314
-14.69237
-14.869391
-14.218285
-1.599587
-1.319402
-13.784405
-12.679905
-15.349226
-15.744918
-15.960968
-15.832076
-15.642616
-15.165224
-14.572313
-10.735909
-9.835593
-8.748384
-12.134758
-11.490417
