11.60609
12.007019
12.243992
7.098017
8.638165
7.994
0.083109
10.381292
11.049261
12.609994
12.479582
12.325015
12.726262
-3.615438
-3.793618
-2.334624
-11.072395
-10.706819
-10.33754
-10.663493
-4.988273
-6.024741
-6.381146
-5.091803
12.188028
11.954485
7.123631
4.787724
6.156882
-11.303486
-10.60568
-10.513263
-9.514927
-0.687195
9.708422
2.092314
9.121448
8.829095
-8.493343
-9.032952
-10.056683
3.898747
3.198213
5.226816
11.894448
12.484866
-7.845225
-7.502125
1.508188
-0.363505
-2.130102
-3.686074
-5.025488
-6.188693
-7.189162
-10.13136
-10.385381
11.253294
10.682905
11.63807
9.332598
10.025303
11.704176
12.259996
11.495515
11.884837
7.194799
7.981618
8.656655
0.476751
10.274567
10.922353
12.453552
12.194171
12.328952
12.560182
-3.072206
-3.255621
-1.800932
-1.898177
-3.267568
-10.928515
-10.65671
-10.421877
-10.643718
-5.535291
-4.463503
-4.605433
-5.933268
11.856441
12.068016
6.202089
4.900816
-10.38671
-10.174915
-9.176571
12.013911
-0.145913
9.62502
2.395413
8.728808
9.068942
-8.609684
-8.068207
4.097001
3.484825
5.400852
12.394604
11.802574
-7.063413
-7.448378
1.888868
0.104705
-1.610005
-3.094147
-4.531938
-5.728309
-6.738096
10.657232
11.218621
11.588604
9.341208
10.007054
