11.562805
11.926041
12.012466
7.146491
8.690395
7.994286
-1.734347
0.160522
10.373516
11.034628
12.45091
12.299276
12.2482
12.440899
-3.514726
-3.721861
-2.244088
-10.757405
-10.43113
-10.031166
-10.334332
-4.950465
-6.025089
-6.331275
-5.014588
12.099235
7.063758
4.765242
6.139352
-10.96682
-10.347788
-10.288131
-9.357213
-0.600131
9.507301
9.702126
2.115896
9.123119
8.774573
-8.48982
-8.963744
-9.945208
3.885668
3.201355
5.236347
11.693218
12.142518
-7.796061
-7.476942
1.538495
-0.283334
-2.035842
-3.606385
-4.972907
-6.16589
-7.194002
-9.795537
-10.046091
9.399119
10.089598
11.438697
11.917208
11.328311
11.684946
7.150962
7.8941
8.604513
0.425127
-1.38928
10.16047
10.797593
12.201773
12.018622
12.049816
12.200378
-3.128142
-3.383767
-1.898958
-2.018487
-3.423301
-10.719667
-10.415436
-10.204446
-10.478144
-5.714974
-4.620707
-4.682984
-6.043753
11.73252
11.867757
6.935273
6.110169
4.788203
-10.780292
-10.264056
-10.087399
-9.165356
-0.238792
9.522331
2.30845
8.586051
8.974927
-9.650682
-8.692824
-8.223632
3.991889
3.383414
5.324659
12.012948
11.536118
-7.208635
-7.559915
1.793954
0.034113
-1.679716
-3.181776
-4.648457
-5.874705
-6.909964
10.607702
11.15506
11.487929
9.298603
9.963276
