10.129786
9.053994
8.353722
9.543939
14.099151
13.26477
13.631781
16.010974
15.916576
11.870679
11.102749
11.553664
5.421781
6.221558
7.382813
6.845943
3.863501
15.828081
16.592302
16.662279
3.602253
3.86968
1.753401
1.664474
16.303337
15.907226
14.735034
15.387909
8.227166
13.978835
14.951469
14.46544
5.739351
6.572869
8.774369
10.288665
16.42895
12.344275
12.490978
15.64755
12.933593
13.041357
13.072434
11.657805
10.537843
15.19915
14.780951
1.849073
2.082598
12.843363
13.944855
15.729797
16.114246
16.295887
16.166991
15.835548
15.327252
14.738798
-0.047507
-0.062183
12.734896
0.197697
0.140758
-9.757684
-7.982143
-8.671809
-13.707737
-13.265156
-12.859396
-15.770039
-16.009812
-11.492264
-10.719219
-5.01225
-6.439613
-6.987084
-3.481598
-15.908629
-16.688908
-16.684905
-17.120495
-17.153404
-3.654987
-1.750108
-1.80319
-3.889753
-16.043433
-16.43737
-15.529428
-14.885955
-7.819309
-13.603074
-14.075743
-14.547565
-5.790962
-6.647843
-8.788833
-10.378855
-16.35781
-12.129158
-15.353718
-12.721291
-12.573199
-10.543592
-11.751692
-13.156709
-14.831307
-15.020987
-14.404914
-1.754755
-1.458486
-14.106407
-13.011975
-15.530957
-16.02197
-16.298056
-16.189641
-15.967573
-15.469677
-14.869819
-10.901304
-9.986548
-12.320726
-11.669191
