11.937293
12.306179
12.412046
11.886018
7.290884
8.902975
8.177003
-1.776235
0.150984
10.692395
11.39896
10.539973
12.896837
12.846852
12.721644
12.668099
12.886065
-3.584436
-3.813552
-2.299737
-10.997237
-10.690547
-10.240219
-10.540904
-5.071627
-6.185244
-6.452388
-5.111301
12.493912
7.198854
4.827389
6.241336
-11.172476
-10.567923
-10.44894
-9.490743
-0.613504
9.777971
9.971063
2.127251
9.360851
8.998877
-8.66419
-9.099507
-10.111639
3.922796
5.312618
12.139729
12.601142
-7.92078
-7.619423
1.546823
-0.299792
-2.086077
-3.692504
-5.085885
-6.310008
-7.36546
-9.96077
-10.212711
9.643921
11.902939
12.401121
11.810947
12.25321
12.190596
7.347413
8.125349
8.859434
0.403787
-1.454242
10.539162
11.244025
12.767235
12.562322
12.594029
12.754508
-3.227815
-3.493249
-1.971961
-2.088562
-3.530565
-10.961078
-10.638611
-10.447023
-10.754664
-5.861603
-4.756151
-4.805545
-6.171583
12.383609
7.120974
6.263009
4.880612
-10.960156
-10.478485
-10.229524
-9.295934
-0.269121
9.848218
2.328726
8.865979
9.261335
-9.802159
-8.832264
-8.383208
4.06222
3.453927
5.451691
12.538305
12.057713
-7.344703
-7.685362
1.814167
0.00728
-1.748526
-3.286213
-4.777361
-6.012349
-7.052816
10.985499
11.572219
9.593312
10.29816
