10.23348
9.173014
14.154115
13.328307
13.733869
15.786811
11.948986
11.177941
5.569181
7.525443
6.973328
4.028638
15.61679
16.306906
16.809612
16.396151
3.696898
3.999236
1.872971
1.755253
16.04336
15.645073
14.553292
15.208491
8.343186
8.228777
14.124796
15.008902
14.550255
5.771277
6.633093
8.746503
10.259489
3.630365
16.220867
12.587827
15.580227
13.030483
13.184373
12.892229
11.566556
10.437916
15.196695
15.299492
14.815564
2.015359
2.277597
12.729629
13.759225
15.647254
15.929183
16.048075
15.901804
15.608477
15.097444
14.495823
0.05142
0.011103
10.411177
11.332848
9.351603
12.785382
12.116715
0.388491
-9.382048
-8.3307
-13.343921
-12.908984
-12.498397
-12.890545
-15.389591
-11.112679
-10.319856
-4.721784
-6.14776
-6.660649
-3.189251
-15.588292
-16.429736
-16.392274
-16.876175
-16.928793
-3.598318
-1.697459
-1.711561
-3.790983
-15.87028
-16.215915
-15.281089
-14.697258
-7.401177
-7.496163
-13.73305
-5.69297
-6.499227
-8.643402
-10.181031
-2.880016
-16.051174
-11.76005
-15.008306
-12.364367
-12.201589
-10.392621
-11.566013
-13.002454
-15.537459
-14.495072
-14.682578
-14.042315
-1.490248
-1.241305
-13.935855
-12.795501
-15.200609
-15.668754
-15.954515
-15.891028
-15.742112
-15.294886
-14.719179
-10.554442
-9.642935
-8.563167
-11.966396
-11.31734
