11.406084
11.762282
7.084334
8.58026
7.932488
0.19155
10.230155
10.872663
12.196657
12.119918
11.998474
12.181992
-3.434794
-3.608196
-3.637551
-2.164327
-10.394957
-10.03549
-9.661186
-9.976169
-4.804911
-5.834844
-6.176058
-4.899486
11.904546
11.705385
7.045999
4.76297
6.117422
-10.662441
-10.00937
-9.996811
-9.101598
11.677321
-0.553744
9.586078
2.140432
9.021916
8.718138
-8.235284
-8.718251
-9.651908
3.896545
3.218242
5.222158
11.332363
11.819646
-7.597175
-7.279138
1.564207
-0.244644
-1.9727
-3.50949
-4.841974
-5.992519
-6.979817
-9.43881
-9.704005
11.075831
10.53448
11.441472
9.252741
9.909576
11.030177
11.037429
11.362967
7.055591
7.795922
8.467661
7.86423
0.506594
9.946179
10.535182
11.809642
11.619822
11.718971
11.819413
-2.978129
-3.205878
-1.752234
-1.860529
-3.235506
-10.356948
-10.035915
-9.788208
-10.066391
-5.507738
-4.423203
-4.507565
-5.853329
11.354468
11.519997
6.054444
-10.493388
-9.937649
-9.806435
-8.903405
11.384177
-0.132229
9.346956
2.357859
8.476666
8.832679
-9.358798
-8.429151
-7.963312
1.450797
3.994543
3.388182
5.277142
11.609112
11.104233
-6.992799
-7.33756
1.846745
0.128492
-1.54841
-3.017498
-4.462154
-5.674829
-6.693984
10.315297
10.814247
11.137703
9.103544
9.717702
