12.011971
12.413662
12.534104
11.963088
8.924803
8.177637
-1.900239
0.058369
10.750969
11.467062
11.299528
10.562438
13.156779
13.093926
12.897868
13.237888
-3.734695
-3.982938
-2.44981
-11.620912
-11.326791
-10.884207
-11.184116
-5.250423
-6.864595
-6.653427
-5.283988
12.644734
7.198788
4.815342
6.235189
-11.127818
-10.947069
-9.904817
-0.733168
9.797718
10.013182
2.069999
9.391212
9.008058
-8.95325
-9.438322
3.897476
13.078111
-8.183422
-7.855695
1.484823
-0.40207
-2.217004
-3.845422
-5.257223
-6.50816
-7.591344
-10.626604
-10.858786
12.450812
12.941157
12.111902
12.000342
12.610284
12.547663
7.419997
8.214288
8.969588
0.329766
-1.565535
10.743446
11.492623
13.232364
12.99832
13.152421
13.281325
-3.360778
-3.613726
-2.08495
-11.51318
-11.245962
-11.082555
-11.332224
-4.873092
-6.499442
-4.949939
-6.313241
12.773617
7.199141
6.331251
4.920969
-10.932902
-10.62936
-9.62245
-0.347756
9.770477
10.013826
2.304888
8.984504
9.392038
-9.093666
-8.581355
4.094387
13.127314
-7.496177
-7.874165
1.790749
-0.070205
-1.860021
-3.416438
-4.908422
-6.13893
-7.183303
9.762672
