10.313725
9.236623
14.2225
13.398315
13.807658
12.039271
11.271751
5.583358
7.568665
7.005249
4.022434
16.388811
16.891435
16.905416
16.477011
3.643762
3.94499
1.845925
1.725212
16.110146
15.694314
14.569596
15.251952
8.394737
8.274443
14.591642
5.70676
6.572048
8.681003
3.627066
16.296049
12.672001
15.630669
13.111066
13.272106
12.862272
11.509025
10.37567
15.222168
15.332808
14.858743
2.002056
12.692123
13.750241
15.700459
16.006887
16.127222
15.9826
15.666084
15.133909
14.514666
0.048228
-0.000397
10.459948
11.385755
9.400138
12.851011
12.176605
0.363192
-9.475216
-8.410469
-13.412597
-12.99592
-12.569942
-12.950968
-11.213621
-10.424159
-4.770997
-6.207464
-6.724687
-3.23071
-16.482298
-16.447152
-16.921277
-16.972476
-3.553454
-1.677666
-1.685115
-3.743426
-15.902838
-16.261919
-16.860307
-15.316499
-14.711465
-7.464139
-7.563433
-13.79103
-5.635742
-6.442714
-8.578594
-10.123951
-2.921787
-16.099525
-11.85703
-15.045214
-12.293923
-10.328101
-11.514616
-12.971932
-15.568451
-14.521358
-14.709878
-14.087437
-1.275347
-13.928526
-12.769654
-15.236119
-15.727573
-16.018451
-15.9486
-15.784652
-15.31946
-14.727188
-10.617568
-9.70417
-8.628451
-12.031281
-11.381861
