10.009808
8.959228
8.249233
9.405361
14.003121
13.167344
13.518917
15.840715
15.762443
11.733605
10.960673
11.389318
5.394817
6.169526
7.313417
6.799739
3.86488
15.664433
16.409641
16.483528
3.662125
3.937455
1.794201
1.702301
16.150925
14.660412
15.275539
8.151193
13.879267
14.869806
14.376668
5.79131
6.630592
8.813593
10.323317
16.265811
12.18985
12.36577
15.521574
12.814026
12.904554
13.054507
11.683515
10.562192
15.109867
1.875234
2.113711
12.842119
13.901458
15.602742
15.952269
16.121124
15.988521
15.699649
15.219672
14.651941
-0.034195
-0.045463
0.260113
0.215667
-9.498581
-7.735309
-8.437075
-13.519148
-13.038308
-12.660121
-15.608574
-15.858116
-11.233101
-10.44744
-4.83753
-6.253623
-6.770776
-3.32691
-15.807532
-16.60111
-16.570734
-17.078652
-3.70984
-1.771816
-1.823491
-3.938315
-16.013507
-16.375439
-15.482342
-14.888264
-7.608668
-13.37899
-13.889217
-14.391087
-5.858314
-6.707046
-8.869372
-10.446065
-16.22925
-11.732705
-11.880706
-15.207649
-12.450644
-12.332059
-10.633871
-11.829123
-13.224432
-14.689085
-14.880492
-14.24053
-1.64138
-1.359271
-14.143735
-13.057181
-15.392617
-15.872322
-16.165169
-16.092265
-15.913083
-15.455879
-14.88725
-10.71256
-9.797181
-12.132869
-11.480622
