10.302005
9.23346
14.197293
13.372513
13.801855
15.867386
12.022268
11.252456
5.613064
7.585042
7.013837
4.066201
16.395591
16.896529
16.484177
3.709909
4.008592
1.877153
1.763424
16.115906
15.710544
14.605126
15.273389
8.394466
8.265714
14.224303
15.105937
14.631065
5.802846
6.655689
8.787737
10.295951
3.657877
16.305264
12.656609
15.674331
13.096637
13.272966
12.934067
11.6037
10.483024
15.287908
15.389521
14.885271
2.027736
2.283956
12.770747
13.804398
15.735815
16.011986
16.13622
15.989688
15.67711
15.157323
14.55071
0.054596
0.01785
10.448692
11.373684
9.388426
12.822531
12.156323
0.370693
-9.549763
-8.489884
-13.448347
-13.04236
-12.614582
-12.97573
-15.460696
-11.267386
-10.484337
-4.849873
-6.275581
-6.820242
-3.299684
-15.589412
-16.429388
-16.421274
-16.90019
-16.929486
-3.578345
-1.687362
-1.70713
-3.77704
-15.831571
-16.194493
-15.249718
-14.637242
-7.519779
-7.642808
-13.855261
-6.474821
-8.601183
-10.13681
-2.962711
-16.109362
-11.907092
-15.103676
-12.526349
-12.344753
-10.33452
-11.49979
-12.923011
-14.603315
-14.786256
-14.148631
-1.558576
-1.294929
-13.861548
-12.73076
-15.289469
-15.733115
-15.98764
-15.889786
-15.714466
-15.244715
-14.65349
-10.670988
-9.764
-8.682114
-12.077482
-11.430507
