11.602636
11.978225
7.133157
8.663773
8.016571
0.149322
10.387263
11.054217
12.488897
12.397188
12.245085
12.527737
-3.69657
-3.723493
-2.23974
-10.692099
-10.330355
-9.94402
-10.265273
-4.896903
-5.934942
-6.274962
-4.99241
12.135516
11.907688
7.127911
4.797385
6.169323
-10.943878
-10.27014
-10.211266
-9.270093
11.957245
-0.604515
9.717526
2.130272
9.134811
8.840571
-8.355111
-8.848584
-9.821354
3.914581
3.225219
5.251059
11.663201
12.20701
-7.705692
-7.384417
1.549806
-0.29225
-2.044306
-3.595728
-4.934081
-6.092701
-7.08715
-9.714093
-9.978443
11.227005
10.671348
11.613
9.35004
10.028049
11.404198
11.354692
11.709059
7.170108
7.943033
8.616818
7.98296
0.503961
10.185243
10.814827
12.214734
11.985676
12.11522
12.263113
-3.023225
-3.230014
-1.76852
-1.868505
-3.249134
-10.6103
-10.298911
-10.056015
-10.325014
-5.530663
-4.449235
-4.557585
-5.89455
11.676484
11.875283
6.16417
-10.137176
-9.953844
-9.010592
11.765894
-0.126007
9.552815
2.392702
8.66833
9.012868
-9.467743
-8.500646
-8.01183
4.065851
3.457601
5.368487
12.055041
11.505864
-7.027659
-7.383602
1.884237
0.129126
-1.571906
-3.053971
-4.50047
-5.706719
-6.72039
10.542134
11.07192
11.424688
9.275737
9.916075
