10.556062
9.466541
14.356844
13.538582
14.052517
12.282582
11.515865
5.799122
7.820665
7.185881
4.236625
16.562901
17.04976
17.079275
16.656591
3.773374
4.074272
1.929106
1.815663
16.242781
15.812644
14.691368
15.403757
8.597396
8.41926
14.906586
5.894827
6.73274
8.885327
10.380456
3.791508
16.487784
12.909586
15.933313
13.341282
13.601766
12.982987
11.667083
10.565513
15.558074
15.644488
15.10989
2.123722
2.373596
12.841072
13.864971
15.973431
16.198956
16.31553
16.162029
15.803177
15.252822
14.623378
0.100365
0.062863
10.595051
11.521514
9.539845
12.962278
12.298607
0.385518
-9.916074
-8.841712
-13.629708
-13.314545
-12.831874
-13.103525
-11.595707
-10.834406
-5.124161
-6.550543
-7.175808
-3.520261
-16.341082
-16.406535
-16.887174
-16.855508
-1.634414
-1.654852
-3.690339
-15.659762
-16.057573
-15.071674
-14.393943
-7.767056
-7.962413
-14.094451
-6.337192
-8.411182
-9.922773
-3.125835
-16.173354
-12.216217
-15.25952
-12.886039
-12.640743
-11.227144
-12.627487
-15.74735
-14.798182
-14.967173
-14.331533
-1.665006
-1.376444
-13.579275
-12.455706
-15.431694
-15.799631
-15.96756
-15.785021
-15.55722
-15.037325
-14.406733
-10.893048
-10.000116
-8.927248
-12.281133
-11.641095
