12.019767
12.446281
7.21611
8.809993
8.193536
10.708281
11.427756
13.118644
13.025188
12.751381
13.308198
-3.876718
-3.890212
-2.512359
-2.406
-11.319832
-10.931757
-10.532721
-10.878137
-5.066419
-6.098646
-6.459489
-5.183949
12.628698
12.301355
6.288463
-11.561415
-10.80931
-10.651927
-9.601898
12.517694
-0.724375
9.987642
2.111251
9.364835
9.122245
-8.541049
-9.075929
-10.131443
3.964765
3.24817
5.312923
12.350764
13.072535
-7.895587
-7.562393
1.51979
-0.406294
-2.208823
-3.77901
-5.112579
-6.267818
-7.257734
-10.295619
-10.564498
11.495761
10.908217
11.931256
9.512048
10.227781
12.188531
12.031328
12.44864
7.415061
8.273461
8.929838
8.214375
10.694798
11.404492
13.077653
12.73714
12.986802
13.243859
-3.191895
-1.729846
-1.8011
-3.176526
-10.823706
-10.573029
-10.811879
-5.467982
-4.402223
-4.592272
-5.895779
12.321176
12.626634
6.422759
-10.508302
-10.211409
-9.164662
12.539943
-0.050437
9.996127
2.51286
9.111774
9.406223
-8.550304
-7.993863
1.628168
4.258212
3.645572
5.583241
13.036106
12.347275
-6.996754
-7.383352
2.013636
0.182118
-1.562157
-3.058687
-4.495231
-5.674883
-6.664038
10.97856
11.565582
11.992029
9.618817
10.301907
