9.668465
8.629421
7.828979
8.926687
13.181506
15.773243
15.629078
11.402804
10.628865
9.969428
10.871636
5.092951
5.779483
6.962793
3.566455
15.597992
16.414291
16.469994
3.522623
3.773057
1.655538
1.581228
16.182862
13.85434
14.681171
15.24889
7.855609
12.547103
13.393378
14.487677
14.017579
5.657952
6.496554
8.711851
10.238191
11.676757
12.030566
15.279355
15.031916
12.487687
12.454873
13.109809
11.661894
10.523861
14.810142
1.886771
12.829843
13.950056
15.394729
15.870217
16.087896
15.974461
15.710228
15.263478
14.727388
-0.149325
-0.144591
0.118235
0.06755
-9.337718
-8.64754
-7.499418
-8.268652
-13.556004
-12.970392
-12.655039
-15.773288
-16.134931
-11.118741
-10.67322
-10.321612
-4.720004
-6.137717
-6.586544
-5.445553
-3.270096
-16.13949
-16.873369
-16.781606
-3.838869
-1.86229
-1.937088
-4.092301
-16.322363
-16.677606
-14.585775
-15.846538
-15.285091
-7.463388
-13.219596
-13.845823
-14.322311
-6.052622
-6.948985
-9.167208
-10.805506
-16.359252
-11.50998
-11.780772
-15.257049
-12.287682
-12.247881
-10.98989
-12.247789
-13.651881
-14.687081
-1.694403
-1.41047
-14.569918
-13.501827
-15.447594
-16.030641
-16.415793
-16.40894
-16.240249
-15.804799
-15.262852
-12.137985
