10.1472
9.091616
14.099063
13.270217
13.649489
15.7482
11.863687
11.091908
5.501227
7.442617
6.909331
3.964437
15.594177
16.299078
16.384374
3.674773
3.971518
1.84639
1.733303
16.043312
15.653541
14.557866
15.198671
8.270973
8.171586
14.012994
14.924341
14.466864
5.753279
6.613942
8.736241
10.25158
3.577674
16.198778
12.502305
15.522282
12.947403
13.073529
12.911541
11.572807
10.441564
15.12972
15.240343
14.751488
1.969551
2.228681
12.734942
13.773809
15.596276
15.902267
16.032156
15.889913
15.60492
15.104336
14.512423
0.026226
-0.00898
10.359045
11.283406
9.295465
12.736054
12.068966
0.359828
-9.339093
-8.287792
-13.346237
-12.886234
-12.491404
-15.419995
-11.078279
-10.282817
-4.693718
-6.118351
-6.616748
-3.17521
-15.653709
-16.4824
-16.432212
-16.909783
-16.974078
-3.633568
-1.720485
-1.741134
-3.83257
-15.932515
-16.275324
-15.355655
-14.781173
-7.378442
-7.459857
-13.719935
-5.744576
-6.561507
-8.718705
-10.268829
-2.870186
-16.075429
-11.729154
-15.018124
-12.318005
-12.174793
-10.48017
-11.66512
-13.099516
-14.495687
-14.686686
-14.047205
-1.500244
-1.249942
-14.029141
-12.896393
-15.211586
-15.697984
-16.002124
-15.952818
-15.807391
-15.366848
-14.799048
-10.545324
-9.630254
-8.54206
-11.962519
-11.311499
