11.35677
11.703459
7.082975
8.577369
7.910807
0.206956
10.198094
10.834098
12.124622
12.030043
11.952298
12.07769
-3.412458
-3.596817
-2.14739
-10.346085
-10.000663
-9.62229
-9.929066
-4.803939
-5.84641
-6.174068
-4.886004
11.84776
11.680131
7.007778
4.745404
6.097814
-10.601455
-9.974074
-9.971192
-9.091148
11.637464
-0.538479
9.558017
2.138959
8.998719
8.672622
-8.257484
-8.728544
-9.655753
3.883398
3.209572
5.212996
11.272976
11.711979
-7.604472
-7.289082
1.564841
-0.228876
-1.952102
-3.493332
-4.835402
-5.997291
-6.995743
-9.397681
-9.6584
11.072622
10.534913
11.429033
9.255488
9.912522
10.961007
10.964307
11.283677
7.027076
7.749678
8.434855
0.47879
9.890206
10.473975
11.720686
11.556805
11.613153
11.701537
-3.007187
-3.258414
-1.796907
-1.9142
-3.298008
-10.335953
-10.013656
-9.776725
-10.061023
-5.573274
-4.482779
-4.54359
-5.900421
11.309446
11.444406
6.012794
-10.466017
-9.936604
-9.818599
-8.93377
11.326742
-0.174844
9.295567
2.319772
8.408809
8.78385
-9.399596
-8.483175
-8.031811
3.952382
3.346491
5.242849
11.49619
11.028865
-7.053193
-7.392563
1.805804
0.093835
-1.582937
-3.057227
-4.50971
-5.731644
-6.760148
10.294139
10.792562
11.102407
9.078573
9.695924
