10.098718
9.055476
8.394677
9.557547
14.037957
13.2059
13.61239
15.837448
15.782538
11.811455
11.03615
11.544258
5.519579
6.329959
7.437031
6.893424
4.004722
15.667004
16.378925
16.460274
3.774263
4.057894
1.875226
1.781996
16.115461
13.950495
14.666746
15.280535
8.241139
14.073492
15.048377
14.5176
6.754037
8.940155
10.43389
16.264474
12.341721
12.448663
15.617515
12.895599
13.038392
11.76982
10.664032
15.250249
1.976563
2.213203
12.907535
13.918353
15.679917
15.95477
16.107008
15.965445
15.678945
15.202215
0.013958
0.006939
0.327839
0.27468
-9.564816
-7.852411
-8.514362
-13.498527
-13.055848
-12.659242
-15.526711
-15.707261
-11.266688
-10.487707
-4.907701
-6.312712
-6.869703
-3.371674
-15.627564
-16.447129
-16.454562
-3.693975
-1.751492
-1.804336
-3.919249
-16.204436
-13.970222
-15.292716
-14.690595
-7.682279
-13.449668
-13.919551
-14.452867
-6.657728
-8.796893
-10.341722
-16.1668
-11.800381
-11.908322
-15.208305
-12.498156
-12.356081
-11.684187
-14.726952
-14.908227
-14.246379
-1.629155
-1.337785
-13.947929
-12.878234
-15.388771
-15.792551
-16.027585
-15.916182
-15.732493
-15.271703
-14.700335
-10.726017
-9.821951
-12.131752
-11.48462
