11.427065
11.821511
11.947734
11.415901
7.046456
8.577917
7.895834
-1.829861
0.076544
10.246577
10.89198
10.116881
12.444584
12.429235
12.249041
12.197926
12.536392
-3.615102
-3.816968
-2.349264
-11.173798
-10.835962
-10.477048
-10.786956
-5.027719
-6.681303
-6.42825
-5.110863
12.021101
7.006326
4.728563
6.084209
-10.71246
-10.6304
-9.634088
-0.704666
9.401687
9.589589
2.061017
9.016636
8.67435
-9.160264
-10.198071
3.850193
11.834262
12.338687
-7.936686
-7.582068
1.479961
-0.371471
-2.130695
-3.694347
-5.05292
-6.241175
-10.289085
-10.525113
11.664365
12.146685
11.334738
11.805709
11.7292
7.110127
7.85805
8.562148
0.395196
-1.425672
10.137353
10.773562
12.307591
12.093388
12.129088
12.386506
-3.15837
-3.380471
-1.917732
-11.054174
-10.809376
-10.602581
-10.801231
-4.593118
-6.260672
-4.703658
-6.050905
11.93107
6.92972
6.10231
4.79774
-10.517953
-10.33063
-9.34033
-0.256469
9.260276
9.496046
2.302571
8.560142
8.941782
-8.789863
4.005315
3.391562
5.319277
12.266595
11.736005
-7.209516
-7.60312
1.790507
0.009555
-1.707072
-3.19908
-4.645571
-5.855924
-6.884589
10.621152
11.196155
9.276215
9.960305
