11.938611
12.285085
7.313885
8.8976
8.211019
0.226855
10.687967
11.394778
12.741069
12.667359
12.532327
12.672476
-3.661587
-3.683495
-2.267161
-2.170785
-10.438955
-10.105931
-9.648989
-9.95904
-4.849113
-4.900998
-5.98302
-6.260532
-4.958582
12.428099
12.206656
7.248183
4.862116
6.274841
-10.67871
-10.057898
-9.986802
12.188405
-0.510598
9.975718
2.18696
9.370144
9.052344
-8.361647
-8.757307
-9.694785
3.964545
3.283007
5.350289
11.786144
12.266474
-7.657472
-7.380866
1.608856
-0.215053
-1.979886
-3.561795
-4.928186
-6.115299
-7.132778
-9.347239
-9.623853
11.497526
10.948693
11.914226
9.606881
10.300242
11.456495
11.617525
11.948921
7.317416
8.100039
8.800023
8.16903
10.417854
11.088129
12.431258
12.228145
12.335694
12.386759
-3.323362
-1.815655
-1.919564
-3.352864
-10.444977
-10.067292
-9.837185
-10.198598
-5.690108
-4.58395
-4.568005
-4.630089
-5.987413
11.9165
12.1056
6.248605
-10.524431
-10.037395
-9.824533
-8.944357
11.968324
-0.146766
9.757476
2.394496
8.837102
9.200378
-9.426942
-8.521344
-8.12158
1.480247
4.079325
3.476223
5.437749
12.101084
11.614763
-7.137035
-7.445328
1.882553
0.120222
-1.604265
-3.119876
-4.603391
-5.83356
-6.860477
10.755494
11.284187
11.639743
9.468689
10.117556
