11.140933
11.455726
11.375877
7.054836
8.528801
7.816398
-1.57273
0.263238
10.043205
10.65148
11.809984
11.678341
11.721674
11.660605
-3.319083
-3.528587
-2.071939
-10.092359
-9.782062
-9.400152
-9.684055
-4.759064
-6.123741
-4.810502
11.598269
6.874753
4.685639
6.024458
-10.325422
-9.7699
-9.812267
-8.989997
-0.478811
9.14394
9.42531
2.139318
8.886786
8.501858
-8.256553
-8.694807
-9.588604
3.84221
5.175944
10.973174
11.268515
-7.572907
-7.26494
1.572297
-0.169225
-1.869372
-3.414354
-4.776866
-5.962487
-6.984699
-9.174457
-9.424437
9.214095
9.861654
10.618187
10.635323
10.926559
6.902466
7.566435
8.283291
0.411799
-1.343744
9.639729
10.191432
11.312944
11.23044
11.168095
11.206242
-3.057045
-3.37492
-1.898338
-2.041477
-3.443667
-10.169676
-9.840665
-9.627777
-9.930141
-5.72138
-4.615151
-4.607933
-5.995703
11.047459
11.092239
6.60356
5.858978
4.581847
-10.301383
-9.843248
-9.782048
-8.959611
11.007252
-0.281947
9.072002
2.210285
8.151866
8.578624
-9.449887
-8.582399
-8.176003
3.815935
3.212003
5.115746
11.012994
10.657396
-7.183818
-7.505413
1.688142
0.008675
-1.65635
-3.136985
-4.607345
-5.854644
-6.908434
10.134918
10.617834
10.880748
8.935465
9.548464
