10.603959
9.481774
14.423809
13.603337
14.090199
12.35869
11.599098
5.722003
7.78817
7.152371
4.117986
16.805426
17.305553
17.326616
16.887591
3.622991
3.90579
1.816664
1.71071
17.029676
16.454646
15.998813
14.785365
15.536866
8.598214
8.42683
14.52722
14.88894
5.74657
6.58094
8.761046
10.272078
16.680546
12.967826
16.003468
13.394683
13.630835
13.00048
11.59227
10.482385
16.254863
15.552057
15.671361
15.127963
2.006382
2.248955
12.810972
13.920302
16.059566
16.385044
16.53388
16.392503
15.983936
15.402806
14.752083
0.041261
0.000491
10.620929
11.565314
9.555784
13.030176
12.359961
0.251511
0.195154
-10.18039
-9.069288
-13.880915
-13.577351
-13.07994
-13.345412
-11.8832
-11.132557
-5.289281
-6.735003
-7.367802
-3.68281
-16.569152
-16.639386
-17.080435
-17.049308
-3.452394
-1.632849
-1.658702
-3.666203
-15.829621
-16.266445
-16.871822
-15.28163
-14.551803
-7.964449
-8.165774
-14.305638
-6.329308
-8.397217
-9.950919
-3.272095
-16.385351
-12.495646
-15.450383
-13.172798
-12.915519
-10.094643
-11.27152
-12.699743
-15.905783
-14.958201
-15.132723
-14.539574
-1.821534
-1.519145
-13.697926
-12.560285
-15.615949
-16.050852
-16.240585
-16.043021
-15.765646
-15.20054
-14.537051
-11.118707
-10.218168
-9.133524
-12.516908
-11.873745
