11.59257
11.941487
11.992248
7.181204
8.729397
8.020646
-1.693461
0.194994
10.406709
11.070965
12.428553
12.284282
12.250862
12.371125
-3.472542
-3.686115
-2.202321
-10.599603
-10.283112
-9.867125
-10.164672
-4.925258
-6.010676
-6.298999
-4.977649
12.106748
7.069092
4.771164
6.151095
-10.809054
-10.212727
-10.163926
-9.26093
-0.558817
9.519049
9.731557
2.13394
9.152149
8.792327
-8.459626
-8.902991
-9.86315
3.89271
3.214102
5.253978
11.626244
12.037544
-7.752846
-7.446963
1.558593
-0.247384
-1.996023
-3.57106
-4.944419
-6.143908
-7.177295
-9.61405
-9.867712
9.440957
10.129564
11.339392
11.803881
11.301592
11.643206
7.155256
7.889972
8.608197
0.423765
-1.387776
10.149576
10.785596
12.135969
11.973559
11.985933
12.095659
-3.130724
-3.407258
-1.911443
-2.035287
-3.453572
-10.60079
-10.275799
-10.067952
-10.369804
-5.757926
-4.655514
-4.691846
-6.061707
11.701065
11.821186
6.914053
6.097569
4.767222
-10.665882
-10.18017
-10.011702
-9.119936
-0.250371
9.513811
2.295246
8.570268
8.969348
-9.612652
-8.683365
-8.246175
3.971042
3.36454
5.313931
11.887144
11.443604
-7.23417
-7.568876
1.778774
0.02811
-1.685158
-3.193084
-4.669999
-5.905445
-6.946764
10.598534
11.136757
11.460682
9.299125
9.958953
