12.312175
12.646473
7.482228
9.124786
8.412031
11.01045
11.762269
13.095991
13.035337
12.887838
12.973622
-3.675908
-3.690881
-2.240336
-2.15346
-10.380534
-10.065674
-9.547427
-9.853578
-4.898426
-4.945538
-6.063127
-6.293455
-4.976472
12.784036
12.545883
7.392998
4.934883
6.38898
-10.607073
-10.012456
-9.90806
12.511542
-0.461625
10.25123
2.228727
9.617496
9.291334
-8.413851
-8.738494
-9.666692
1.243635
4.016798
3.335372
5.446084
12.050035
12.518127
-7.664651
-7.421977
1.650037
-0.178345
-1.965595
-3.577398
-4.966313
-6.176792
-7.212863
-9.184854
-9.472308
11.784606
11.233875
12.237877
9.857192
10.572341
11.685281
11.992524
12.319951
7.49581
8.305913
9.024119
8.376872
10.728639
11.451409
12.812462
12.605374
12.721031
12.718365
-3.394439
-1.848123
-1.948907
-3.424783
-10.430058
-10.003394
-9.78266
-10.212986
-5.810364
-4.687304
-4.676977
-4.700597
-6.067276
12.267032
12.471929
6.377799
-10.478681
-10.045779
-9.782009
-8.929698
12.318607
-0.14847
-0.339802
10.029542
2.422468
9.078575
9.446402
-9.430627
-8.554294
-8.212165
1.502711
4.134155
3.53424
5.544358
12.369463
11.903423
-7.22358
-7.499858
1.909714
0.123321
-1.630922
-3.177945
-4.689964
-5.93395
-6.96644
11.035196
11.576882
11.951675
9.70866
10.375156
