10.533756
9.449422
14.344357
13.794559
13.526788
14.029305
12.255032
11.487584
5.789655
7.803969
7.17911
4.230765
16.473143
16.958038
16.986205
16.569766
3.767918
4.076051
1.937841
1.817067
16.165707
15.737486
14.631587
15.339329
8.58452
8.413513
14.866262
5.865407
6.71429
8.840554
10.340165
3.790545
16.410564
12.886818
15.864083
13.319831
13.571469
12.922949
11.617977
10.508639
15.495615
15.579397
15.071101
2.135162
2.393737
12.789359
13.805276
15.906621
16.126459
16.230829
16.075424
15.7319
15.184006
14.553451
0.11101
0.066021
10.585963
11.507427
9.533812
12.953108
12.285392
0.420255
-9.758376
-8.692689
-13.515587
-13.183451
-12.710058
-13.003538
-11.448238
-10.677689
-4.999561
-6.427704
-7.025854
-3.406958
-16.314791
-16.354708
-16.843927
-16.831686
-3.489636
-1.631271
-1.641156
-3.679059
-15.669774
-16.050665
-15.066569
-14.414271
-7.65097
-7.822873
-13.968475
-6.325232
-8.411233
-9.918431
-3.041308
-16.097281
-12.075093
-15.149182
-12.501322
-11.241422
-12.659166
-15.655771
-14.677949
-14.850135
-14.212259
-1.584667
-1.313497
-13.608875
-12.468982
-15.327915
-15.714466
-15.907304
-15.754841
-15.553716
-15.054119
-14.435343
-10.771487
-9.875393
-8.809996
-12.162823
-11.521547
