10.061444
8.986682
8.242349
14.07106
13.235697
13.559262
15.922114
15.83371
11.802631
11.035382
5.344213
7.299468
6.790064
3.780485
15.73399
16.50393
17.034664
16.573474
3.530332
3.802254
1.718341
1.620677
16.23201
15.83504
14.658289
15.308549
8.167449
13.822787
14.783416
14.343046
5.625815
6.477886
8.644352
10.173496
16.339878
12.230772
12.425648
15.513965
12.870292
12.939565
12.976776
11.544717
10.406254
15.047888
15.196071
14.68312
1.807751
2.053375
12.740062
13.860232
15.609576
16.029254
16.204676
16.078361
15.762711
15.253818
14.660984
-0.060339
-0.087427
12.71613
12.048047
0.20249
-9.533217
-8.45104
-13.582234
-13.099579
-12.713918
-15.703091
-11.29885
-10.510948
-4.823083
-6.259563
-6.75209
-3.31951
-15.966776
-16.74351
-16.687445
-17.122404
-17.197324
-3.658531
-1.75528
-1.793916
-3.881526
-16.150437
-16.524781
-15.62813
-15.018876
-7.536884
-7.611244
-13.396777
-13.907054
-14.361849
-5.797996
-6.654195
-8.821902
-10.424245
-16.300546
-11.946531
-15.218619
-12.520247
-12.394211
-10.607104
-11.842716
-13.288353
-14.662861
-14.862076
-14.25659
-1.663734
-1.394342
-14.247964
-13.12235
-15.406358
-15.963585
-16.302375
-16.251705
-16.064078
-15.591874
-15.006763
-10.747678
-9.822713
-8.710087
-12.179157
-11.523292
