11.773148
12.101973
12.118637
7.284971
8.860608
8.12915
-1.641132
0.247893
10.570199
11.255759
12.544749
12.415387
12.393464
12.415728
-3.425537
-3.651926
-3.69163
-2.149709
-10.402187
-10.102514
-9.645295
-9.935684
-4.913663
-6.023816
-6.275028
-4.943649
12.255957
7.133711
4.807178
6.209678
-10.6077
-10.044926
-9.994927
-9.128113
-0.494508
9.645665
9.872512
2.170509
9.281488
8.907609
-8.443254
-8.825841
-9.758803
3.92179
3.249318
5.311349
11.655898
12.023551
-7.705809
-7.42768
1.59709
-0.193893
-1.947102
-3.538257
-4.927139
-6.141941
-7.187439
-9.34939
-9.611109
9.583716
10.278483
11.319756
11.420578
11.744139
7.230646
7.967814
8.700692
0.42799
10.260572
10.915808
12.214264
12.071653
12.069464
12.113329
-3.149933
-3.456468
-1.934107
-2.060878
-3.50994
-10.461776
-10.094619
-9.892976
-10.252577
-5.846876
-4.729279
-4.72565
-6.108448
11.802878
11.91451
6.95532
6.136142
4.775892
-10.52075
-10.08808
-9.908359
-9.060047
-0.260458
9.612344
2.294229
8.65032
9.061072
-9.567248
-8.680444
-8.300349
3.971932
3.368848
5.345377
11.856304
11.455059
-7.290913
-7.59504
1.775453
0.025499
-1.698487
-3.224603
-4.723336
-5.973698
-7.023213
10.696596
11.229432
11.551713
9.393391
10.054153
