10.383969
9.289401
14.281165
13.45732
13.873246
12.122345
11.358317
5.589673
7.602929
7.02597
4.008923
16.524601
17.029904
17.042775
16.608994
3.596749
3.890668
1.810687
1.693559
16.785272
16.224911
15.793888
14.628275
15.335132
8.435587
8.307815
14.641364
5.667953
6.528097
8.653976
3.614756
16.414076
12.746181
15.71425
13.181599
13.350033
12.883276
11.495325
10.362972
15.986475
15.277133
15.398085
14.912629
1.973251
2.233113
12.69775
13.788536
15.786046
16.122773
16.25536
16.114342
15.767887
15.217332
14.585262
0.032849
-0.016659
10.499449
11.433046
9.436445
12.905937
12.229728
0.310188
-9.663569
-8.580738
-13.55641
-13.163325
-12.720089
-13.079571
-11.403015
-10.622725
-4.899483
-6.343638
-6.881606
-3.346855
-16.557744
-16.540759
-16.998833
-17.036903
-3.521265
-1.666959
-1.677485
-3.717777
-15.936132
-16.318798
-16.911476
-15.365658
-14.725279
-7.599552
-7.71708
-13.931094
-5.598108
-6.413651
-8.536001
-10.093747
-3.018093
-16.202009
-16.665028
-12.038998
-15.159775
-12.471353
-10.280221
-11.478041
-12.940674
-15.663764
-14.632005
-14.819766
-14.214774
-1.352708
-13.918455
-12.756622
-15.344905
-15.846828
-16.127624
-16.033031
-15.837136
-15.342667
-14.728754
-10.759715
-9.846271
-8.767065
-12.173618
-11.524401
