11.950125
12.307368
7.297236
8.874575
8.213458
10.686111
11.394931
12.772241
12.721398
12.536
12.742471
-3.665276
-3.680226
-2.277281
-2.185272
-10.472946
-10.121196
-9.675408
-9.995351
-4.82842
-4.888937
-5.951651
-6.249915
-4.964137
12.446662
12.190175
6.284901
-10.730543
-10.077784
-10.002129
12.183162
-0.528092
9.975266
2.18662
9.367788
9.077517
-8.317069
-8.732034
-9.67413
1.185391
3.974972
3.289008
5.351178
11.804512
12.34011
-7.636238
-7.354017
1.606379
-0.232554
-1.999118
-3.571585
-4.923613
-6.093865
-7.095192
-9.382004
-9.663454
11.463015
10.911303
11.886223
9.573535
10.262691
11.485231
11.645823
11.982168
7.326919
8.12608
8.807629
8.159403
10.438068
11.106459
12.469505
12.238467
12.39563
12.460907
-3.249591
-1.755561
-1.849356
-3.267693
-10.445398
-10.072092
-9.827274
-10.176642
-5.59638
-4.498658
-4.472641
-4.574238
-5.917939
11.911091
12.133611
6.278877
-10.539157
-10.016799
-9.796958
-8.896143
11.972086
-0.094042
-0.28242
9.77852
2.436194
9.22299
-9.364071
-8.443648
-8.023742
1.530031
4.120134
3.516396
5.462548
11.643627
-7.051093
-7.367433
1.927598
0.163221
-1.556536
-3.061812
-4.533121
-5.751326
-6.76671
10.73593
11.260984
11.628924
9.462814
10.103524
