10.295858
9.196812
14.23602
13.407777
13.78435
12.044433
11.281754
5.484451
7.493918
6.938758
3.89524
16.595541
17.113379
17.119472
16.671426
3.524142
3.805265
1.743428
1.634678
16.867033
16.295002
15.86625
14.666596
15.368381
8.349393
8.241388
14.07552
14.963144
14.537775
5.602552
6.459497
8.606297
3.521423
16.451663
12.662195
15.670293
13.098992
13.226966
12.915915
11.483093
10.345546
15.198406
15.339099
14.843266
1.881071
2.134363
12.698297
13.827067
15.755264
16.152166
16.308759
16.17646
15.823799
15.276253
14.64945
-0.016465
-0.060311
10.444982
11.387665
9.373882
12.86778
12.191732
0.232086
-9.703183
-8.608549
-13.643869
-13.225158
-12.795833
-13.177892
-11.459425
-10.679823
-4.924443
-6.372805
-6.897342
-3.38724
-16.693215
-16.663985
-17.101679
-17.15276
-3.552258
-1.694515
-1.715308
-3.761363
-16.062909
-16.455255
-17.028569
-15.520652
-14.8739
-7.64032
-7.74481
-13.988376
-5.65012
-6.487288
-8.622727
-10.208806
-3.056683
-16.301451
-12.096751
-15.237508
-12.711028
-12.53252
-10.384875
-11.610541
-13.078136
-15.727743
-14.689781
-14.883255
-14.292414
-1.677335
-1.411117
-14.065748
-12.909849
-15.421579
-15.964933
-16.273019
-16.188985
-15.980329
-15.478717
-14.863479
-10.825987
-9.906105
-8.812608
-12.249122
-11.596651
