9.939005
8.867274
8.067854
14.008764
13.170229
13.433904
15.736798
11.68238
10.915537
5.221016
7.16225
6.691508
3.653176
15.639575
16.427564
16.967735
16.959187
16.49339
3.44194
3.713216
1.662273
1.560214
16.17555
15.782775
14.595079
15.234327
8.060967
13.597233
14.56646
14.170178
5.502224
6.370366
8.512179
16.250527
12.037333
12.306965
15.35279
12.755012
12.768009
12.903429
11.442038
10.284355
14.860729
15.025241
14.548175
1.731968
1.986173
12.647633
13.795276
15.46635
15.939915
16.118873
15.998332
15.701016
15.19772
14.606886
-0.092692
-0.127674
10.235659
11.180451
12.666535
11.991108
0.180628
-9.307602
-8.227275
-13.479372
-12.942464
-12.585909
-15.674851
-11.108888
-10.305903
-4.636282
-6.081014
-6.513008
-3.167513
-16.078493
-16.841168
-16.728365
-17.156513
-17.278413
-3.685361
-1.776432
-1.806705
-3.902663
-16.300589
-16.656585
-17.195877
-15.781196
-15.207831
-7.382238
-7.402831
-13.187308
-13.751746
-14.187028
-5.839874
-6.704227
-8.905539
-10.529952
-2.8938
-16.274395
-11.76864
-15.109703
-12.314688
-12.222395
-10.72801
-11.999146
-13.48185
-14.515392
-14.726106
-14.132737
-1.593977
-1.347715
-14.449869
-13.30043
-15.307636
-15.94165
-16.352144
-16.364035
-16.208418
-15.762657
-15.195337
-10.609694
-9.672472
-8.558506
-12.056437
-11.395054
