9.740754
8.696041
7.899965
9.013533
13.004924
13.249945
15.77079
15.644597
11.474605
10.701867
10.064444
10.969745
5.139086
5.835842
7.024249
3.605637
15.59202
16.394785
16.454547
3.518203
3.776238
1.67038
1.587794
16.160382
14.649418
15.232991
7.914484
13.460146
14.519568
14.065532
5.6336
6.480273
8.673183
10.202646
11.777194
12.103301
15.296242
12.558349
12.542004
13.053211
11.611854
10.469765
14.829268
1.693057
1.928564
12.785259
13.903498
15.409025
15.872334
16.075975
15.959196
15.690568
15.231346
14.682388
-0.12689
-0.132517
0.149723
0.111597
-9.307753
-7.469885
-8.239345
-13.511597
-12.939489
-12.613637
-15.719315
-16.081207
-11.09106
-10.291598
-4.684616
-6.107539
-6.552469
-3.22894
-16.092418
-16.838578
-16.741954
-17.280383
-3.800017
-1.838379
-1.900612
-4.042255
-16.295143
-16.647018
-15.803156
-15.24293
-7.430941
-13.193325
-13.80206
-14.273533
-5.996799
-6.881428
-9.094809
-10.724406
-16.31474
-11.501139
-11.753
-15.199626
-12.270572
-12.216776
-10.915224
-12.17114
-13.592999
-14.627119
-14.215036
-1.652425
-1.37968
-14.519748
-13.431387
-15.392627
-15.980841
-16.36892
-16.367211
-16.206432
-15.772167
-15.226217
-12.094314
-11.433156
