11.401718
11.706809
11.5334
11.048191
8.72551
7.943608
-1.58298
0.273182
10.284949
10.923876
10.511502
9.913648
12.116665
11.815301
11.914817
11.912984
-3.359342
-3.614591
-2.110043
-10.302892
-10.041523
-9.605029
-9.86966
-4.895385
-6.260978
-4.897361
11.873131
6.923215
4.706319
6.07917
-10.471655
-9.981035
-9.979064
-9.150761
9.265339
9.626098
2.139108
9.066633
8.620403
-8.505501
-8.889899
-9.810684
3.846637
11.331563
11.543795
-7.741031
-7.451559
1.572916
-0.166367
-1.892255
-3.483062
-4.892989
-6.134803
-7.209377
-9.336594
-9.575986
10.98744
11.326053
10.979874
11.09429
11.287766
7.038426
7.700949
8.470515
0.324569
-1.471284
9.908577
10.519242
11.72532
11.671374
11.517581
11.557113
-3.2285
-3.602034
-2.074036
-3.688739
-10.42906
-10.087907
-9.919211
-10.258044
-6.008695
-4.880604
-4.816742
-6.231787
11.475136
6.661725
5.926439
4.579175
-10.479291
-10.104815
-9.99532
-9.189319
-0.408636
8.887335
9.295357
2.14793
8.29182
8.765367
-9.722518
-8.860033
-8.493562
3.799912
5.172703
11.355535
11.068719
-7.456273
-7.761954
1.61993
-0.098247
-1.807093
-3.334426
-4.843938
-6.117823
-7.196217
9.184247
9.849066
