10.498565
9.391813
14.346055
13.523252
13.989621
12.245135
11.482574
5.674235
7.710949
7.096137
4.086881
16.711838
17.214747
17.23451
16.79385
3.644151
3.927732
1.824249
1.719659
16.950868
16.380004
15.940736
14.752978
15.477543
8.522519
8.365518
14.421704
15.28613
14.803105
5.767604
6.603541
8.780487
10.289897
16.589112
12.86007
15.913077
13.291047
13.50479
13.005691
11.613201
10.501931
15.476068
15.593192
15.051444
1.996274
2.239187
12.817312
13.909557
15.971906
16.291402
16.439996
16.298835
15.915825
15.354813
14.720093
0.034764
-0.000993
10.55883
11.499877
9.493023
12.95848
12.291184
0.26737
0.214902
-10.034139
-8.935297
-13.79132
-13.456204
-12.980618
-11.74037
-10.98246
-5.192641
-6.631544
-7.243189
-3.602942
-16.551173
-16.603106
-17.050756
-17.034344
-3.499379
-1.656253
-1.685537
-3.713917
-15.844205
-16.263998
-16.867492
-15.294561
-14.593586
-7.864994
-8.047129
-14.210362
-6.393159
-8.477969
-10.031242
-16.335549
-12.359746
-15.386864
-13.017899
-12.78543
-10.185835
-11.361416
-12.781989
-15.8526
-14.892924
-15.069855
-14.46458
-1.772986
-1.475989
-13.762278
-12.634023
-15.556577
-15.9931
-16.198918
-16.024867
-15.769828
-15.228032
-14.584147
-11.023894
-10.121495
-9.032916
-12.424935
-11.780507
