12.338146
12.743182
7.381264
9.033306
8.36868
10.994776
11.751996
13.400597
13.296378
13.061127
13.504078
-3.885208
-3.899398
-2.478159
-2.375947
-11.232786
-10.879184
-10.414974
-10.747192
-5.060305
-5.117105
-6.199729
-6.498422
-5.193741
12.92432
12.616735
7.429446
4.935284
6.379378
-11.445262
-10.747836
-10.565725
-9.544342
-0.663496
10.231314
2.148655
9.585548
9.308486
-8.630238
-9.083196
-10.125701
4.000714
3.288632
5.396731
12.564374
13.220723
-7.922063
-7.62446
1.558798
-0.356295
-2.176829
-3.782665
-5.15024
-6.342665
-7.364848
-10.115848
-10.389594
11.782959
11.196651
12.244337
9.765881
10.504904
12.360586
12.999365
12.333724
12.742476
7.563038
8.42935
9.119938
10.948745
11.706529
13.375212
13.058825
13.266807
13.46201
-3.327066
-1.817447
-1.895907
-3.323693
-11.09722
-10.760662
-10.532687
-10.844465
-5.666305
-4.577277
-4.524292
-4.709192
-6.034407
12.634925
12.921381
6.506808
-10.534622
-10.199815
-9.198262
-0.103701
10.215174
2.496514
9.279799
9.600829
-9.672588
-8.655235
-8.169762
1.598984
4.266294
3.657114
5.652769
13.199688
12.572071
-7.157495
-7.507764
1.993272
0.142684
-1.632434
-3.166847
-4.640603
-5.844273
-6.849714
11.244065
11.845966
12.277117
9.836054
10.542591
