10.073304
9.025227
8.328392
14.040077
13.207902
13.581344
15.791941
15.742016
11.789507
11.015948
5.464091
7.387051
6.861315
3.937921
15.61509
16.33354
16.414399
3.699069
3.986318
1.839019
1.737404
16.078725
14.608857
15.230107
8.21271
13.966466
14.921899
14.435012
5.809871
6.657187
8.812644
10.320756
16.217063
12.287806
12.426963
15.527376
12.874265
12.989251
12.998316
11.657941
10.535571
15.137929
15.250851
14.727879
1.9407
2.188217
12.810267
13.845232
15.601281
15.911781
16.058815
15.919697
15.638159
15.153499
14.578488
0.003698
-0.016481
12.678671
12.01978
0.325009
0.294993
-9.413266
-8.361473
-13.417834
-12.949534
-12.56358
-15.490586
-15.727273
-11.142708
-10.35277
-4.770003
-6.185986
-6.700062
-3.252936
-15.690496
-16.506337
-16.472472
-16.943943
-16.996734
-3.680417
-1.748083
-1.786563
-3.894824
-15.938348
-16.288074
-15.381375
-14.799928
-7.441325
-7.535393
-13.307887
-13.800737
-14.312576
-5.810921
-6.641268
-8.798972
-10.355783
-16.134326
-11.791718
-15.108986
-12.371366
-12.240734
-10.55657
-11.736955
-13.14099
-14.597286
-14.786534
-14.139145
-1.564597
-1.29581
-14.056836
-12.95512
-15.297551
-15.762313
-16.049509
-15.982673
-15.822158
-15.37624
-14.811158
-10.621033
-9.708159
-8.605614
-12.036962
-11.386261
