11.368586
11.729052
11.795554
7.072637
8.583886
7.897853
-1.716187
0.162841
10.209803
10.847267
12.227239
12.078949
12.039846
12.216722
-3.484127
-3.683488
-2.221641
-10.66406
-10.331437
-9.956539
-10.259286
-4.899849
-6.281812
-4.973462
11.897909
6.988033
4.72969
6.083653
-10.885109
-10.263251
-10.231742
-9.312561
-0.597522
9.358853
9.563416
2.10645
9.000411
8.652953
-8.423548
-8.917568
-9.887264
3.862819
3.182398
5.194677
11.48276
11.918374
-7.750305
-7.421171
1.530708
-0.27803
-2.014256
-3.568891
-4.924863
-6.105988
-7.124175
-9.743882
-9.991667
9.279123
9.954159
11.223586
11.685367
11.08836
11.435523
7.050553
7.773604
8.476007
0.425957
-1.368116
9.970568
10.575134
11.926728
11.757853
11.778511
11.929015
-3.091569
-3.346148
-1.877737
-2.000699
-3.388598
-10.626762
-10.334787
-10.117829
-10.372145
-5.660598
-4.571173
-4.636929
-5.997066
11.495986
11.61589
6.834012
6.0289
4.734831
-10.712551
-10.182867
-10.042035
-9.125034
-0.236636
9.357662
2.289253
8.438488
8.828593
-9.602708
-8.648819
-8.168549
3.949986
3.341172
5.257275
11.760803
11.291248
-7.161014
-7.518819
1.774249
0.036151
-1.658511
-3.144749
-4.600687
-5.82409
-6.858808
10.429415
10.960455
11.276819
9.155118
9.803444
