10.447134
9.364636
14.293918
13.473063
13.943211
12.172044
11.404602
5.708503
7.711842
7.10792
4.148916
16.480054
16.973361
16.996612
16.571675
3.725489
4.026839
1.897961
1.781641
16.178959
15.756628
14.637852
15.334863
8.508113
8.354617
14.771389
5.823421
6.672539
8.806909
10.311684
3.724112
16.398728
12.802186
15.801428
13.237334
13.455863
12.93481
11.606754
10.492382
15.415328
15.510814
15.000818
2.075343
2.331287
12.782297
13.817042
15.853538
16.109625
16.22726
16.077188
15.738652
15.198096
14.574693
0.079525
0.038119
10.533987
11.459604
9.476994
12.909239
12.241645
0.379961
-9.720312
-8.651569
-13.529882
-13.17051
-12.713075
-13.031546
-11.423603
-10.650094
-4.970085
-6.399554
-6.979123
-3.393515
-16.392937
-16.416017
-16.895246
-16.898388
-3.521072
-1.65424
-1.669747
-3.71694
-15.756683
-16.136653
-15.168598
-14.523752
-7.632447
-7.787143
-13.959892
-6.386319
-8.487006
-10.011562
-3.035056
-16.135733
-12.054137
-15.164325
-12.70065
-12.484296
-11.351377
-12.773443
-15.667878
-14.678097
-14.85511
-14.222953
-1.60081
-1.329473
-13.724691
-12.588102
-15.344541
-15.76138
-15.98008
-15.845448
-15.646268
-15.151364
-14.538635
-10.76957
-9.868324
-8.794057
-12.168111
-11.524214
