11.831178
12.226774
7.189546
8.751111
8.121635
10.56532
11.260892
12.794994
12.717385
12.495589
12.892728
-3.762221
-3.779505
-2.402327
-2.299324
-10.90791
-10.53164
-10.133288
-10.466918
-4.9575
-5.991448
-6.338794
-5.063641
12.389393
12.106315
6.239736
-11.162563
-10.451739
-10.350042
-9.367717
12.214225
-0.643073
9.868839
2.132901
9.265454
9.00096
-8.406126
-8.90785
-9.90879
3.948356
3.247574
5.29343
11.962076
12.591586
-7.760174
-7.439467
1.547504
-0.331558
-2.106422
-3.665864
-5.000154
-6.154076
-7.142755
-9.891858
-10.162617
11.36282
10.794534
11.776881
9.442454
10.135779
11.733239
11.679499
12.056717
7.296704
8.112973
8.775396
8.10161
10.435532
11.102653
12.608698
12.326857
12.524211
12.704321
-3.194753
-1.73163
-1.816039
-3.19657
-10.776141
-10.463818
-10.212772
-10.480592
-5.487668
-4.412144
-4.55594
-5.876678
11.967747
12.22316
6.295239
-10.253207
-10.016861
-9.034281
12.105346
-0.073736
9.772723
2.460813
8.894186
9.211047
-8.484479
-7.975214
1.5671
4.163704
3.554352
5.47701
12.481658
11.86736
-6.991947
-7.355302
1.957006
0.169838
-1.54985
-3.038362
-4.481489
-5.675658
-6.676354
10.740435
11.290455
11.678638
9.44096
10.095348
