10.216267
9.145934
8.505566
9.701699
14.128436
13.296469
13.724833
16.066632
15.979754
11.949774
11.179568
10.794638
11.713653
5.543778
6.386898
7.504323
4.000537
15.89176
16.633357
16.707628
3.723663
3.991962
1.826168
1.743856
16.330943
14.795828
15.445933
8.311795
14.192639
15.170526
14.626594
6.719281
8.950459
10.443923
16.48652
12.495102
12.571443
15.793199
13.012345
13.175725
13.168673
11.798958
15.385039
1.934973
2.157729
12.963182
14.021036
15.855024
16.170191
16.348027
16.212304
15.87324
15.370283
14.789245
-0.012488
-0.014024
0.232246
0.149388
-9.952834
-8.235263
-8.871727
-13.784997
-13.390405
-12.961891
-15.771271
-15.922764
-11.645323
-10.886791
-5.188472
-6.601468
-7.211537
-6.064061
-3.624888
-15.762895
-16.559856
-16.615471
-1.738737
-1.804732
-3.893737
-16.274986
-13.977517
-15.35035
-14.679237
-8.009319
-13.788617
-14.214345
-14.719038
-6.626394
-8.73596
-10.298956
-16.363492
-12.218864
-12.271344
-15.454149
-12.886083
-12.711417
-11.614572
-12.968593
-14.978375
-15.155287
-14.517084
-1.814793
-1.492568
-13.897159
-12.838523
-15.621094
-16.018125
-16.214959
-16.042746
-15.793724
-15.276635
-14.666366
-12.421056
-11.775567
