11.995681
12.414418
12.631993
12.063461
7.238195
8.868535
8.164027
-1.9338
0.02946
10.718607
11.433696
11.3844
10.628012
13.168019
13.208729
12.94594
13.312123
-3.760778
-3.983044
-2.470055
-11.662855
-11.337536
-10.917509
-11.233252
-5.223026
-6.628712
-5.286617
12.63901
7.229626
4.829069
6.241204
-11.148236
-10.964853
-9.899642
-0.761652
9.840817
9.987513
2.067346
9.365311
9.026504
-8.871434
-9.391561
3.909924
12.577794
13.159057
-8.142717
-7.803957
1.479003
-0.429956
-2.244908
-3.855391
-5.24229
-6.464124
-7.519704
-10.677661
-10.916986
12.461641
13.004955
12.115835
12.713806
12.558215
7.417519
8.234875
8.959202
0.384666
-1.504348
10.742816
11.483345
13.247034
12.96886
13.048155
13.258149
13.354846
-3.282678
-3.489008
-1.98517
-11.243137
-11.055167
-11.281538
-4.727649
-6.393145
-4.852682
-6.193933
12.775525
7.261563
6.365639
4.980684
-10.888081
-10.579455
-9.539759
-0.26307
9.837627
10.018862
2.368324
9.031717
9.402693
-8.962428
-8.415267
4.152642
3.537564
5.538069
13.202355
12.617969
-7.350271
-7.742645
1.859481
-0.001179
-1.780128
-3.317165
-4.787564
-5.998275
-7.02402
9.728273
10.472353
