12.045743
12.403528
12.525452
7.347413
8.967082
8.246531
0.187925
10.78424
11.503896
12.947187
12.809562
12.725512
12.901224
-3.766821
-3.800001
-2.361489
-2.25147
-10.79328
-10.483171
-10.012809
-10.315428
-5.02751
-6.140987
-6.397796
-5.065336
12.574748
7.25706
4.859972
6.2855
-10.986151
-10.383972
-10.271409
-9.339922
-0.564773
9.881875
10.052345
2.159318
9.43555
9.085737
-8.578389
-8.979746
-9.964179
3.951809
3.263276
5.352936
12.097642
12.56144
-7.834908
-7.551693
1.579514
-0.260688
-2.046269
-3.653212
-5.044184
-6.262808
-7.311051
-9.708238
-9.971536
11.092881
9.704201
10.42506
11.819547
12.337783
11.854529
12.216847
7.388926
8.176261
8.904343
0.440374
10.588352
11.296845
12.76484
12.559583
12.618651
12.726868
-3.189552
-3.45751
-1.929494
-2.041018
-3.492538
-10.784068
-10.42892
-10.227263
-10.572925
-5.839702
-4.729061
-4.767647
-6.133575
12.22671
12.396381
7.165893
6.295351
4.906829
-10.801014
-10.33347
-10.081909
-9.174405
-0.229059
9.896425
2.358522
8.925856
9.311962
-9.678135
-8.738331
-8.322592
4.08351
3.477881
5.477693
12.469135
11.992814
-7.300887
-7.621393
1.844579
0.045653
-1.708318
-3.247783
-4.744714
-5.982175
-7.019805
10.989615
11.560705
11.926738
9.621093
10.31237
