10.34017
9.232169
8.542
14.263162
13.434308
13.829291
16.076475
12.096812
11.335491
5.504192
7.527224
6.955762
3.908048
16.72864
17.248693
17.256833
16.800633
3.529465
3.800772
1.731158
1.632119
16.990228
16.408496
15.975032
14.751533
15.46307
8.377136
8.257476
14.150766
15.054665
14.604203
5.640366
6.482246
8.665011
10.190029
16.56774
12.622487
12.7074
15.776054
13.141877
13.285019
12.996496
11.547212
10.420428
15.293438
15.437819
14.906155
1.867565
2.109057
12.767695
13.909151
15.857287
16.262178
16.435174
16.30536
15.928712
15.37526
14.7479
-0.029694
-0.064056
10.465608
11.415425
9.390511
12.889597
12.21867
0.183559
0.136007
-9.935423
-8.82756
-13.809404
-13.417929
-12.973139
-11.677209
-10.911075
-5.105602
-6.552399
-7.116529
-3.550819
-16.730079
-16.737925
-17.163304
-17.186051
-3.547019
-1.695601
-1.730203
-3.770294
-16.046447
-16.463834
-17.037777
-15.52469
-14.839818
-7.810148
-7.949007
-14.170967
-5.647077
-6.494859
-8.611751
-10.203619
-16.410209
-12.305036
-15.394691
-12.931479
-12.73773
-10.357703
-11.578724
-13.023623
-15.858266
-14.860783
-15.049568
-14.463179
-1.792003
-1.501549
-14.016238
-12.881266
-15.569344
-16.086887
-16.358903
-16.230984
-15.983394
-15.45134
-14.817595
-11.002453
-10.087151
-8.984126
-12.420742
-11.770137
