9.97022
8.916126
8.214553
9.364032
13.133897
13.482966
15.948505
15.832584
11.703003
10.930435
10.432685
11.343788
5.35368
6.132638
7.270034
3.822299
15.775837
16.550262
16.615948
3.657397
3.915807
1.759419
1.684135
16.277479
13.985715
14.765214
15.374223
8.109388
13.859617
14.899461
14.373406
6.651195
8.886958
10.39039
12.133365
12.327287
15.588113
12.775595
12.857727
13.175627
11.77732
10.667516
15.159339
2.039645
12.938013
14.016408
15.670681
16.047894
16.246618
16.120472
15.814109
15.340249
14.783855
-0.072999
-0.066564
0.178966
0.102149
-9.725533
-9.143251
-7.964772
-8.650285
-13.710913
-13.236933
-12.857129
-15.78821
-16.016693
-11.449001
-10.676717
-5.023651
-6.434782
-6.986012
-5.845071
-3.505916
-15.916896
-16.685482
-16.6881
-3.743772
-1.79782
-1.873502
-3.995812
-16.432737
-14.229905
-15.549937
-14.921751
-7.812104
-13.57876
-14.089361
-14.588687
-6.783538
-8.93674
-10.530673
-16.375661
-11.94367
-12.088962
-15.401677
-12.657248
-12.541159
-11.890762
-13.252933
-14.893285
-1.784553
-1.471438
-14.170821
-13.119975
-15.576491
-16.037577
-16.302585
-16.190442
-15.969686
-15.484702
-14.903711
-12.326984
