9.973018
8.901131
8.142992
9.309122
14.013415
13.174094
13.473651
15.938743
15.824526
11.718264
10.95054
10.39106
11.30324
5.270475
6.01954
7.212263
6.719147
3.709272
15.752855
16.545868
16.609131
3.508413
3.769646
1.682687
1.594698
16.275829
15.887872
14.698078
15.333954
8.090272
13.718085
14.719108
14.268909
5.622736
6.46706
8.659189
10.188383
16.358037
12.101358
12.338323
15.486084
12.785089
12.827104
13.03443
11.581177
10.444251
15.005882
1.747991
1.984923
12.776696
13.911929
15.588361
16.039028
16.234303
16.113757
15.7992
15.301296
14.720617
-0.095782
-0.112481
0.149311
0.106089
-9.573555
-7.748555
-8.486566
-13.650265
-13.148067
-12.775548
-15.791725
-16.110285
-11.343111
-10.55746
-4.862087
-6.295855
-6.787194
-3.368375
-16.062437
-16.819375
-16.763287
-17.186026
-17.263283
-3.700498
-1.784134
-1.836588
-3.937035
-16.216629
-16.597331
-15.717399
-15.104532
-7.649104
-13.429411
-13.964141
-14.415946
-5.860971
-6.734281
-8.910275
-10.529607
-16.372285
-11.991238
-15.293575
-12.550922
-12.442757
-10.703426
-11.950365
-13.383274
-14.732982
-14.934395
-14.330895
-1.721554
-1.440476
-14.339411
-13.232341
-15.478876
-16.046255
-16.391916
-16.34038
-16.141526
-15.665547
-15.082987
-10.80679
-9.879538
-12.24246
-11.585032
