9.888744
8.866771
8.152218
9.271675
13.901733
13.064864
13.406255
15.653642
15.595817
11.592419
10.813697
10.3153
11.227627
5.380435
6.132022
7.252236
6.760345
3.883515
15.485367
16.205687
16.284758
3.741804
4.026773
1.848924
1.753668
15.97957
13.861497
14.579646
15.153083
8.07862
13.79377
14.80228
14.296517
5.864937
6.709425
8.872719
10.375408
12.038636
12.238216
15.395275
12.69251
12.770523
11.722896
10.602054
15.029328
1.91628
2.159891
12.849293
13.856372
15.472939
15.774959
15.927837
15.790079
15.548219
15.099804
-0.013777
-0.020692
0.33674
0.304798
-9.222995
-7.47952
-8.189583
-13.310162
-12.79202
-12.441857
-15.421766
-15.673409
-10.953357
-10.154716
-4.655007
-6.057314
-6.546229
-3.163229
-15.674616
-16.485917
-16.431381
-3.768332
-1.793284
-1.843666
-3.989602
-16.286449
-14.139795
-15.407413
-14.866482
-7.387162
-13.142325
-13.688846
-14.227631
-5.928663
-6.766373
-8.949244
-10.507419
-16.080865
-11.417267
-11.611962
-15.048049
-12.159957
-12.070911
-11.896581
-13.277163
-14.53837
-14.730407
-14.061488
-1.515892
-1.248059
-14.160649
-13.085008
-15.240911
-15.698698
-16.002685
-15.963869
-15.831083
-15.41804
-14.883345
-10.50764
-9.592989
-11.927114
-11.27472
