11.00587
11.359562
11.326257
10.829146
6.944564
8.410124
7.710218
-1.695115
0.158156
9.914924
10.507716
10.274009
9.674693
11.84312
11.694451
11.651896
11.699333
11.818436
-3.450616
-3.656986
-2.208528
-10.637074
-10.315785
-9.979622
-10.270903
-4.869262
-6.518182
-6.258632
-4.940702
11.537083
6.813317
4.644478
5.964192
-10.845496
-10.248809
-10.257547
-9.351614
9.033805
9.310126
2.071388
8.776321
8.39555
-8.957714
-9.925041
3.800296
11.192978
11.554073
-7.764021
-7.413607
1.499655
-0.280254
-1.992021
-3.53268
-4.88908
-6.073281
-9.80889
-10.040299
10.945345
11.3359
10.688368
10.962102
11.029046
6.869541
7.54151
8.254351
0.36903
-1.399087
9.646079
10.203452
11.498364
11.377074
11.316119
11.4885
-3.108814
-3.38797
-1.934388
-10.614407
-10.35803
-10.153613
-10.365899
-4.601179
-6.225982
-4.650874
-6.023331
11.220176
6.610462
5.861462
4.59918
-10.710158
-10.185698
-10.104577
-9.196891
-0.31178
8.737689
9.069103
2.201238
8.142788
8.563073
-8.725027
-8.22562
3.836183
3.225681
5.11929
11.377541
10.957729
-7.2058
-7.578921
1.681857
-0.028626
-1.701712
-3.174097
-4.622513
-5.851709
-6.898717
10.190679
10.712579
8.936757
9.578856
