10.361227
9.259288
8.592511
14.263135
13.435276
13.853956
16.077708
12.111899
11.34889
5.553542
7.57041
6.987579
3.967836
16.713191
17.228498
17.241304
16.787932
3.58927
3.862867
1.769203
1.671741
16.392378
15.964076
14.761501
15.466766
8.403807
14.227315
15.133668
14.659399
5.715535
6.551063
8.741181
10.257086
16.563557
12.666457
12.725129
15.816141
13.15969
13.324137
13.028698
11.605809
10.487997
15.356482
15.489776
14.943517
1.910053
2.148555
12.813376
13.929572
15.88857
16.258054
16.426222
16.292706
15.91976
15.372312
14.750499
-0.011252
-0.040436
10.476228
11.422933
9.403273
12.885484
12.21925
0.210808
0.155666
-9.969761
-8.868029
-13.805924
-13.428828
-12.978492
-15.808256
-11.694367
-10.931901
-5.145961
-6.585342
-7.169848
-3.580534
-16.659334
-16.686919
-17.121022
-17.126862
-3.551581
-1.692705
-1.731406
-3.776211
-15.966991
-16.384048
-16.96917
-15.439526
-14.751697
-7.832293
-7.989215
-14.193169
-14.645053
-6.490717
-8.597879
-10.175675
-16.387354
-12.319514
-15.40692
-12.952363
-12.751546
-10.328891
-11.52927
-12.952903
-14.892686
-15.076476
-14.477229
-1.794314
-1.49643
-13.932359
-12.811882
-15.578828
-16.05613
-16.298539
-16.150723
-15.899885
-15.366884
-14.733807
-11.015666
-10.106049
-9.00372
-12.426952
-11.778762
