12.296184
12.681419
12.923374
7.400798
9.055404
8.356891
0.135465
10.976812
11.727985
13.305788
13.178209
13.013527
13.341764
-3.856798
-3.879842
-2.441735
-2.335358
-11.102409
-10.77417
-10.294874
-10.612691
-5.109578
-6.216661
-6.486286
-5.161987
12.862568
7.382533
4.915271
6.360685
-11.296053
-10.646262
-10.480404
-9.4921
-0.623739
10.116372
10.215334
2.155037
9.575074
9.260347
-8.656035
-9.076669
-10.101716
3.986501
3.283064
5.394597
12.467932
13.038482
-7.918564
-7.631398
1.568997
-0.31833
-2.131615
-3.747337
-5.132859
-6.345791
-7.387502
-9.982942
-10.251693
11.804798
11.225968
12.255038
9.798697
10.538627
12.236447
12.823803
12.236951
12.631121
7.532189
8.370725
9.085101
0.472915
10.879305
11.631915
13.241768
12.970982
13.109086
13.26921
-3.417629
-1.890282
-1.983473
-3.431504
-11.024295
-10.675924
-10.465651
-10.800163
-5.785768
-4.68408
-4.647421
-4.770061
-6.11545
12.577074
12.813624
6.447734
5.040654
-10.504806
-10.189598
-9.227192
-0.171387
10.151166
2.436738
9.186961
9.540156
-9.720679
-8.734541
-8.284952
4.19936
3.591741
5.604022
13.003428
12.444445
-7.261378
-7.596081
1.928512
0.089066
-1.687376
-3.233368
-4.723955
-5.945392
-6.967185
11.225408
11.824139
12.233011
9.812739
10.523399
