10.891875
11.182093
10.980212
10.53226
6.998656
8.440593
7.703031
-1.499606
0.306825
9.851879
10.428823
9.502488
11.470502
11.319007
11.449356
11.247052
-3.233314
-3.455143
-2.002529
-9.844621
-9.554463
-9.182553
-9.450699
-4.694884
-6.055456
-4.730561
11.319325
6.74565
4.627387
5.946444
-10.070772
-9.563197
-9.653416
-8.880162
-0.43158
8.904936
9.262531
2.137281
8.746812
8.323305
-8.209478
-8.633422
-9.494813
3.803654
10.642417
10.831503
-7.516571
-7.209725
1.576145
-0.1214
-1.796287
-3.334764
-4.705021
-5.899589
-6.931713
-8.966839
-9.208967
10.251183
10.275985
10.328552
10.540772
6.76334
7.376442
8.109863
0.369861
-1.360034
9.363568
9.874922
10.87489
10.856418
10.709211
10.707721
-3.06654
-3.429819
-1.951642
-2.113999
-3.520033
-9.984868
-9.655085
-9.454294
-9.761655
-5.789712
-4.674951
-4.621965
-6.030604
10.731474
10.707129
6.399799
5.709889
4.448633
-10.133896
-9.718362
-9.716472
-8.942317
10.635894
-0.350324
8.828706
2.127011
7.896615
8.358679
-9.444744
-8.616074
-8.237453
3.700284
3.097764
4.992346
10.529746
10.255451
-7.241881
-7.553044
1.599023
-0.044869
-1.690647
-3.16673
-4.643765
-5.907087
-6.977649
9.923667
10.385042
10.606549
8.75757
9.356868
