10.334984
9.248083
8.592528
14.229785
13.402744
13.83249
16.004414
12.072981
11.306703
5.584977
7.580838
6.999333
4.018308
16.604228
17.113929
17.130409
16.683929
3.656574
3.937941
1.818689
1.718234
16.297548
15.881387
14.720223
15.406964
8.399596
14.245149
15.151767
14.66353
5.782607
6.619452
8.798099
10.306806
16.476172
12.645624
12.694231
15.782357
13.131106
13.305234
13.023086
11.64124
10.527227
15.356715
15.475538
14.932456
1.960618
2.202086
12.828456
13.906461
15.847859
16.173334
16.327697
16.188932
15.838768
15.305871
14.694319
0.013995
-0.013255
10.461674
11.400479
9.392952
12.851965
12.188884
0.269449
0.219619
-9.850299
-8.765111
-13.694094
-13.310647
-12.867723
-15.689915
-11.564628
-10.797354
-5.071805
-6.50227
-7.083089
-3.508111
-15.747406
-16.559067
-16.584285
-17.035869
-17.041723
-3.57087
-1.694792
-1.731621
-3.789797
-15.893008
-16.292498
-15.348307
-14.684192
-7.743574
-7.897496
-14.098924
-14.576252
-6.498096
-8.608516
-10.167947
-16.293825
-12.193513
-15.322905
-12.822294
-12.62786
-10.33432
-11.514409
-12.924874
-14.822392
-15.003796
-14.3853
-1.725312
-1.433281
-13.883041
-12.769741
-15.497749
-15.94522
-16.178231
-16.037434
-15.808802
-15.296336
-14.678437
-10.914969
-10.008678
-8.911075
-12.321882
-11.675027
