12.067962
12.406011
12.522735
7.382019
8.992558
8.28012
0.244927
10.806265
11.528326
12.865
12.776407
12.669481
12.76074
-3.676164
-3.700706
-2.263538
-2.166473
-10.441451
-10.126853
-9.642283
-9.945005
-4.891999
-4.936232
-6.043693
-6.292373
-4.973527
12.552343
12.347036
7.282423
4.879282
6.308446
-10.662196
-10.068943
-9.9846
-0.491278
10.075559
2.197841
9.460426
9.121787
-8.426639
-8.789312
-9.726553
3.974892
3.294937
5.381764
11.898547
12.343889
-7.690898
-7.427716
1.620477
-0.198825
-1.972477
-3.572037
-4.956183
-6.16342
-7.198991
-9.31573
-9.591888
11.628167
11.078741
12.053821
9.71803
10.423883
11.557618
11.753062
12.084006
7.379358
8.162881
8.881738
8.253928
10.528984
11.221873
12.574427
12.38446
12.463139
12.495375
-3.400704
-1.870767
-1.979821
-3.437105
-10.47781
-10.084164
-9.868084
-10.25684
-5.795933
-4.679248
-4.670434
-4.698192
-6.066741
12.069899
12.244448
6.280587
-10.532547
-10.084172
-9.853831
-8.990663
12.123877
-0.184301
9.851842
2.377757
8.902853
9.282251
-9.489393
-8.597436
-8.225526
1.456723
4.076426
3.474428
5.464389
12.192725
11.737279
-7.229221
-7.524069
1.863559
0.090258
-1.649853
-3.183954
-4.684813
-5.926662
-6.962691
10.884422
11.424072
11.780637
9.568131
10.231866
