11.493456
11.885486
12.077111
7.068592
8.593304
7.941598
-1.805805
0.098472
10.292861
10.946764
12.462234
12.325109
12.20269
12.552693
-3.58171
-3.763232
-2.3077
-10.974764
-10.615441
-10.252978
-10.573353
-4.959545
-6.351183
-5.058786
12.064165
11.856257
7.068435
4.76261
6.122207
-11.204838
-10.523438
-10.451346
-9.471534
-0.67058
9.503747
9.633244
2.090225
9.056337
8.750558
-8.468809
-9.006161
-10.017183
3.882174
3.186866
5.205371
11.75191
12.303373
-7.82008
-7.475996
1.508369
-0.346287
-2.101959
-3.653611
-4.994395
-6.159239
-7.161942
-10.053367
-10.304227
11.184936
10.620372
11.556082
9.28491
9.97013
11.548568
12.076907
11.338752
11.717691
7.133015
7.899407
8.579244
0.461991
-1.349839
10.153305
10.782776
12.264974
12.029837
12.133425
12.351043
-3.071035
-3.270195
-1.817085
-1.921523
-3.290041
-10.852828
-10.582492
-10.351179
-10.572089
-5.552345
-4.478219
-4.604633
-5.939691
11.715531
11.900863
6.991112
6.13932
4.847212
-10.333333
-10.146904
-9.165971
-0.169774
9.518502
2.363652
8.620239
8.972936
-8.616309
-8.082962
4.05104
3.439302
5.348887
12.193489
11.630825
-7.077853
-7.460106
1.854994
0.086029
-1.619496
-3.100006
-4.538726
-5.740328
-6.75593
10.56041
11.112247
11.465606
9.260402
9.919426
