10.555472
9.436005
8.822849
14.385955
13.562739
14.045541
12.312622
11.552262
5.691125
7.747492
7.115572
4.091883
16.86149
17.367112
17.388098
16.939127
3.632866
3.90621
1.802751
1.707095
17.08921
16.507363
16.059532
14.839527
15.579604
8.556908
14.49697
15.37261
14.870962
5.784839
6.607127
8.818238
10.324071
16.719307
12.950087
12.918972
16.023469
13.346954
13.5748
13.076749
11.65977
10.557342
15.568549
15.692043
15.118078
1.975642
2.207589
12.874328
13.987355
16.080065
16.416027
16.581758
16.443789
16.032123
15.46059
14.821389
0.018959
-0.009488
10.587377
11.536648
9.517309
12.993009
12.329216
0.211286
0.136056
-10.279152
-9.163938
-13.969464
-13.663321
-13.170051
-11.974341
-11.230071
-5.377852
-6.817988
-7.467629
-3.77036
-16.605564
-16.69268
-17.125265
-17.082234
-1.653929
-1.69526
-3.71321
-15.842689
-16.289985
-15.314625
-14.572026
-8.043516
-8.258696
-14.400649
-14.852074
-6.39052
-8.456372
-10.018413
-16.455464
-12.583809
-15.548984
-13.255748
-13.005629
-11.325508
-12.729751
-15.064638
-15.237641
-14.641569
-1.893055
-1.573009
-13.720836
-12.608338
-15.709357
-16.128996
-16.30312
-16.086362
-15.790083
-15.214697
-14.549193
-11.21004
-10.31122
-9.213838
-12.607357
-11.964453
