10.977964
11.294481
11.206006
6.98676
8.434189
7.731919
-1.570248
0.255065
9.904043
10.492587
11.639582
11.506406
11.557133
11.502468
-3.307528
-3.509979
-2.066983
-10.068512
-9.751437
-9.393611
-9.678284
-4.728581
-6.096379
-4.789987
11.436516
6.811515
4.654857
5.976153
-10.309335
-9.746546
-9.807759
-8.986659
-0.489036
9.020371
9.306887
2.125999
8.781187
8.398737
-8.217897
-8.680504
-9.571733
3.821184
5.137398
10.828784
11.121713
-7.552856
-7.233105
1.559765
-0.17557
-1.864091
-3.395835
-4.748913
-5.92437
-6.938288
-9.191038
-9.437458
9.108755
9.745139
10.480003
10.453808
10.742183
6.821595
7.47133
8.180731
0.410297
-1.330378
9.492866
10.019543
11.116017
11.039998
10.971825
11.022289
-3.030922
-3.343278
-1.882141
-2.027318
-3.412945
-10.135909
-9.823008
-9.605521
-9.884333
-5.671706
-4.571315
-4.573132
-5.958447
10.872735
10.907934
6.527356
5.797102
4.543642
-10.284796
-9.808746
-9.773473
-8.94659
10.823727
-0.28044
8.944082
2.196418
8.037896
8.463994
-9.429545
-8.55689
-8.132801
3.786844
3.182045
5.064557
10.851162
10.493631
-7.144583
-7.476138
1.674272
0.008992
-1.641546
-3.108626
-4.56812
-5.811067
-6.863312
9.999608
10.47301
10.724986
8.823221
9.425612
