12.514424
12.954428
7.393747
9.070576
8.434393
11.121358
11.901287
13.71165
13.607981
13.293017
13.923503
-3.990893
-3.997154
-2.584161
-2.48173
-11.626923
-11.250395
-10.793071
-11.142387
-5.142295
-5.207377
-6.27573
-6.600306
-5.305871
13.15103
12.780725
7.525614
6.429474
-11.08368
-10.848469
-9.755992
-0.748458
10.337187
2.128734
9.67276
9.433436
-8.722761
-9.218494
-10.313298
1.089802
4.022117
3.29288
5.414537
12.92613
13.701805
-8.030411
-7.717752
1.532014
-0.435289
-2.281833
-3.891099
-5.24858
-6.431117
-7.443821
-10.503521
-10.77868
11.879356
11.273799
12.364179
9.806006
10.562429
12.789342
13.495773
12.66826
13.116437
7.675367
8.590374
9.263423
8.501881
11.19472
11.989499
13.821915
13.434394
13.721883
13.995997
-3.276146
-1.776556
-1.836565
-3.24983
-11.088838
-10.851574
-11.129095
-5.587005
-4.512353
-4.435162
-4.705319
-6.006072
12.949035
13.302374
6.641128
-10.751396
-10.357592
-9.284574
-0.048312
10.429471
2.570551
9.504916
9.790772
-8.66389
-8.122496
1.686452
4.37797
3.765396
5.764395
13.746403
13.022905
-7.105504
-7.482115
2.073628
0.181772
-1.61234
-3.147134
-4.606886
-5.789606
-6.777094
11.445158
12.078034
12.551715
9.991826
10.718886
