12.040681
12.406564
12.596303
7.326651
8.933525
8.244662
0.178957
10.767467
11.487138
12.940837
12.839097
12.694736
12.927656
-3.74901
-3.772909
-2.351637
-2.248874
-10.752951
-10.419948
-9.962413
-10.276249
-4.990256
-6.078771
-6.359576
-5.049104
12.56823
12.334746
7.284742
4.87393
6.294944
-10.972854
-10.335756
-10.226735
-9.288631
-0.570118
10.040289
2.165305
9.423504
9.107278
-8.490637
-8.90877
-9.887948
3.965494
3.274042
5.354715
12.055606
12.577079
-7.777568
-7.490694
1.583736
-0.267984
-2.051337
-3.644275
-5.016375
-6.212253
-7.238529
-9.665726
-9.936694
11.59288
11.030668
12.018657
9.655094
10.366478
11.776584
11.839292
12.20006
7.386266
8.189341
8.89375
0.487914
10.577868
11.277432
12.739618
12.507228
12.625284
12.734928
-3.35828
-1.847338
-1.947282
-3.380951
-10.714455
-10.358242
-10.136375
-10.474452
-5.718372
-4.616711
-4.590735
-4.685364
-6.03624
12.16282
12.36966
6.317508
-10.757897
-10.252355
-10.001114
-9.079321
12.273762
-0.160195
9.89267
2.407436
8.956092
9.314991
-9.564533
-8.617605
-8.18618
1.496048
4.123687
3.518001
5.495516
12.469019
11.947794
-7.183785
-7.509222
1.897191
0.103418
-1.640272
-3.165118
-4.647691
-5.872072
-6.896216
10.926371
11.485343
11.861713
9.587558
10.262334
