10.110944
9.030743
8.306404
14.100002
13.26517
13.609199
15.994955
15.899647
11.855656
11.089115
5.379318
7.345069
6.820044
3.812234
15.80779
16.58016
17.1098
16.648826
3.547594
3.815558
1.723336
1.630375
16.294973
15.893993
14.707551
15.365981
8.204837
13.904477
14.868246
14.409627
5.663054
6.505792
8.691899
10.215706
16.411425
12.304605
12.474987
15.594797
12.917717
13.00559
13.023252
11.588781
10.458471
15.128124
15.274897
14.740353
1.817344
2.056484
12.785481
13.906976
15.685268
16.098488
16.279976
16.15357
15.822643
15.30871
14.714026
-0.059131
-0.081231
12.740017
0.18552
0.141027
-9.682382
-8.593485
-13.676453
-13.217667
-12.818471
-15.767946
-11.435083
-10.656114
-4.940129
-6.374937
-6.896775
-3.421468
-15.966839
-16.741526
-16.712804
-17.143495
-17.196777
-3.64766
-1.749906
-1.795513
-3.877479
-16.114152
-16.503545
-15.599818
-14.965919
-7.643424
-7.743524
-13.530823
-14.018622
-14.474369
-5.784001
-6.642871
-8.795311
-10.395883
-16.353905
-12.076051
-15.308537
-12.66146
-12.52087
-10.566016
-11.793106
-13.223028
-14.76587
-14.960802
-14.355788
-1.727668
-1.443554
-14.184487
-13.071221
-15.490167
-16.022169
-16.331368
-16.249062
-16.037697
-15.546212
-14.948633
-10.853423
-9.932798
-8.816828
-12.279809
-11.625851
