11.933754
12.281335
12.348335
7.321093
8.927001
8.194547
-1.707743
0.205024
10.698133
11.403711
12.799341
12.650387
12.606763
12.722485
-3.507799
-3.738124
-3.777093
-2.224171
-10.698242
-10.397549
-9.93212
-10.227588
-5.003176
-6.121183
-6.372246
-5.033775
12.451351
7.198098
4.833017
6.249622
-10.886555
-10.305747
-10.213286
-9.301668
-0.546791
9.773221
9.978871
2.156699
9.372178
9.004325
-8.564803
-8.961253
-9.933305
3.93348
3.25066
5.331428
11.959061
12.375646
-7.816539
-7.533006
1.579434
-0.241924
-2.016771
-3.621275
-5.016192
-6.239533
-7.292971
-9.632858
-9.892023
9.663357
11.667495
12.152778
11.698744
12.050622
7.327305
8.091949
8.828063
0.419313
10.467818
11.159074
12.577851
12.400787
12.420543
12.514313
-3.197342
-3.485471
-1.956646
-2.07697
-3.530146
-10.71546
-10.361625
-10.166193
-10.512321
-5.873329
-4.759047
-4.777741
-6.153025
12.093141
12.231378
7.075194
6.229248
4.847326
-10.738238
-10.289276
-10.063259
-9.175547
-0.262197
9.789848
2.32004
8.812666
9.215093
-9.685106
-8.760646
-8.355588
4.031804
3.42665
5.423031
12.265399
11.824924
-7.331082
-7.647981
1.803462
0.019255
-1.726832
-3.26465
-4.76454
-6.009099
-7.054421
10.900549
11.463501
11.811362
9.544359
10.230877
