11.668771
12.060085
12.190408
11.652515
7.149236
8.721915
8.020498
-1.834004
0.08845
10.454518
11.12911
11.019442
10.317889
12.699998
12.677589
12.50088
12.447193
12.77077
-3.633947
-3.849056
-2.359001
-11.222886
-10.898182
-10.502242
-10.809547
-5.079954
-6.476325
-5.145601
12.262272
7.09586
4.771914
6.154034
-10.760953
-10.649814
-9.651462
-0.690589
9.578792
9.766146
2.079054
9.17414
8.823547
-8.683621
-9.19529
-10.238726
3.879025
12.058575
12.559528
-7.97734
-7.640182
1.497
-0.362611
-2.139646
-3.724921
-5.100097
-6.306649
-7.34879
-10.279509
-10.519506
11.881117
12.374622
11.608246
12.088078
12.007907
7.230587
7.997656
8.716106
0.390197
-1.454048
10.357859
11.032703
12.607392
12.386732
12.422931
12.663741
-3.207562
-3.441645
-1.953838
-11.120673
-10.853061
-10.656059
-10.889566
-4.673905
-6.31759
-4.767618
-6.120397
12.211425
7.037563
6.191512
4.84923
-10.585661
-10.359349
-9.376426
-0.268734
9.456324
9.687239
2.316307
8.725717
9.112032
-8.84677
-8.327922
4.04339
3.43084
5.393165
12.513185
11.990791
-7.284628
-7.663445
1.803771
0.000502
-1.739272
-3.253403
-4.717774
-5.936172
-6.968919
10.832495
11.423936
9.448243
10.150866
