12.363568
12.740588
12.960212
7.441625
9.108471
8.39678
0.155206
11.039535
11.798574
13.35165
13.223399
13.072166
13.357533
-3.848586
-3.871947
-2.422815
-2.317985
-11.042328
-10.723735
-10.227566
-10.541105
-5.112578
-6.23258
-6.485126
-5.153643
12.919452
7.402028
4.926237
6.380613
-11.230022
-10.597543
-10.430128
-9.455198
-0.60063
10.156919
10.268975
2.166948
9.62436
9.299332
-8.665822
-9.062271
-10.07897
3.994848
3.29393
5.415053
12.489254
13.035666
-7.912406
-7.635657
1.581826
-0.298714
-2.114272
-3.73816
-5.132316
-6.354459
-7.404106
-9.899046
-10.169414
11.867605
11.290792
9.858544
10.602448
12.240919
12.820391
12.28554
12.673891
7.560801
8.398064
9.121492
0.466714
10.923343
11.684715
13.278566
13.018721
13.142498
13.279553
-3.451424
-1.91179
-2.00779
-3.469711
-10.989172
-10.626099
-10.421351
-10.777505
-5.837241
-4.728744
-4.697533
-4.795958
-6.148268
12.627466
12.855404
7.382046
6.459197
5.038131
-10.973849
-10.487568
-10.167679
-9.22254
-0.186008
10.189286
2.428906
9.212856
9.574451
-9.724185
-8.753846
-8.326806
4.194056
3.587638
5.613429
12.997873
12.460635
-7.300865
-7.624037
1.919295
0.078825
-1.703377
-3.258351
-4.759032
-5.987805
-7.014621
11.273213
11.872356
12.279331
9.853741
10.567711
