9.901079
8.860996
8.153878
9.283968
13.417897
15.856025
15.74791
11.624595
10.849244
10.33948
11.24911
5.336503
6.101263
7.228963
3.820899
15.687137
16.451955
16.519548
3.690141
3.952443
1.780783
1.704321
16.195785
13.966939
14.726304
15.31394
8.064894
13.801817
14.853257
14.322504
6.683393
8.910279
10.411067
12.043961
12.255281
15.518645
12.706768
12.778624
11.793914
10.683577
15.109687
2.054301
12.939667
13.995263
15.600772
15.959674
16.152196
16.024216
15.74124
15.283444
-0.066972
-0.058137
0.211212
0.140529
-9.58615
-8.995022
-7.832014
-8.524117
-13.610697
-13.11517
-12.750931
-15.703286
-15.937106
-11.309481
-10.978015
-10.530455
-4.930454
-6.335183
-6.870108
-5.7326
-3.423934
-15.864494
-16.639649
-16.628159
-3.775678
-1.810907
-1.886489
-4.024891
-16.40076
-14.233517
-15.526723
-14.925345
-7.69921
-13.458227
-13.990206
-14.506127
-6.819349
-8.984426
-10.571587
-16.308124
-11.783395
-11.955276
-15.325268
-12.510913
-12.411629
-11.93702
-13.292984
-14.819085
-1.725115
-1.419114
-14.193887
-13.148392
-15.504159
-15.958859
-16.232858
-16.139778
-15.941932
-15.479022
-14.915231
