10.25319
9.202618
8.585112
14.131109
13.304128
13.765366
15.898194
15.865192
11.963798
11.189301
5.650585
6.503291
7.592168
7.010836
4.132301
15.727598
16.413804
16.501645
3.833471
4.124765
1.929401
1.831498
16.133555
14.681427
15.317733
8.371906
14.296371
15.232433
14.685309
6.8157
8.998202
10.483438
16.322682
12.573038
12.600845
15.747425
13.043442
13.241713
11.796066
15.401015
15.487578
14.920186
2.062695
2.300604
12.931438
13.920552
15.794593
16.019369
16.155797
16.006951
15.703529
15.211261
14.632698
0.058202
0.047082
12.751461
12.102225
0.373442
0.316262
-9.695702
-8.017219
-8.644706
-13.52882
-13.137253
-12.71021
-15.495011
-15.62001
-11.374318
-10.603807
-5.006374
-6.410335
-7.006592
-3.440251
-15.503027
-16.344249
-16.387365
-1.714066
-1.761038
-3.857419
-16.081349
-13.79048
-15.142539
-14.516315
-7.798885
-13.57275
-13.98783
-14.530525
-6.558905
-8.66971
-10.190542
-16.142725
-12.007336
-15.23094
-12.626771
-12.447678
-11.501121
-14.774692
-14.947505
-14.28043
-1.638632
-1.341398
-13.757114
-12.685374
-15.406504
-15.760362
-15.947168
-15.796261
-15.597485
-15.119232
-14.531623
-10.783195
-9.887944
-8.790612
-12.176891
-11.534201
