11.544001
11.965767
12.20565
7.045925
8.589261
7.938915
-1.90644
0.022073
10.325184
10.985927
12.654436
12.746354
12.472573
12.343879
12.833918
-3.698202
-3.883309
-2.421623
-11.431893
-11.06949
-10.720645
-11.046606
-5.075879
-6.48418
-5.182223
12.172531
7.081989
4.760228
6.12144
-10.92717
-10.809976
-9.761881
-0.765852
9.537593
9.656024
2.049123
9.0704
8.766843
-9.227504
3.869677
3.160624
5.187659
12.066619
12.67525
-7.990159
-7.623474
1.462665
-0.429155
-2.205353
-3.765895
-5.110244
-6.282964
-7.294726
-10.542763
-10.782543
9.293299
9.99895
11.943022
12.486701
11.557348
12.15949
11.978539
7.185352
7.972616
8.655581
0.431118
-1.404957
10.301007
10.959035
12.604018
12.330498
12.443176
12.756169
-3.135201
-3.307572
-1.858474
-11.010543
-10.789692
-10.96123
-4.505358
-6.216689
-4.669644
-5.994265
12.181601
7.072493
6.202434
4.899882
-10.637545
-10.409951
-9.364637
-0.192404
9.640623
2.371834
8.725161
9.072262
-8.750466
4.097129
3.480979
5.402271
12.642538
12.028667
-7.129068
-7.543007
1.86553
0.058155
-1.667523
-3.154069
-4.585268
-5.776124
-6.787284
10.734302
11.326098
11.703218
9.369444
10.061419
