9.795661
8.752596
7.999167
9.116846
13.309754
15.841001
15.710502
11.527424
10.753482
10.16887
11.074847
5.213003
5.94107
7.099383
3.687959
15.668124
16.463265
16.523853
3.595817
3.8502
1.709379
1.635169
16.215152
13.918105
14.717767
15.299913
7.965511
12.795841
13.604173
14.677493
14.177389
5.751705
6.580564
8.806337
10.320589
11.873163
12.154671
15.415385
12.608306
12.628258
13.146353
11.726842
10.602965
14.969787
1.96067
12.887692
13.982988
15.514815
15.939565
16.148074
16.028358
15.748561
15.292949
14.750555
-0.112842
-0.105771
0.151427
0.087902
-9.503162
-8.863187
-7.704229
-8.433647
-13.616349
-13.079906
-12.737058
-15.768895
-16.066189
-11.255667
-10.871629
-10.469617
-4.853914
-6.266597
-6.762827
-5.623255
-3.373516
-16.024297
-16.775329
-16.727565
-3.802397
-1.835611
-1.912061
-4.055682
-16.553948
-14.417599
-15.700493
-15.111529
-7.61519
-13.374388
-13.949844
-14.441372
-5.997089
-6.881576
-9.070727
-10.686736
-16.358146
-11.69168
-11.908039
-15.318405
-12.441502
-12.368987
-10.861991
-12.089286
-13.469794
-14.77937
-1.730887
-1.432947
-14.383492
-13.326941
-15.5018
-16.023161
-16.350824
-16.295581
-16.105138
-15.649674
-15.092398
-12.215069
