11.518184
11.862026
11.769417
11.246236
7.968004
-1.712316
0.177927
10.367618
11.02171
10.667795
10.031832
12.412684
12.170373
12.164572
12.32484
-3.509637
-3.766594
-2.253699
-10.872941
-10.604078
-10.179894
-10.454156
-5.041658
-6.640597
-6.426827
-5.054616
12.061226
7.814523
6.968463
4.717224
6.09679
-11.013265
-10.482016
-10.418176
-9.502264
9.35925
9.691101
2.09363
9.116435
8.680818
-8.712731
-9.153577
-10.150357
3.841542
12.062607
-7.945944
-7.631165
1.520957
-0.269904
-2.024809
-3.627565
-5.040245
-6.289454
-7.372483
-9.932976
-10.161659
11.516537
11.888244
11.310369
10.990787
11.543723
11.671732
7.130314
7.827791
8.597663
0.298664
-1.530619
10.139934
9.766855
10.792424
12.209235
12.098058
11.972803
11.974394
12.128027
-3.300003
-3.633837
-2.110103
-10.905441
-10.611647
-10.452382
-10.735302
-4.900279
-6.459296
-4.888578
-6.28749
11.881425
6.799982
6.031872
4.668502
-10.901104
-10.476409
-10.306779
-9.417954
-0.419727
9.120861
9.490081
2.175422
8.469105
8.928852
-9.949152
-9.005446
-8.568534
3.877711
11.971954
11.610079
-7.503337
-7.84664
1.651325
-0.118368
-1.854644
-3.390298
-4.890322
-6.148833
-7.218703
9.349675
