9.84458
8.803341
8.043968
9.170594
13.063302
13.354826
15.749487
15.654629
11.568599
10.794586
10.224916
11.134498
5.257979
5.984773
7.149435
6.677868
3.732786
15.572858
16.340346
16.408741
3.599477
3.869768
1.742251
1.652288
16.103465
14.622731
15.213332
8.013517
13.635667
14.660031
14.190856
5.713053
6.560435
8.737032
10.257159
16.177527
11.94253
12.202719
15.363234
12.655871
12.68661
13.032516
11.637706
10.503344
14.932743
1.791881
2.032406
12.797817
13.876362
15.460845
15.859301
16.039589
15.91368
15.647746
15.184394
14.629767
-0.075168
-0.085172
0.22683
0.193195
-9.305704
-7.505009
-8.247984
-13.445132
-12.905908
-12.562145
-15.605606
-15.920366
-11.067843
-10.27005
-4.689816
-6.107712
-6.574576
-3.214089
-15.921245
-16.696064
-16.619638
-17.158841
-3.765591
-1.808581
-1.862159
-3.996638
-16.152642
-16.498322
-15.633416
-15.073455
-7.437105
-13.200666
-13.771957
-14.264754
-5.939862
-6.802699
-8.998422
-10.597902
-16.224972
-11.512118
-11.726616
-15.142683
-12.263796
-12.186139
-10.796197
-12.020553
-13.432562
-14.59473
-14.795974
-14.160583
-1.601238
-1.331748
-14.349164
-13.258346
-15.335137
-15.87289
-16.224358
-16.203104
-16.049376
-15.617589
-15.069901
-10.608312
-9.682745
-12.042125
-11.384883
