11.311668
11.637016
11.542641
11.054282
8.630674
7.886753
-1.628815
0.230322
10.191784
10.820695
10.50459
9.895913
12.074123
11.856581
11.889485
11.968273
11.943977
-3.398043
-3.630644
-2.147378
-10.42092
-10.131665
-9.728257
-10.006462
-4.883417
-6.256357
-4.915008
11.80428
6.914974
4.699388
6.057231
-10.611179
-10.071491
-10.067992
-9.208169
-0.524232
9.237896
9.547199
2.120917
8.992649
8.581689
-8.460419
-8.894974
-9.832055
3.841855
11.317042
11.605732
-7.736396
-7.427273
1.551765
-0.208867
-1.932898
-3.504906
-4.891693
-6.10774
-7.158951
-9.490527
-9.730957
11.006109
11.381928
10.931509
11.132
11.252021
7.003892
7.680594
8.423424
0.358434
-1.429852
9.860231
10.456952
11.702845
11.612009
11.51561
11.600446
-3.169334
-3.498887
-1.998977
-3.570686
-10.485126
-10.169227
-9.981781
-10.279485
-5.864778
-4.752962
-4.738589
-6.1334
11.437235
6.684984
5.932391
4.614846
-10.555461
-10.11837
-10.010212
-9.163071
-0.348879
8.89512
9.256037
2.189989
8.288161
8.732567
-9.673578
-8.776352
-8.361413
3.838014
3.232165
5.177574
11.421613
11.070301
-7.336022
-7.664865
1.666493
-0.052087
-1.749231
-3.255882
-4.741564
-5.995815
-7.058355
10.401471
10.92579
9.120885
9.775236
