10.292797
9.217569
8.576518
14.1858
13.357622
13.796377
16.034283
15.974141
12.023894
11.254874
5.593518
6.443507
7.569606
6.988797
4.043156
15.854683
16.576722
16.656832
3.714865
3.994833
1.846066
1.751155
16.275605
15.8728
14.735406
15.402663
8.375887
14.252761
15.183861
14.666665
6.691311
8.885868
10.384951
16.451883
12.600372
12.64841
15.785972
13.087356
13.266331
13.078209
11.719721
10.614893
15.382443
15.493351
14.928306
1.97842
2.213783
12.889738
13.942873
15.84587
16.145374
16.302112
16.161807
15.82325
15.306322
14.709504
0.017609
0.000857
12.807396
12.151455
0.281942
0.220766
-9.856873
-8.136371
-8.779672
-13.689394
-13.303989
-12.866706
-15.67297
-15.834184
-11.556365
-10.791483
-5.098466
-6.518477
-7.113166
-3.5326
-15.69604
-16.510544
-16.550253
-17.008051
-17.002063
-3.604645
-1.70934
-1.756379
-3.830129
-15.841694
-16.238207
-15.299255
-14.639282
-7.917143
-13.703606
-14.114371
-14.613276
-6.542072
-8.6507
-10.202097
-16.282644
-12.184746
-15.344185
-12.80925
-12.621539
-11.530564
-12.912717
-14.861169
-15.039063
-14.404814
-1.734694
-1.432468
-13.851132
-12.761981
-15.516585
-15.927784
-16.138248
-15.983998
-15.754507
-15.246522
-14.63597
-10.922253
-10.020295
-8.917024
-12.324494
-11.679124
