11.935285
12.342094
12.580559
7.225751
8.830621
8.151189
-1.878475
0.068623
10.664179
11.371992
13.017747
13.096397
12.850716
12.7119
13.133803
-3.688473
-3.89211
-2.396735
-11.345053
-11.002999
-10.58812
-10.909143
-5.117633
-6.195509
-6.512739
-5.19452
12.541871
7.232724
4.83651
6.241466
-10.857521
-10.707708
-9.679885
-0.708333
9.831215
9.945827
2.095343
9.331014
9.017025
-8.690737
-9.197718
-10.256656
3.924929
3.216936
5.289673
12.328248
12.918051
-7.990215
-7.660819
1.508617
-0.385219
-2.183948
-3.776116
-5.144846
-6.342752
-7.374557
-10.344448
-10.595979
9.559004
10.286847
12.162951
12.725322
11.94067
12.538159
12.355247
7.370554
8.184878
8.887923
0.440087
-1.425937
10.62057
11.33268
12.987212
12.712963
12.831056
13.081677
-3.186478
-3.384713
-1.893899
-1.99172
-3.397499
-11.203096
-10.92098
-10.710289
-10.957767
-5.700713
-4.617728
-4.743806
-6.079574
12.552615
7.231778
6.334007
4.973743
-10.631999
-10.353123
-9.341634
-0.195902
9.920559
2.3987
8.972344
9.325776
-8.782621
-8.256431
4.150472
3.537948
5.510786
12.89912
12.311645
-7.222496
-7.600576
1.89124
0.060523
-1.695804
-3.215772
-4.678116
-5.884757
-6.902652
11.021858
11.625534
12.021086
9.61761
10.326963
