10.1103
9.051716
8.359763
14.070544
13.238077
13.616294
15.87955
15.815436
11.83505
11.063519
5.464559
7.403398
6.86899
3.927011
15.700827
16.43297
16.510556
3.673736
3.95438
1.815238
1.718185
16.163693
14.658948
15.293484
8.23231
13.998441
14.957267
14.466822
5.79663
6.637732
8.811072
10.319844
16.301934
12.333846
12.466268
15.588325
12.911427
13.030704
13.029619
11.66623
10.546558
15.180739
15.300648
14.763095
1.917881
2.159901
12.829602
13.885263
15.663155
15.993645
16.151911
16.015649
15.714123
15.219782
14.639089
-0.009941
-0.027857
12.706611
0.283577
0.242231
-9.558629
-8.494515
-13.529896
-13.077266
-12.680592
-15.590457
-15.819894
-11.286218
-10.503793
-4.874495
-6.293929
-6.826173
-3.348566
-15.753921
-16.559219
-16.541806
-17.001527
-17.042339
-3.66645
-1.745297
-1.78922
-3.888141
-15.958385
-16.325663
-15.415582
-14.808245
-7.54736
-7.657208
-13.434159
-13.913115
-14.4125
-6.634739
-8.782642
-10.348488
-16.214505
-11.929614
-15.2049
-12.517225
-12.376032
-10.535131
-11.721508
-13.122868
-14.69336
-14.88152
-14.244206
-1.637674
-1.357202
-14.050348
-12.952711
-15.388466
-15.854668
-16.130403
-16.042329
-15.856856
-15.389638
-14.810043
-10.73351
-9.821278
-8.713857
-12.148992
-11.498611
