10.235302
9.15315
14.183716
13.355494
13.728169
15.874865
11.970919
11.204845
5.485512
7.468762
6.925183
3.915616
16.45952
16.973885
16.981435
16.539695
3.573021
3.8622
1.781523
1.66851
16.179278
15.764674
14.606369
15.285365
8.316635
8.214553
14.035224
14.925692
14.49674
5.642203
6.504665
8.633007
3.539458
16.335161
12.597643
15.592113
13.037815
13.161322
12.891352
11.494649
10.356191
15.149755
15.279292
14.795995
1.915008
2.173629
12.690746
13.785916
15.674385
16.038448
16.181354
16.044985
15.721458
15.191018
14.575808
0.001859
-0.041882
10.411423
11.345959
9.344016
12.81863
12.144084
0.288706
-9.517196
-8.4407
-13.498119
-13.058381
-12.644642
-13.046235
-11.271728
-10.483089
-4.796978
-6.237921
-6.7428
-3.270738
-16.611922
-16.565438
-17.019965
-17.083269
-3.580192
-1.70247
-1.719203
-3.781831
-16.02327
-16.392119
-16.972131
-15.463521
-14.851417
-7.505629
-7.592942
-13.84774
-5.68154
-6.508814
-8.656524
-10.228823
-2.960131
-16.19521
-11.916188
-15.119995
-12.518821
-12.356041
-10.422835
-11.636107
-13.09913
-15.630032
-14.576904
-14.770827
-14.162557
-1.331849
-14.066123
-12.911873
-15.309833
-15.841283
-16.157976
-16.097673
-15.920983
-15.448166
-14.853798
-10.682962
-9.763438
-8.674533
-12.105412
-11.452926
