11.760475
12.097986
7.256657
8.810784
8.12723
0.243591
10.541778
11.226671
12.512994
12.443586
12.330747
12.422895
-3.610438
-3.635407
-2.229288
-2.131985
-10.285655
-9.951623
-9.512068
-9.818817
-4.843176
-5.91529
-6.201029
-4.904165
12.234053
12.033563
7.174566
4.828887
6.224457
-10.535358
-9.922885
-9.883602
11.975276
-0.491003
9.852268
2.184681
9.262224
8.939085
-8.289208
-8.691275
-9.608864
3.944243
3.268993
5.316471
11.554892
12.003249
-7.598216
-7.317352
1.609135
-0.194882
-1.942301
-3.511195
-4.871041
-6.050403
-7.061489
-9.225346
-9.500086
11.363246
10.822756
11.761567
9.508837
10.186811
11.207627
11.372201
11.688304
7.220827
7.979477
8.676064
8.065797
10.227769
10.866153
12.136221
11.956997
12.043362
12.077742
-3.30141
-1.804391
-1.914049
-3.337195
-10.309485
-9.935464
-9.701882
-10.056112
-5.660817
-4.555615
-4.545709
-4.593008
-5.95422
11.675266
11.841171
6.162585
-10.413981
-9.928204
-9.753778
-8.891598
11.693985
-0.153106
9.592731
2.367645
8.684334
9.054436
-9.370686
-8.480949
-8.084149
1.451575
4.027585
3.424954
5.366341
11.339575
-7.107079
-7.414783
1.854201
0.116632
-1.589392
-3.092662
-4.570573
-5.802396
-6.831974
10.580382
11.090031
11.425211
9.330012
9.961785
