9.857419
8.81832
8.063144
9.190553
13.909678
13.069984
13.367859
15.727721
15.641779
11.578273
10.80378
10.244238
11.154649
5.278015
6.007598
7.168416
6.694111
3.75565
15.551426
16.310027
16.380653
3.615105
3.889164
1.758218
1.665495
16.075619
14.605386
15.195634
8.028121
13.658426
14.674024
14.205214
5.723886
6.573487
8.74191
10.260982
16.156183
11.964276
12.21453
15.360649
12.667688
12.705306
13.017516
11.634373
10.500046
14.939036
1.813066
2.056196
12.790921
13.859645
15.455818
15.840299
16.013739
15.885693
15.623951
15.160895
14.605468
-0.063258
-0.075344
0.248903
0.21952
-9.271394
-7.476639
-8.217773
-13.408075
-12.871144
-12.526289
-15.564021
-15.87418
-11.031381
-10.23197
-4.664657
-6.081672
-6.54714
-3.187628
-15.880606
-16.662647
-16.584869
-17.130095
-3.760226
-1.802909
-1.852947
-3.987144
-16.126998
-16.46778
-15.599576
-15.045306
-7.40866
-13.172033
-13.739659
-14.237417
-5.929986
-6.787101
-8.982129
-10.57487
-16.191668
-11.479317
-11.690931
-15.109039
-12.230032
-12.150123
-10.777805
-11.99655
-13.409597
-14.564018
-14.764529
-14.125403
-1.574757
-1.309299
-14.323243
-13.229227
-15.302733
-15.834078
-16.18349
-16.164724
-16.018039
-15.591248
-15.046039
-10.574678
-9.650021
-12.007018
-11.350274
