9.784223
8.745874
7.944713
13.879251
13.038346
13.29039
15.640388
15.558829
11.505938
10.732212
11.023023
5.194403
7.078883
6.633362
3.666036
15.458709
16.224886
16.294632
3.538644
3.816569
1.71929
1.618183
16.007568
14.530051
15.117493
7.963621
13.493585
14.498805
14.076585
5.605803
6.473955
8.608125
10.142577
16.068585
11.842867
12.144599
15.22386
12.599862
12.596598
12.922658
11.519521
10.366255
14.782536
14.45072
1.76658
2.021575
12.686668
13.776292
15.333194
15.7564
15.924818
15.799831
15.553611
15.090036
14.530405
-0.078763
-0.103099
12.543609
0.2496
-9.047453
-7.996902
-13.286309
-12.707708
-12.383786
-15.503228
-15.882092
-10.839647
-10.025303
-4.475396
-5.901857
-6.311247
-3.026442
-15.947902
-16.724903
-16.594007
-17.045654
-17.180533
-3.765252
-1.809484
-1.845466
-3.980944
-16.241568
-16.563142
-15.707247
-15.187074
-7.200463
-7.200551
-12.965699
-13.572749
-14.052233
-5.939577
-6.797128
-9.019743
-10.626402
-2.768472
-16.139254
-11.510128
-14.976983
-12.029875
-11.973149
-10.847043
-12.095015
-13.549346
-14.39727
-14.607694
-13.980037
-1.486492
-1.247771
-14.473576
-13.348364
-15.181204
-15.781536
-16.195601
-16.235582
-16.122907
-15.721588
-15.191123
-10.423439
-9.488149
-8.371645
-11.86842
-11.207141
