9.624887
8.604048
7.789539
8.871553
12.91592
13.139217
15.580405
15.476393
11.341626
10.564371
9.900514
10.804021
5.106986
5.773755
6.952591
6.534181
3.59874
15.406122
16.187632
16.252269
3.560594
3.829531
1.707121
1.617421
15.986434
13.756103
14.549375
15.098911
7.840888
13.343483
14.40884
13.962214
5.653486
6.512206
8.672884
10.201947
11.624283
11.983013
15.145094
12.443593
12.405775
12.998888
11.59887
10.450199
14.711334
1.718858
1.964085
12.749037
13.828909
15.259114
15.692287
15.878067
15.757286
15.533494
15.099081
14.566401
-0.110561
-0.118316
0.221371
-8.991051
-7.157008
-7.947949
-13.283611
-12.667925
-12.371305
-15.528992
-15.91555
-10.781874
-9.965878
-4.458554
-5.873662
-6.274993
-3.027408
-15.992203
-16.754078
-16.61818
-17.207478
-3.845238
-1.854864
-1.909127
-4.075598
-16.282121
-16.59679
-15.766882
-15.263921
-7.165593
-12.916601
-13.566606
-14.062895
-6.050779
-6.924024
-9.1634
-10.780169
-16.161907
-11.153998
-11.456892
-15.008444
-11.951017
-11.927894
-10.999762
-12.248516
-13.674512
-14.431617
-14.002871
-1.507828
-1.258195
-14.575479
-13.482614
-15.212161
-15.805328
-16.224972
-16.272999
-16.164812
-15.777208
-15.264652
-10.415533
-11.863646
-11.20095
