10.92725
11.212879
10.955656
10.497987
8.485541
7.717726
-1.501561
0.30844
9.892291
10.473021
10.010053
9.47759
11.522715
11.164878
11.334264
11.517626
11.276654
-3.245123
-3.486545
-2.017328
-9.931812
-9.663211
-9.277255
-9.535655
-4.745439
-6.335617
-6.108105
-4.761172
11.361749
6.731811
4.619293
5.94537
-10.129494
-9.652013
-9.731437
-8.957023
8.891772
9.294423
2.129725
8.775788
8.321592
-8.313038
-8.722834
-9.595658
3.79324
10.735517
10.878414
-7.589245
-7.285262
1.569597
-0.122255
-1.803093
-3.357289
-4.746544
-5.96419
-7.01851
-9.052966
-9.287548
10.352314
10.340721
10.344034
10.611691
6.783818
7.386987
8.143415
0.323728
-1.417695
9.411285
9.937608
10.963451
10.964693
10.765717
10.770759
-3.13921
-3.528804
-2.033093
-3.629181
-10.092924
-9.765912
-9.585281
-9.898183
-5.909549
-4.786728
-4.708872
-6.130509
10.789102
6.381775
5.70593
4.422664
-10.210622
-9.828644
-9.818177
-9.051118
-0.415467
8.405205
8.864713
2.08557
7.897776
8.384099
-9.571552
-8.74354
-8.376044
3.673055
4.989652
10.601236
10.362815
-7.359718
-7.668079
1.554462
-0.100273
-1.759734
-3.251852
-4.742872
-6.017668
-7.100274
10.020203
8.816842
9.436177
