10.423993
9.342632
8.725777
14.270772
13.447803
13.923952
16.011624
12.15161
11.383564
5.698777
7.696513
7.089399
4.143306
16.553836
17.051076
16.641477
3.746373
4.038321
1.891501
1.785985
16.245158
15.828989
14.703324
15.392497
8.487665
8.331401
14.414336
15.294931
14.784439
5.877674
6.712325
8.881391
10.378816
16.456928
12.778317
15.85106
13.213798
13.433718
13.021006
11.687212
10.583127
15.464092
15.561595
15.015851
2.056207
2.300296
12.85824
13.894026
15.900907
16.160222
16.294236
16.146727
15.800591
15.267325
14.653954
0.062356
0.034003
10.514729
11.445332
9.453302
12.884519
12.224167
0.341749
0.292168
-9.861884
-8.787865
-13.639569
-13.287693
-12.828625
-15.586825
-11.552235
-10.787775
-5.092276
-6.515501
-7.122075
-3.508485
-15.578258
-16.416699
-16.466072
-16.937334
-16.920808
-3.54653
-1.670534
-1.702428
-3.757314
-15.74725
-16.14155
-15.178763
-14.513916
-7.740779
-7.918388
-14.083923
-6.435559
-8.528151
-10.057918
-16.213137
-12.177562
-15.282976
-12.824222
-12.608368
-11.376313
-12.769728
-14.810194
-14.983874
-14.347971
-1.685741
-1.393083
-13.714019
-12.605227
-15.456248
-15.846789
-16.038498
-15.874049
-15.649782
-15.139122
-14.520393
-10.887427
-9.989781
-8.903282
-12.282701
-11.639943
