10.032029
8.964111
8.212144
14.049565
13.214369
13.530657
15.855457
15.777441
11.767633
10.999156
5.337101
7.281753
6.780583
3.780085
15.667928
16.429132
16.958435
16.500882
3.539391
3.816304
1.730693
1.628921
16.168372
15.776271
14.616705
15.258403
8.149975
13.787461
14.743715
14.310812
5.622131
6.480401
8.630945
10.16127
16.274937
12.191501
12.395043
15.460668
12.841248
12.904163
12.944903
11.526297
10.38405
15.00471
15.149246
14.650879
1.819326
2.070006
12.715557
13.824042
15.556984
15.966882
16.133933
16.005926
15.704892
15.201956
14.612057
-0.05214
-0.082264
10.288189
11.227836
12.697175
12.027766
0.23096
-9.413989
-8.340285
-13.494672
-12.997962
-12.621128
-15.629316
-11.184102
-10.389681
-4.734143
-6.169439
-6.644283
-3.239023
-15.929986
-16.713584
-16.641233
-17.083988
-17.17116
-3.667035
-1.757016
-1.790263
-3.883748
-16.147646
-16.508375
-15.614772
-15.026052
-7.450103
-7.509076
-13.292032
-13.814841
-14.275909
-5.806772
-6.657364
-8.834128
-10.431594
-2.935128
-16.240924
-11.836575
-15.140308
-12.403448
-12.286245
-10.625762
-11.860237
-13.312287
-14.580935
-14.781841
-14.170943
-1.605346
-1.34668
-14.265525
-13.133487
-15.332472
-15.895729
-16.248582
-16.217929
-16.050421
-15.594861
-15.02068
-10.65699
-9.730553
-8.622002
-12.089976
-11.433469
