10.012752
8.938922
8.195578
9.368284
14.035693
13.197409
13.513682
15.967501
15.855552
11.757972
10.990379
10.453549
11.366787
5.30582
6.068214
7.253514
6.749017
3.744341
15.782321
16.570531
16.634856
3.528995
3.790569
1.696659
1.60943
16.294178
15.903771
14.715057
15.355936
8.123657
13.783449
14.779661
14.319235
5.651529
6.491973
8.6898
10.21519
16.386253
12.162179
12.377287
15.532846
12.822868
12.880928
13.050722
11.60397
10.471819
15.058264
1.768635
2.003635
12.79805
13.927475
15.630377
16.067592
16.261574
16.139468
15.818514
15.31751
14.734891
-0.086586
-0.101953
0.154688
0.106001
-9.638691
-7.825426
-8.550453
-13.68054
-13.194392
-12.812842
-15.801284
-16.099296
-11.399174
-10.617702
-4.91409
-6.3464
-6.854151
-3.410397
-16.034252
-16.795082
-16.75424
-17.178435
-17.243047
-3.689526
-1.776584
-1.830523
-3.9271
-16.177295
-16.563604
-15.676957
-15.053254
-7.708048
-13.489428
-14.007925
-14.463484
-5.844726
-6.71553
-8.881862
-10.495439
-16.380755
-12.043824
-15.323256
-12.611999
-12.49334
-10.664937
-11.903017
-13.327695
-14.772344
-14.970714
-14.365095
-1.740924
-1.454044
-14.283169
-13.180827
-15.505809
-16.054034
-16.380792
-16.312219
-16.10413
-15.620041
-15.031621
-10.846251
-9.92219
-12.27788
-11.621932
