11.872733
12.21169
12.2186
11.711208
7.314385
8.918467
8.165299
-1.689146
0.216736
10.65668
11.354315
11.111656
10.429002
12.722059
12.581296
12.549623
12.555581
12.615442
-3.489992
-3.732645
-2.212664
-10.673542
-10.388229
-9.920398
-10.206976
-5.008631
-6.140238
-6.377877
-5.026042
12.385962
7.152318
4.811283
6.224761
-10.846665
-10.292748
-10.209103
-9.309986
-0.536671
9.694078
9.942381
2.151444
9.341274
8.948356
-8.600137
-8.987718
-9.956594
3.916568
11.906101
12.271732
-7.835703
-7.552973
1.576292
-0.23016
-2.000349
-3.609825
-5.015384
-6.251629
-7.317936
-9.621336
-9.874454
11.609343
12.058765
11.621493
11.943267
11.969179
7.294343
8.039566
8.790773
0.385489
-1.457519
10.406892
11.092894
12.490256
12.340302
12.311776
12.399187
-3.233475
-3.546102
-2.009438
-2.139803
-3.601511
-10.716893
-10.365437
-10.182737
-10.531112
-5.946363
-4.826316
-4.821391
-6.208384
12.155536
7.006606
6.183119
4.796418
-10.730214
-10.307613
-10.095073
-9.223286
-0.312108
9.733329
2.276627
8.736968
9.160582
-9.744328
-8.830077
-8.43648
3.985623
3.380648
5.385138
12.160141
11.758627
-7.40121
-7.714731
1.756973
-0.022047
-1.768639
-3.312077
-4.819761
-6.073854
-7.1294
10.881611
11.446268
9.517751
10.209651
