10.424265
9.323372
14.302284
13.477918
13.915211
12.168592
11.405321
5.61604
7.639136
7.045471
4.031904
16.642943
17.149536
17.165275
16.72418
3.615839
3.900891
1.807468
1.700061
16.89415
16.325521
15.892116
14.709706
15.422888
8.463064
8.322692
14.305114
15.175434
14.711298
5.721407
6.565875
8.72756
10.243358
3.627962
16.518635
12.78648
15.81837
13.219952
13.406022
12.9676
11.570458
10.450227
15.376742
15.498742
14.975981
1.968681
2.216629
12.774289
13.870804
15.884893
16.221397
16.368657
16.229249
15.862206
15.308526
14.678101
0.023677
-0.015337
10.517562
11.457123
9.451142
12.92147
12.251342
0.270475
-9.884109
-8.790674
-13.708603
-13.342672
-12.884817
-13.21019
-11.606286
-10.839215
-5.075482
-6.516141
-7.09502
-3.504814
-16.576941
-16.598501
-17.047041
-17.055314
-3.520158
-1.668852
-1.693687
-3.730573
-15.904451
-16.309963
-16.905493
-15.352299
-14.67659
-7.760666
-7.913734
-14.104706
-5.599437
-6.424026
-8.52761
-10.087894
-3.134452
-16.298212
-12.233037
-15.30893
-12.875111
-12.662671
-10.253808
-11.442726
-12.87864
-15.787614
-14.798452
-14.980814
-14.376603
-1.71917
-1.435532
-13.857304
-12.719171
-15.484717
-15.953499
-16.194485
-16.05512
-15.822648
-15.300282
-14.670014
-10.925585
-10.017616
-8.929185
-12.333542
-11.686544
