10.080398
9.031863
8.369372
9.531733
13.194986
13.594428
15.906676
15.829084
11.800676
11.026389
10.602827
11.518769
5.485943
6.296096
7.406915
6.864719
3.965394
15.736459
16.468723
16.544766
3.750521
4.024188
1.843481
1.758607
16.19609
13.989645
14.723277
15.33829
8.217037
14.04815
15.046636
14.506141
6.740971
8.953568
10.446979
16.332749
12.310429
12.43223
15.649099
12.878782
13.012287
11.799796
15.263878
1.933343
2.161361
12.944154
13.974993
15.714829
16.016591
16.186563
16.049662
15.750119
15.272888
-0.012351
-0.011924
0.273701
0.205102
-9.690261
-7.970843
-8.629256
-13.611778
-13.171146
-12.773403
-15.639724
-15.818675
-11.391349
-10.619107
-5.00448
-6.409826
-6.980688
-5.8373
-3.466452
-15.714366
-16.517178
-16.537835
-3.706473
-1.764301
-1.828497
-3.943994
-16.261287
-14.028193
-15.355426
-14.733102
-7.790533
-13.557988
-14.02962
-14.554318
-6.694469
-8.830241
-10.388957
-16.258012
-11.921854
-12.029061
-15.315296
-12.61772
-12.476946
-11.725007
-14.833294
-15.014508
-14.359575
-1.710417
-1.404153
-13.983499
-12.92759
-15.490762
-15.89724
-16.125214
-15.996772
-15.789543
-15.311846
-14.731741
-12.243385
-11.595879
