11.598669
11.999306
12.125165
11.576576
8.677066
7.973911
-1.865362
0.059562
10.393923
11.060125
10.940342
10.242537
12.675507
12.644612
12.451198
12.414096
12.77598
-3.667707
-3.885086
-2.396621
-11.378987
-11.055104
-10.67392
-10.980851
-5.112948
-6.75909
-6.517064
-5.181375
12.213334
7.059304
4.750874
6.125095
-10.900647
-10.783216
-9.763329
-0.728057
9.513453
9.712392
2.056002
9.124347
8.767674
-9.28194
3.859852
12.099682
12.605144
-8.03966
-7.689091
1.473206
-0.393163
-2.171548
-3.756117
-5.131996
-6.341302
-10.469451
-10.701771
11.95362
12.436759
11.589056
12.074276
12.002256
7.205331
7.968058
8.689312
0.367006
-1.479375
10.331721
11.005037
12.624193
12.40033
12.422103
12.570992
12.702516
-3.232326
-3.461641
-1.979489
-11.253634
-11.009824
-10.818895
-11.0242
-4.686883
-6.347805
-4.791376
-6.142857
12.215168
7.014022
6.174316
4.836685
-10.692635
-10.466054
-9.461765
-0.292621
9.42172
9.660884
2.299638
8.69268
9.083332
-8.909083
4.033753
3.419208
5.37947
12.581333
12.051016
-7.309667
-7.703755
1.787018
-0.023149
-1.76455
-3.276957
-4.736284
-5.951759
-6.98541
9.433163
10.145508
