10.173059
9.090949
8.370899
14.142969
13.311319
13.66833
15.891474
11.914121
11.148024
5.428759
7.404389
6.870407
3.859034
16.527189
17.049728
17.054973
16.601181
3.555165
3.833079
1.748428
1.645747
16.243668
15.835221
14.6599
15.329582
8.259455
8.165746
13.966174
14.893861
14.451074
5.647585
6.500071
8.658276
10.184437
16.378841
12.393582
12.53659
15.594516
12.977934
13.082348
12.958093
11.539383
10.404677
15.13745
15.276776
14.767537
1.861683
2.110293
12.73717
13.848345
15.681519
16.073728
16.237117
16.10618
15.777561
15.254594
14.649148
-0.030929
-0.063874
10.370238
11.311514
9.296512
12.78057
12.1107
0.23244
-9.607082
-8.523243
-13.595046
-13.145675
-12.739039
-15.67913
-11.361598
-10.578067
-4.873042
-6.311506
-6.824798
-3.35078
-16.684803
-16.64708
-17.088343
-17.146895
-3.613356
-1.726543
-1.757981
-3.829614
-16.075189
-16.45546
-17.02654
-15.539604
-14.915171
-7.580142
-7.673754
-13.939385
-14.395284
-5.732593
-6.576681
-8.726817
-10.314794
-3.020706
-16.281539
-12.004132
-15.220264
-12.598096
-12.446397
-10.495955
-11.717793
-13.165137
-14.676232
-14.870902
-14.265609
-1.661756
-1.392244
-14.130755
-12.996661
-15.405822
-15.940016
-16.254019
-16.182546
-15.987064
-15.503642
-14.906793
-10.774931
-9.854548
-8.751603
-12.199767
-11.54641
