11.863655
12.205589
12.295156
7.296553
8.879404
8.169713
0.226034
10.634424
11.331643
12.672202
12.562885
12.485131
12.585989
-3.675458
-3.707293
-2.282655
-2.177596
-10.491013
-10.174832
-9.719465
-10.020221
-4.926001
-6.023051
-6.289005
-4.970282
12.358613
12.177537
7.192223
4.833892
6.241872
-10.708926
-10.113976
-10.046493
-9.157024
-0.516856
9.749672
9.927882
2.172332
9.328263
8.981829
-8.431149
-8.827109
-9.771738
3.940889
3.26188
5.328076
11.769889
12.20095
-7.709022
-7.428325
1.595922
-0.21684
-1.979034
-3.567299
-4.945998
-6.148779
-7.18225
-9.423719
-9.690992
11.492826
10.944406
11.895912
9.597913
10.295336
11.449114
11.552592
11.886521
7.282027
8.044648
8.762209
0.461146
10.361877
11.029206
12.374843
12.196913
12.249335
12.311228
-3.39833
-1.883434
-1.998478
-3.438791
-10.513799
-10.147831
-9.934103
-10.287328
-5.774454
-4.663838
-4.655465
-4.690005
-6.0589
11.901175
12.053338
6.201319
4.842445
-10.575541
-10.111118
-9.908579
-9.034967
11.95718
-0.208954
9.703511
2.344244
8.758763
9.145683
-9.530411
-8.624585
-8.22633
4.031499
3.427738
5.399155
12.04677
11.596466
-7.224982
-7.535862
1.829139
0.067031
-1.660544
-3.182726
-4.673106
-5.912104
-6.95002
10.754147
11.291306
11.633538
9.448486
10.108753
