9.91641
8.876177
8.170288
9.303167
13.089103
13.432548
15.845498
15.743845
11.638688
10.86338
10.359743
11.270178
5.349825
6.116525
7.244357
3.833952
15.676011
16.43541
16.5045
3.693414
3.958495
1.788324
1.709239
16.180051
13.956336
14.712725
15.302855
8.078806
13.817763
14.859789
14.33298
6.683161
8.902417
10.403701
12.066254
12.270382
15.51737
12.721568
12.797822
11.781515
10.670062
15.11163
2.06942
12.927118
13.979218
15.598481
15.951028
16.138509
16.009239
15.727435
15.26762
-0.059104
-0.053084
0.224766
0.158414
-9.56312
-7.810333
-8.502792
-13.586573
-13.09322
-12.72728
-15.677275
-15.911027
-11.286789
-10.506419
-4.910708
-6.316214
-6.848655
-5.709402
-3.403379
-15.842984
-16.622787
-16.608735
-3.76721
-1.804897
-1.876705
-4.01273
-16.386448
-14.214041
-15.509303
-14.911037
-7.678304
-13.438342
-13.966909
-14.483395
-6.802328
-8.966966
-10.550473
-16.286989
-11.764522
-11.933111
-15.299963
-12.490821
-12.388865
-11.917392
-13.277717
-14.793631
-1.706109
-1.404125
-14.179246
-13.128399
-15.479976
-15.934778
-16.210014
-16.120097
-15.926999
-15.466737
-14.90353
-12.203451
