11.478412
11.852674
11.861527
11.324623
8.664555
7.927557
-1.793099
0.1105
10.312931
10.963377
10.72093
10.062074
12.46946
12.326757
12.226192
12.484671
-3.589997
-3.825662
-2.330159
-11.146825
-10.848944
-10.458289
-10.748576
-5.072627
-6.703802
-6.470033
-5.116903
12.061732
6.979635
4.716757
6.085179
-10.709772
-10.625594
-9.654548
9.37127
9.643504
2.064771
9.068178
8.670263
-9.231323
-10.265105
3.837796
12.280792
-7.998835
-7.659005
1.487314
-0.339411
-2.101609
-3.690367
-5.081818
-6.308516
-10.24512
-10.472355
11.693428
12.11237
11.371901
11.724298
11.760567
7.129877
7.85251
8.596688
0.325576
-1.50687
10.170827
10.823549
12.339648
12.175574
12.115827
12.189015
12.345949
-3.263324
-3.543288
-2.046918
-11.093503
-10.835792
-10.660919
-10.890487
-4.783453
-6.401552
-4.834066
-6.20876
11.974122
6.869063
6.073244
4.73244
-10.593979
-10.406527
-9.454916
-0.363381
9.20692
9.517938
2.22629
8.526189
8.953272
-8.964203
-8.462052
3.939927
12.222276
11.776165
-7.400731
-7.776106
1.70773
-0.077861
-1.811522
-3.330361
-4.805333
-6.040643
-7.092603
9.343915
