10.687866
10.97424
10.686382
10.231066
8.354471
7.59304
-1.496614
0.297749
9.691129
10.242714
9.758639
9.253345
11.274576
10.893848
11.07346
11.284149
11.03894
-3.228991
-3.465452
-2.012227
-9.913636
-9.641199
-9.287607
-9.544163
-4.712006
-6.322746
-6.079784
-4.736868
11.125341
6.630751
4.569848
5.871217
-10.115086
-9.636
-9.741773
-8.969979
8.698336
9.122569
2.107805
8.622815
8.163155
-8.282042
-8.723987
-9.595263
3.758188
10.537302
10.661655
-7.577472
-7.256725
1.549264
-0.13078
-1.795277
-3.333802
-4.714276
-5.923177
-9.095715
-9.322782
10.164618
10.419842
10.078898
10.048922
10.346621
6.665434
7.243501
7.995384
0.308115
-1.41362
9.198549
9.690616
10.683139
10.700876
10.477294
10.501475
-3.119984
-3.509503
-2.03207
-10.06708
-9.764796
-9.583006
-9.862422
-4.752803
-6.276412
-4.680639
-6.102606
10.527115
6.258465
5.609062
4.355555
-10.202402
-9.803753
-9.831057
-9.060444
-0.432328
8.19533
8.677862
2.051788
7.722086
8.214781
-9.575087
-8.740493
-8.350289
3.619613
4.909668
10.367548
10.137828
-7.334231
-7.656429
1.5197
-0.115941
-1.757015
-3.233121
-4.711858
-5.983631
-7.067568
8.661165
9.269731
