10.576574
9.484464
14.37617
13.816478
13.559113
14.070346
12.303038
11.53705
5.805
7.832768
7.198306
4.237981
16.537069
17.022064
17.050679
16.632533
3.756331
4.061626
1.928626
1.809581
16.218832
15.783574
14.661504
15.380978
8.613138
8.435759
14.904608
5.860119
6.705513
8.840698
10.340323
3.795378
16.468579
12.930951
15.914858
13.362059
13.622497
12.937365
11.620691
10.513488
16.128053
15.536835
15.623319
15.10735
2.130964
2.386896
12.799378
13.826422
15.956491
16.183731
16.292598
16.13809
15.780125
15.223668
14.587217
0.108106
0.063244
10.610055
11.534628
9.556946
12.982081
12.314174
0.40073
-9.858243
-8.78478
-13.584798
-13.268024
-12.784375
-13.062976
-11.545242
-10.779921
-5.070429
-6.501158
-7.113652
-3.469216
-16.336557
-16.38935
-16.872594
-16.850458
-3.472636
-1.624206
-1.635878
-3.665085
-15.669022
-16.061496
-16.6924
-15.071844
-14.401309
-7.721857
-7.906444
-14.041059
-6.306687
-8.383712
-9.893845
-3.09099
-16.14186
-12.167831
-15.206335
-12.591498
-11.209484
-12.626397
-15.703363
-14.737022
-14.907798
-14.276221
-1.627741
-1.349746
-13.584445
-12.445069
-15.381733
-15.765588
-15.947499
-15.778847
-15.56144
-15.04705
-14.417388
-10.84335
-9.948391
-8.881919
-12.233299
-11.59264
