11.991474
12.407889
7.217682
8.003578
8.799926
8.190773
10.685595
11.4015
13.032241
12.965319
12.680184
13.193856
-3.823036
-3.832389
-2.458939
-2.358943
-11.123819
-10.73134
-10.330763
-10.676579
-5.009207
-6.034249
-6.395411
-5.129196
12.576639
12.244258
6.289042
-11.382704
-10.63314
-10.49566
-9.471843
12.410522
-0.687368
9.970777
2.128805
9.352029
9.11653
-8.448545
-8.968817
-9.998196
1.096494
3.972205
3.260564
5.318974
12.207294
12.919314
-7.812258
-7.486904
1.538829
-0.374624
-2.167828
-3.730579
-5.057886
-6.204171
-7.184912
-10.087627
-10.362662
11.449207
10.869161
11.884251
9.492846
10.197608
12.012722
11.931675
12.331354
7.389922
8.242973
8.892215
8.183176
10.626441
11.321433
12.926134
12.595088
12.854686
13.073858
-3.152125
-1.693083
-1.763351
-3.137553
-10.938207
-10.632615
-10.372756
-10.628915
-5.430486
-4.363034
-4.298823
-4.545138
-5.849246
12.19271
12.498942
6.399845
-10.364351
-10.085291
-9.061143
12.376429
-0.025006
9.940501
2.520473
9.361982
-8.466442
-7.929039
1.636049
4.247768
3.63687
5.56369
12.847247
12.168574
-6.946859
-7.322156
2.021162
0.20702
-1.526072
-3.016169
-4.451952
-5.632716
-6.620444
10.887639
11.455208
11.873996
9.562135
10.227543
