9.808389
8.758042
7.999444
9.123865
13.320217
15.886208
15.746663
11.546322
10.773957
10.181466
11.087368
5.197931
5.926446
7.094459
3.663716
15.710982
16.517089
16.575237
3.563631
3.814142
1.685445
1.612819
16.261996
13.921868
14.738662
15.329722
7.967555
12.78452
13.596143
14.669687
14.175921
5.720092
6.548111
8.779895
10.297516
11.883379
12.169638
15.432685
12.622148
12.637549
13.150221
11.710816
10.585258
14.970648
1.934521
12.881456
13.995213
15.535407
15.981404
16.196783
16.079628
15.788661
15.326068
14.77881
-0.125203
-0.118902
0.122617
0.056213
-9.563182
-8.918883
-7.753366
-8.485584
-13.672032
-13.138874
-12.792351
-15.827386
-16.132472
-11.320441
-10.93944
-10.536858
-4.891668
-6.308582
-6.807042
-5.665886
-3.410269
-16.081232
-16.82398
-16.777791
-3.793279
-1.834738
-1.912302
-4.049511
-16.598082
-14.450694
-15.74448
-15.143714
-7.661607
-13.42431
-13.997285
-14.476595
-5.988342
-6.87845
-9.065855
-10.690776
-16.40442
-11.759444
-11.970915
-15.360723
-12.506413
-12.430735
-10.859446
-12.096425
-13.482906
-14.815277
-1.765456
-1.464385
-14.406824
-13.347165
-15.542592
-16.07794
-16.409692
-16.350567
-16.149002
-15.683346
-15.118607
-12.267577
