11.643495
11.984855
11.895026
11.370055
8.033746
-1.711049
0.186761
10.475398
11.144618
10.785559
10.138129
12.53983
12.295315
12.292812
12.43872
-3.515253
-3.778338
-2.25444
-10.880122
-10.617474
-10.173722
-10.446805
-5.063463
-6.649765
-6.445776
-5.067687
12.184022
7.876236
7.016139
4.740665
6.133962
-11.014137
-10.490615
-10.413275
-9.498627
9.452749
9.782868
2.104903
9.198489
8.759617
-8.741189
-9.161138
-10.158392
3.857702
12.165545
-7.958895
-7.65404
1.531814
-0.262371
-2.02581
-3.639123
-5.059742
-6.31748
-7.407525
-9.907941
-10.13941
11.614361
11.992801
11.445738
11.124406
11.683134
11.808192
7.191737
7.899084
8.675552
0.298903
-1.541521
10.250211
9.881817
10.921667
12.353559
12.239451
12.116238
12.118122
12.259162
-3.321058
-3.661104
-2.124619
-10.92344
-10.615986
-10.460762
-10.763643
-4.937797
-6.48344
-4.916879
-6.31856
12.017646
6.855271
6.077305
4.695133
-10.906013
-10.497706
-10.309089
-9.426068
-0.422863
9.220342
9.586115
2.184112
8.553507
9.01495
-9.963643
-9.026039
-8.605082
3.897485
12.084986
11.727748
-7.536785
-7.871276
1.659811
-0.120011
-1.867358
-3.413919
-4.923135
-6.185821
-7.257526
9.435029
