11.541747
11.894362
11.958051
7.154042
8.692186
7.992921
-1.699843
0.186584
10.360322
11.018585
12.38257
12.242404
12.199332
12.340158
-3.475385
-3.683008
-2.20624
-10.608248
-10.284967
-9.879949
-10.180216
-4.914354
-5.990319
-6.289794
-4.974411
12.059089
7.054803
4.763828
6.137323
-10.82406
-10.217178
-10.172754
-9.265243
-0.568182
9.488715
9.692263
2.128638
9.116529
8.76414
-8.439296
-8.896306
-9.857845
3.887931
3.208516
5.240968
11.588192
12.012925
-7.744246
-7.432661
1.552959
-0.255222
-2.000768
-3.569291
-4.936137
-6.128354
-7.155285
-9.637003
-9.89042
10.723235
9.397929
10.082177
11.307372
11.251699
11.594322
7.131447
7.865734
8.577128
0.430874
-1.375725
10.108024
10.735756
12.085535
11.917922
11.940345
12.059355
-3.112461
-3.379784
-1.89247
-2.014508
-3.423519
-10.596782
-10.279013
-10.066315
-10.356499
-5.719286
-4.621023
-4.668102
-6.0337
11.646217
11.771448
6.90198
6.085266
4.76567
-10.670203
-10.169388
-10.007161
-9.107788
-0.237719
9.478317
2.300701
8.544955
8.938248
-9.594566
-8.658809
-8.209824
3.9719
3.364874
5.303715
11.858703
11.403121
-7.201512
-7.542058
1.785071
0.037947
-1.669722
-3.170763
-4.640993
-5.871932
-6.909901
10.551852
11.086769
11.41043
9.262213
9.917163
