9.921046
8.855466
8.056643
13.991909
13.153536
13.417573
15.788653
15.700583
11.65947
10.891367
5.225659
7.157741
6.690117
3.665033
15.597759
16.377763
16.916243
16.445399
3.46249
3.737003
1.678409
1.574654
16.132822
15.745021
14.573209
15.204536
8.052752
13.589385
14.558616
14.160259
5.519702
6.389713
8.524649
16.208772
12.01697
12.287416
15.32782
12.736598
12.749738
12.894651
11.447774
10.290135
14.8476
15.007386
14.534655
1.747504
2.00369
12.646041
13.780279
15.439846
15.899374
16.072744
15.950441
15.663533
15.166237
14.579409
-0.084421
-0.119416
10.22585
11.167465
12.650475
11.975675
0.203285
-9.242496
-8.168973
-13.42597
-12.88284
-12.531166
-15.624062
-11.042291
-10.236225
-4.592115
-6.033969
-6.459993
-3.126456
-16.038513
-16.807214
-16.689227
-17.124039
-17.249416
-3.694262
-1.778312
-1.806961
-3.908622
-16.281187
-16.62871
-17.171168
-15.754735
-15.193548
-7.334666
-7.350086
-13.131669
-13.701615
-14.145607
-5.849295
-6.709426
-8.914394
-10.532844
-2.859367
-16.233936
-11.704423
-15.066778
-12.247043
-12.159482
-10.737435
-12.002953
-13.483428
-14.475128
-14.685713
-14.085562
-1.560264
-1.318275
-14.443676
-13.294969
-15.266686
-15.894395
-16.306389
-16.325764
-16.181576
-15.746026
-15.186022
-10.558256
-9.621482
-8.509555
-12.004324
-11.343089
