11.496951
11.780612
11.665687
7.244726
8.770609
8.025146
-1.491705
0.349663
10.359186
11.009814
12.064921
11.966606
12.010898
11.803075
-3.248512
-3.476721
-3.520173
-1.988509
-9.774047
-9.488082
-9.033028
-9.30779
-4.743742
-5.852429
-6.086967
-4.760096
11.902875
7.011276
4.75956
6.140782
-10.004146
-9.497225
-9.530867
-0.372285
9.407784
9.697686
2.205121
9.135233
8.734755
-8.224645
-8.559092
-9.408818
3.900927
3.251657
5.284502
11.069421
11.309318
-7.491363
-7.232035
1.640461
-0.082183
-1.793877
-3.366831
-4.753635
-5.962569
-7.002362
-8.730811
-8.997078
11.25917
10.745568
9.475115
10.13485
10.632235
10.89712
11.16004
7.056177
7.733678
8.471461
0.430708
9.875731
10.466411
11.512989
11.453212
11.384011
11.311335
-3.082129
-3.443112
-1.921594
-2.065826
-3.520038
-9.942461
-9.538682
-9.332778
-9.73596
-5.855611
-4.724705
-4.755436
-4.656667
-6.06265
11.267059
11.311026
6.711202
5.951626
4.621263
-10.063738
-9.689195
-9.59941
-8.845376
11.17905
-0.282178
9.281852
2.226095
8.334477
8.773742
-9.357497
-8.558871
-8.247902
3.838885
3.2408
5.191521
11.028931
10.731448
-7.262917
-7.532366
1.70113
0.018296
-1.667401
-3.179328
-4.685801
-5.95575
-7.020121
10.332631
10.807797
11.074997
9.124878
9.739698
