10.654643
9.548425
14.429788
13.613036
14.146912
12.391639
11.628076
5.837832
7.889132
7.232985
4.257755
16.690382
17.176517
17.207159
16.782344
3.749481
4.045754
1.912821
1.801663
16.347749
15.901713
14.747722
15.486431
8.664981
8.472502
14.992592
6.712852
8.880314
10.375878
3.807017
16.605529
13.010897
16.039874
13.438387
13.719502
13.004073
11.66546
10.567703
16.251699
15.64563
15.736807
15.189669
2.120621
2.366262
12.855102
13.90124
16.077684
16.316217
16.439807
16.287601
15.898617
15.328925
14.685528
0.097979
0.059199
10.651355
11.58363
9.59488
13.028943
12.364133
0.350623
0.296
-10.115742
-9.025644
-13.764293
-13.482661
-12.977408
-13.217619
-11.789745
-11.038795
-5.263824
-6.696221
-7.350342
-3.641384
-16.379731
-16.470887
-16.940323
-16.888691
-1.616332
-1.638542
-3.654243
-15.653508
-16.074459
-15.075231
-14.360416
-7.907446
-8.128464
-14.236211
-6.289028
-8.343878
-9.86004
-3.223191
-16.257473
-12.40151
-15.367616
-13.090276
-12.820292
-11.14991
-12.551099
-15.837452
-14.909961
-15.07599
-14.453695
-1.746621
-1.445762
-13.521142
-12.395658
-15.533333
-15.896252
-16.042088
-15.82712
-15.567241
-15.017307
-14.363881
-11.033471
-10.142915
-9.069573
-12.418484
-11.779808
