9.567048
8.557668
7.739172
8.805019
12.868868
13.084887
15.508027
15.409247
11.276409
10.49686
9.82313
10.725317
5.092099
5.74753
6.917938
6.510222
3.596884
15.337019
16.111458
16.177419
3.588041
3.859633
1.723953
1.633863
15.923419
13.744148
14.52107
15.052778
7.803278
13.296295
14.372859
13.920982
5.679967
6.540165
8.695415
10.221985
11.549518
11.922818
15.09078
12.386012
12.339733
12.997789
11.616353
10.467739
14.672995
1.727638
1.974108
12.754168
13.815656
15.204379
15.62302
15.804653
15.682538
15.477405
15.056458
-0.106693
-0.111821
0.24545
-8.884655
-7.05645
-7.852015
-13.207731
-12.57476
-12.290797
-15.464928
-15.85474
-10.674787
-9.853749
-4.388778
-5.798374
-6.187709
-2.966471
-15.951876
-16.718427
-16.572294
-3.872627
-1.866446
-1.921483
-4.101474
-16.571497
-14.54003
-15.749064
-15.26693
-7.080225
-12.824795
-13.49219
-14.002238
-6.085128
-6.955943
-9.204644
-10.816262
-16.1111
-11.029837
-11.354306
-14.952377
-11.838068
-11.82874
-11.045002
-12.287965
-13.707495
-14.377942
-13.938958
-1.463866
-1.218942
-14.594311
-13.507213
-15.159066
-15.745879
-16.171612
-16.233731
-16.142918
-15.772491
-15.27365
-11.788249
-11.125256
