10.738181
11.020745
10.730935
10.277983
8.387172
7.622297
-1.486472
0.308888
9.735212
10.292814
9.805545
9.297193
11.311881
10.928818
11.116408
11.324905
11.062453
-3.220178
-3.45855
-2.001405
-9.871401
-9.601496
-9.238222
-9.493965
-4.709477
-6.312333
-6.07435
-4.73026
11.168883
6.65111
4.580746
5.887922
-10.07322
-9.599413
-9.703694
-8.938957
8.737226
9.160615
2.116919
8.657419
8.196857
-8.275782
-8.704188
-9.569609
3.766849
10.552034
10.671267
-7.56535
-7.251105
1.558603
-0.119548
-1.785767
-3.327775
-4.710987
-5.922379
-9.03606
-9.265608
10.168462
10.117066
10.082679
10.381123
6.687409
7.268157
8.022118
0.312291
-1.41184
9.232643
9.730107
10.713314
10.732885
10.51064
10.520136
-3.12151
-3.515686
-2.032612
-10.03592
-9.723457
-9.541981
-9.83485
-4.764217
-6.27833
-4.684968
-6.108837
10.559353
6.275907
5.623481
4.36311
-10.170381
-9.781727
-9.80466
-9.042557
-0.429968
8.226398
8.708306
2.055925
7.749827
8.243208
-9.559577
-8.733825
-8.355938
3.62476
4.921465
10.373753
10.150061
-7.341396
-7.656729
1.5236
-0.11266
-1.756431
-3.23644
-4.719648
-5.994019
-7.078896
8.687499
9.295991
