10.354149
9.24052
14.284748
13.456766
13.838776
12.113472
11.353707
5.48942
7.522174
6.955743
3.883664
16.709469
17.229595
17.234753
16.782133
3.484852
3.759791
1.713822
1.608146
16.971762
16.391335
15.949945
14.716038
15.438217
8.38317
8.268954
14.118675
15.001287
14.579108
5.570318
6.42288
8.584054
3.510875
16.550597
12.723778
15.740236
13.157535
13.291594
12.934017
11.47209
10.335427
15.244378
15.393736
14.888166
1.856703
2.10591
12.703431
13.859562
15.8269
16.249251
16.416219
16.286965
15.909256
15.346418
14.708978
-0.029515
-0.07401
10.477715
11.426949
9.403904
12.913395
12.235883
0.187444
-9.861298
-8.751513
-13.764738
-13.365701
-12.921994
-13.286029
-11.618374
-10.846482
-5.032444
-6.487197
-7.029174
-3.484935
-16.75664
-16.74269
-17.166894
-17.206935
-3.525609
-1.685736
-1.709215
-3.740288
-16.090942
-16.503078
-17.071578
-15.562104
-14.885721
-7.75406
-7.873871
-14.106127
-5.619045
-6.463484
-8.587615
-10.18413
-3.137625
-16.387668
-16.820199
-12.249476
-15.33399
-12.874822
-12.681469
-10.345335
-11.580466
-13.052347
-15.80801
-14.783027
-14.97586
-14.399596
-1.752279
-1.476188
-14.057625
-12.899429
-15.513199
-16.065237
-16.364816
-16.259985
-16.024491
-15.498335
-14.864996
-10.945463
-10.025547
-8.929037
-12.368759
-11.716456
