9.981048
8.923981
8.230792
9.38277
13.494507
15.996874
15.870989
11.717088
10.944924
10.453706
11.364411
5.357633
6.144096
7.277829
3.824302
15.825096
16.606426
16.670138
3.660914
3.914553
1.753414
1.682985
16.32594
14.020692
14.80337
15.414607
8.114938
13.122145
13.884471
14.934652
14.396318
6.663202
8.916105
10.41665
12.149526
12.338384
15.630118
12.785963
12.872877
13.214935
11.809607
15.197066
2.025514
12.971694
14.055105
15.711302
16.092531
16.299354
16.174519
15.858876
15.384
14.828809
-0.08048
-0.069011
0.156253
0.068111
-9.824008
-9.248803
-8.067761
-8.743379
-13.783108
-13.319045
-12.933945
-15.84788
-16.062426
-11.54108
-11.245434
-10.774594
-5.101925
-7.079867
-5.941704
-3.57746
-15.940391
-16.703139
-16.721696
-3.745771
-1.800727
-1.883424
-4.004791
-16.438271
-14.22933
-15.554879
-14.910956
-7.899475
-13.666259
-14.16883
-14.667366
-6.793648
-8.939641
-10.536643
-16.424398
-12.04173
-12.177133
-15.472056
-12.749363
-12.628414
-11.885075
-13.235804
-14.969863
-1.835807
-14.154629
-13.114664
-15.642727
-16.09214
-16.341677
-16.210783
-15.973252
-15.4757
-14.887582
