11.852045
12.24309
12.306942
11.743484
8.102057
-1.865996
0.076045
10.623875
11.320082
11.100446
10.391139
12.952872
12.840353
12.685571
13.004102
-3.691868
-3.943225
-2.416199
-11.498209
-11.210797
-10.779834
-11.073033
-5.21111
-6.828358
-6.613026
-5.240799
12.471235
8.05443
7.122699
4.78045
6.186218
-11.024001
-10.870678
-9.851239
9.654694
9.90512
2.065639
9.297208
8.897996
-8.917915
-9.403548
3.874356
12.836162
-8.149893
-7.819357
1.483345
-0.381875
-2.181863
-3.803188
-5.215368
-6.466911
-7.551683
-10.533414
-10.761251
12.241652
12.696898
11.895466
11.728109
12.328275
12.318136
7.33343
8.100811
8.860952
0.311545
-1.567571
10.575149
10.326146
11.298514
12.974908
12.732477
12.850709
13.000505
-3.355742
-3.627175
-2.102442
-11.415949
-11.152716
-10.992973
-11.238298
-4.885049
-6.502038
-4.944166
-6.315959
12.544082
7.085415
6.246079
4.850239
-10.862854
-10.593864
-9.607637
-0.376684
9.586845
9.866144
2.264192
8.836235
9.259025
-9.098208
-8.593425
4.034244
12.859307
-7.508416
-7.884446
1.747469
-0.092961
-1.869565
-3.419687
-4.911319
-6.147624
-7.19889
