10.804574
11.095493
10.851744
10.396087
8.404496
7.652426
-1.50866
0.294936
9.783721
10.349802
9.911305
9.386582
11.403322
11.064733
11.219711
11.393282
11.180664
-3.244451
-3.47574
-2.020362
-9.933495
-9.653796
-9.290364
-9.552518
-4.720451
-6.325602
-6.086358
-4.749521
11.243434
6.691204
4.599058
5.910704
-10.142137
-9.648603
-9.740376
-8.960728
8.809305
9.202274
2.118327
8.692885
8.249107
-8.272935
-8.70871
-9.582265
3.77974
10.635172
10.794354
-7.570758
-7.255362
1.55806
-0.134367
-1.807098
-3.348254
-4.725816
-5.930528
-9.087163
-9.320207
10.261719
10.212339
10.228429
10.483505
6.724693
7.322262
8.067286
0.332407
-1.397385
9.305958
9.812774
10.828686
10.825606
10.637476
10.658557
-3.106417
-3.482295
-2.002926
-10.075026
-9.762857
-9.574353
-9.864099
-4.726942
-6.253684
-4.665984
-6.081304
10.659798
6.339305
5.668239
4.407129
-10.209564
-9.801969
-9.808725
-9.030476
-0.398626
8.321348
8.773884
2.08769
7.824971
8.303638
-9.540706
-8.702714
-8.313978
3.663832
4.95842
10.506808
10.252351
-7.303849
-7.623141
1.557657
-0.087456
-1.734587
-3.213081
-4.691711
-5.95921
-7.036979
9.91228
8.729727
9.33899
