9.618458
8.573709
7.735342
8.83134
13.126891
15.756567
15.603871
11.359495
10.587448
9.875667
10.776517
5.012559
5.6729
6.885792
3.473983
15.575797
16.410193
16.46227
3.438345
3.686536
1.602627
1.525267
16.184379
14.653698
15.225702
7.803339
12.393479
13.25978
14.352414
13.918653
5.548158
6.397688
8.598317
10.138234
11.586186
11.984962
15.197823
12.442779
12.374349
13.055883
11.57354
10.421229
14.698417
1.597309
1.830554
12.757623
13.910793
15.326731
15.851954
16.074986
15.966709
15.703127
15.251126
14.709333
-0.17571
-0.178708
0.085749
0.049023
-9.244064
-7.367064
-8.16916
-13.531911
-12.918234
-12.615577
-15.796117
-16.213446
-11.051931
-10.247111
-4.629749
-6.057403
-6.469731
-3.19942
-16.249447
-16.969817
-16.843138
-17.391923
-3.83949
-1.869735
-1.937714
-4.089664
-16.441369
-16.792186
-15.971569
-15.4223
-7.367933
-13.12785
-13.781969
-14.23451
-6.059423
-6.963387
-9.199976
-10.858062
-16.374567
-11.420973
-11.71978
-15.214717
-12.213475
-12.188985
-11.047428
-12.335553
-13.771645
-14.614587
-14.223557
-1.672796
-1.402806
-14.705723
-13.615879
-15.410767
-16.054983
-16.488954
-16.518665
-16.361722
-15.933984
-15.395699
-12.098891
