11.407722
11.686595
11.416814
10.942453
7.963044
-1.514042
0.329125
10.309237
10.947822
10.42956
9.855456
12.041543
11.645358
11.829721
11.749292
-3.290397
-3.565264
-2.046206
-10.078111
-9.843284
-9.381055
-9.630749
-4.87042
-6.226552
-4.844789
11.846172
7.676188
6.898777
4.699244
6.079065
-10.233242
-9.795842
-9.813386
-9.032053
9.228013
9.647294
2.159818
9.09056
8.608158
-8.500111
-8.834256
-9.724754
3.843987
11.215562
11.335359
-7.702854
-7.432727
1.598008
-0.108652
-1.826864
-3.429245
-4.858164
-6.120523
-7.213791
-9.087325
-9.326093
10.824018
11.115307
10.900325
10.903798
11.185335
7.025425
7.662162
8.455522
0.29445
-1.497417
9.859588
10.467211
11.587609
11.582939
11.364468
11.343765
-3.26529
-3.687479
-2.136711
-3.792005
-10.278404
-9.910244
-9.756915
-10.137179
-6.13212
-4.987842
-4.869074
-6.306173
11.37109
6.584757
5.878066
4.513118
-10.324571
-10.014315
-9.923967
-9.171541
-0.466035
8.786303
9.251046
2.09562
8.220256
8.725095
-9.724926
-8.909047
-8.596149
3.736983
5.132512
11.120388
10.910222
-7.553257
-7.833257
1.562441
-0.140952
-1.851129
-3.392416
-4.923128
-6.217587
-7.312709
9.175212
