10.041813
8.969296
8.225545
14.055525
13.219375
13.541061
15.921418
15.828541
11.782568
11.014812
5.334841
7.284989
6.777936
3.774094
15.73467
16.507285
17.039318
16.575911
3.53673
3.806705
1.717376
1.622191
16.236325
15.842847
14.667774
15.312791
8.152344
13.809311
14.780211
14.333292
5.63911
6.488391
8.661755
10.189247
16.340002
12.204747
12.405594
15.511683
12.850868
12.917051
12.995462
11.563885
10.427298
15.04701
15.195507
14.675345
1.80159
2.044764
12.756486
13.874962
15.607321
16.027447
16.206427
16.08075
15.766885
15.262195
14.6736
-0.065202
-0.088891
12.701145
0.19601
-9.54316
-8.46142
-13.593645
-13.108077
-12.725123
-15.715171
-11.306757
-10.51975
-4.835515
-6.269848
-6.764966
-3.332844
-15.973194
-16.747298
-16.694071
-17.128078
-17.201049
-3.670308
-1.762005
-1.804556
-3.89658
-16.15167
-16.526778
-15.633434
-15.023858
-7.546252
-7.62263
-13.406032
-13.920358
-14.378216
-5.81446
-6.673506
-8.841931
-10.445559
-16.31075
-11.954306
-15.235245
-12.525369
-12.402926
-10.626631
-11.86108
-13.299871
-14.681818
-14.880726
-14.272994
-1.67532
-1.402205
-14.255768
-13.137161
-15.422102
-15.974553
-16.310212
-16.256661
-16.066739
-15.594339
-15.010595
-10.759864
-9.835327
-8.719531
-12.19114
-11.535309
