10.287224
9.19262
8.496006
14.22035
13.391521
13.779252
15.985433
12.033524
11.269607
5.49852
7.500562
6.940867
3.91697
16.609795
17.127307
17.135898
16.685324
3.560704
3.839213
1.758428
1.654741
16.307575
15.884937
14.694036
15.38768
8.346817
8.23403
14.104466
15.008045
14.560187
5.659049
6.507617
8.671058
10.194943
16.464978
12.55543
12.651598
15.699991
13.088911
13.225005
12.964551
11.542523
10.412889
15.239176
15.375553
14.85932
1.891568
2.1389
12.748984
13.865502
15.780392
16.162331
16.323199
16.190281
15.838432
15.298116
14.679071
-0.015571
-0.051562
10.436891
11.37987
9.364943
12.850187
12.179317
0.230503
-9.761766
-8.668816
-13.677894
-13.265858
-12.835267
-15.723648
-11.505577
-10.730551
-4.982266
-6.424302
-6.966726
-3.43891
-16.669615
-16.657948
-17.096943
-17.134021
-3.568257
-1.701608
-1.730955
-3.78389
-16.025135
-16.421531
-16.999544
-15.487907
-14.834412
-7.684364
-7.804269
-14.038971
-5.670833
-6.510193
-8.639553
-10.221393
-3.089354
-16.317533
-12.14025
-15.284235
-12.755829
-12.57647
-10.391987
-11.605959
-13.052197
-15.766441
-14.750386
-14.940534
-14.341486
-1.707661
-1.430214
-14.029718
-12.89198
-15.464707
-15.979981
-16.26566
-16.163047
-15.944968
-15.438705
-14.823058
-10.8702
-9.954102
-8.855774
-12.289179
-11.638122
