12.077419
12.435364
12.603115
7.354491
8.968062
8.269017
0.197733
10.80369
11.527531
12.953048
12.852166
12.720484
12.912215
-3.735385
-3.759682
-2.330569
-2.229215
-10.681883
-10.356483
-9.886807
-10.196851
-4.985
-6.082827
-6.350509
-5.035016
12.593987
12.369042
7.293491
4.879784
6.306365
-10.898538
-10.276454
-10.169968
-9.245982
-0.548006
9.940469
10.071513
2.175453
9.452823
9.127948
-8.488189
-8.886673
-9.856153
3.970623
3.282016
5.368365
12.045371
12.543718
-7.763731
-7.485234
1.594935
-0.248863
-2.032046
-3.630112
-5.008389
-6.210697
-7.242486
-9.577816
-9.850151
11.629428
11.069943
12.057568
9.693737
10.406472
11.749706
11.851572
12.205465
7.399359
8.198887
8.910085
0.483516
10.592923
11.296013
12.735559
12.514745
12.61945
12.707262
-3.38224
-1.862421
-1.965171
-3.409142
-10.666262
-10.297788
-10.079749
-10.435427
-5.756125
-4.64894
-4.628127
-4.701152
-6.058068
12.175888
12.373501
6.317718
-10.707425
-10.222412
-9.97172
-9.066584
12.274377
-0.171779
9.905815
2.398748
8.961001
9.327252
-9.557934
-8.626327
-8.214284
1.483946
4.11399
3.509394
5.495581
12.42872
11.927828
-7.211236
-7.526793
1.887227
0.095651
-1.650541
-3.181282
-4.671519
-5.902082
-6.930525
10.945097
11.501846
11.874421
9.605523
10.280693
