10.268015
9.177935
8.481094
14.20404
13.375
13.761468
15.960373
12.011201
11.246357
5.496438
7.491022
6.934554
3.920201
16.579652
17.096708
17.105674
16.655916
3.574046
3.853855
1.767086
1.66314
16.282323
15.863929
14.683062
15.369991
8.335259
8.224183
14.091981
14.999129
14.548444
5.67234
6.521334
8.682569
10.205118
16.438442
12.53161
12.631337
15.681799
13.069597
13.203942
12.964452
11.550964
10.421713
15.228261
15.362112
14.846599
1.897839
2.145672
12.75221
13.860427
15.761535
16.135884
16.294608
16.160919
15.816236
15.281046
14.665877
-0.01265
-0.047621
10.425711
11.367002
9.354315
12.834724
12.164758
0.241751
-9.722431
-8.633777
-13.647891
-13.230336
-12.804025
-15.696515
-11.465163
-10.688355
-4.957008
-6.396697
-6.93551
-3.416334
-16.651697
-16.637032
-17.07965
-17.11885
-3.577982
-1.705303
-1.734859
-3.79285
-16.015926
-16.407184
-16.986656
-15.475828
-14.830115
-7.656473
-7.773154
-14.010838
-5.682659
-6.520531
-8.652825
-10.231796
-3.069806
-16.296062
-12.101407
-15.262245
-12.713624
-12.538818
-10.405967
-11.616649
-13.059769
-14.73024
-14.920371
-14.316632
-1.690121
-1.414344
-14.031455
-12.89617
-15.443762
-15.954707
-16.241266
-16.143113
-15.931646
-15.431882
-14.821381
-10.841148
-9.92529
-8.827116
-12.259867
-11.608832
