10.169354
9.096101
14.135915
13.306124
13.665032
15.818586
11.900613
11.132847
5.452791
7.418517
6.88824
3.892351
16.40761
16.924165
16.930658
16.487318
3.582374
3.871441
1.78306
1.671235
16.138477
15.73374
14.589078
15.251973
8.26827
8.175513
13.966672
14.873119
14.44171
5.651857
6.515077
8.64253
3.520578
16.283043
12.530482
15.537056
12.973142
13.081697
12.895999
11.506598
10.367118
15.101671
15.230784
14.747941
1.905019
2.163532
12.694647
13.781403
15.621504
15.98466
16.128496
15.992637
15.683881
15.165435
14.559899
-0.00414
-0.044658
10.372446
11.305419
9.304289
12.774697
12.101891
0.294587
-9.433033
-8.363236
-13.449345
-12.989924
-12.589641
-13.008084
-15.541289
-11.190285
-10.397413
-4.741366
-6.178464
-6.67035
-3.225661
-16.607254
-16.549509
-17.007024
-17.079524
-3.60926
-1.717482
-1.736712
-3.811904
-16.037343
-16.396607
-16.97467
-15.477882
-14.882459
-7.449018
-7.524504
-13.794337
-5.720465
-6.549712
-8.70793
-10.281214
-2.922891
-16.170335
-11.838876
-15.086176
-12.429624
-12.282301
-10.481149
-11.694855
-13.153533
-15.601666
-14.541207
-14.736792
-14.121987
-1.560303
-1.309082
-14.1104
-12.961987
-15.278397
-15.812549
-16.139851
-16.0938
-15.929666
-15.47024
-14.887351
-10.63021
-9.709318
-8.617452
-12.054728
-11.401358
