11.62236
11.954354
7.21183
8.746904
8.058955
0.250005
10.430125
11.097957
12.351535
12.27227
12.19016
12.247373
-3.587165
-3.617304
-2.215758
-2.114668
-10.224755
-9.894607
-9.46804
-9.770281
-4.818317
-5.888102
-6.177028
-4.87828
12.090265
11.91466
7.109998
4.798392
6.181161
-10.473413
-9.872202
-9.852641
11.839671
-0.485342
9.756968
2.176528
9.178541
8.843864
-8.270499
-8.679888
-9.589794
3.923133
3.252
5.286343
11.413559
11.829943
-7.583137
-7.296879
1.602903
-0.186819
-1.923003
-3.485458
-4.844582
-6.023618
-7.035453
-9.194454
-9.464624
11.275443
10.739583
11.657736
9.440747
10.110736
11.061762
11.201828
11.510901
7.148932
7.887052
8.586496
7.993819
0.487787
10.092845
10.710642
11.942054
11.783703
11.840798
11.872772
-3.310025
-1.818425
-1.93485
-3.352588
-10.260982
-9.895302
-9.664632
-10.008718
-5.665908
-4.560696
-4.556095
-4.58886
-5.955323
11.524276
11.665266
6.095111
-10.374663
-9.893863
-9.745754
-8.893647
11.526911
-0.176289
9.473901
2.335875
8.565657
8.946688
-9.374022
-8.49098
-8.0931
1.416864
3.982025
3.379259
5.310574
11.613737
11.173099
-7.1148
-7.42476
1.82067
0.097521
-1.598154
-3.095326
-4.570941
-5.805716
-6.839919
10.472543
10.974171
11.293303
9.237477
9.862945
