9.900795
8.871483
8.136975
13.924285
13.087981
13.413304
15.649586
15.595157
11.608926
10.83215
5.357181
7.240579
6.754698
3.848343
15.475956
16.200957
16.279772
3.686861
3.974034
1.823265
1.722104
15.975405
14.55024
15.135881
8.080652
13.752378
14.741387
14.265738
5.784982
6.639845
8.783779
10.296335
16.080257
12.042304
12.253335
15.360593
12.706752
12.772663
12.979269
11.643725
10.512372
14.976271
14.585368
1.895705
2.146393
12.783636
13.8111
15.445042
15.771938
15.921392
15.785158
15.539666
15.080588
14.525193
-0.018623
-0.03556
12.574991
0.330816
-9.162808
-8.125235
-13.281094
-12.754717
-12.405614
-15.414635
-15.699156
-10.910321
-10.10644
-4.590552
-6.001903
-6.468367
-3.106657
-15.720357
-16.529309
-16.45261
-17.015965
-3.746623
-1.784634
-1.824616
-3.960517
-16.017924
-16.341697
-15.461749
-14.926625
-7.271363
-7.32261
-13.08369
-13.636342
-14.157055
-5.901469
-6.738072
-8.928522
-10.494607
-16.072699
-11.571896
-14.999713
-12.118379
-12.03009
-10.712997
-11.906575
-13.315666
-14.470619
-14.667229
-14.011052
-1.486394
-1.231969
-14.214412
-13.115166
-15.196781
-15.694098
-16.027945
-16.012037
-15.88848
-15.478931
-14.94307
-10.464076
-9.544157
-8.435721
-11.889457
-11.235068
