10.058677
9.01427
8.338503
9.496348
14.017523
13.183751
13.571802
15.84104
15.775245
11.774908
11.000081
10.563887
11.480094
5.473884
6.272071
7.388799
6.855926
3.955886
15.669617
16.394326
16.472586
3.74231
4.021776
1.848175
1.757196
16.132508
13.941923
14.672884
15.284014
8.203224
14.004188
14.991068
14.467627
6.721491
8.9119
10.40959
16.267916
12.2778
12.410315
15.587797
12.858018
12.982375
13.09084
11.755807
10.646475
15.206823
1.939627
2.175003
12.898644
13.924351
15.656173
15.955591
16.115866
15.977662
15.690927
15.215675
14.652366
-0.004998
-0.010984
0.300651
0.247058
-9.55565
-7.828396
-8.501576
-13.516617
-13.060469
-12.671133
-15.564163
-15.764342
-11.266389
-10.486164
-4.89756
-6.304738
-6.851532
-3.369855
-15.690901
-16.500122
-16.498106
-3.706452
-1.762352
-1.81766
-3.935202
-16.261065
-14.03862
-15.35734
-14.756644
-7.670945
-13.437975
-13.922846
-14.447874
-6.68611
-8.832731
-10.388799
-16.196177
-11.786575
-11.909625
-15.222643
-12.491661
-12.359063
-11.741804
-13.110829
-14.731123
-14.915351
-14.259244
-1.643365
-1.352
-14.014783
-12.944639
-15.403762
-15.828332
-16.079106
-15.977175
-15.792497
-15.331969
-14.761886
-10.733888
-12.144072
-11.495359
