9.800492
8.776139
8.031112
9.139086
13.014611
13.317286
15.668218
15.58471
11.511978
10.73421
10.17943
11.088162
5.281581
6.007881
7.147337
6.678008
3.778401
15.498318
16.247491
16.319483
3.675861
3.950809
1.790266
1.701099
16.023973
13.851099
14.600555
15.16742
7.995192
13.646786
14.684766
14.191254
5.800493
6.644442
8.821019
10.331305
11.89885
12.153505
15.337677
12.609476
12.648237
13.056592
11.702373
10.575162
14.942274
1.835001
2.074509
12.83922
13.878306
15.427854
15.782829
15.954839
15.824568
15.581269
15.136847
-0.056354
-0.059527
0.274031
0.23852
-9.220309
-7.44639
-8.178509
-13.36195
-12.815918
-12.481086
-15.513066
-15.803753
-10.968114
-10.167888
-4.647872
-6.05409
-6.524404
-3.173025
-15.81433
-16.602144
-16.530518
-3.797963
-1.818409
-1.875991
-4.028429
-16.408205
-14.287723
-15.546875
-15.006592
-7.378576
-13.132488
-13.710677
-14.23244
-5.977198
-6.832819
-9.030664
-10.613503
-16.152936
-11.403048
-11.629519
-15.092826
-12.160877
-12.092128
-10.820812
-12.022677
-13.411088
-14.562981
-14.103881
-1.556394
-1.286049
-14.302347
-13.229012
-15.286259
-15.78543
-16.119887
-16.097785
-15.959887
-15.545511
-15.012829
-11.967137
-11.311496
