11.072326
11.409176
11.309214
10.814876
8.484327
7.753157
-1.656694
0.193522
9.985293
10.585389
10.271114
9.681742
11.869528
11.650542
11.663738
11.759033
11.784014
-3.417687
-3.64265
-2.17711
-10.53742
-10.23912
-9.876587
-10.156542
-4.877744
-6.505457
-6.261153
-4.92493
11.585914
6.816718
4.64857
5.979886
-10.728224
-10.172221
-10.183231
-9.303691
9.049963
9.369681
2.085838
8.832461
8.422271
-8.466274
-8.95295
-9.906556
3.803116
11.197511
11.494467
-7.767008
-7.432378
1.516624
-0.245096
-1.957797
-3.513487
-4.888759
-6.093998
-9.681438
-9.911765
10.922511
11.281283
10.719072
10.920145
11.049069
6.894046
7.553365
8.288202
0.340524
-1.433137
9.678606
10.246307
11.506667
11.416605
11.307237
11.442459
-3.157028
-3.472701
-1.996446
-10.566037
-10.289447
-10.100502
-10.345882
-4.705747
-6.292366
-4.714519
-6.103783
11.242035
6.586828
5.853108
4.567224
-10.645839
-10.17281
-10.091959
-9.218421
-0.361807
8.723811
9.095088
2.165227
8.139641
8.584304
-9.719618
-8.793912
-8.334064
3.802688
5.112425
11.313728
10.947794
-7.304461
-7.658767
1.642074
-0.06733
-1.749443
-3.238415
-4.706186
-5.951581
-7.011784
8.983747
9.634071
