12.41499
12.838765
13.157238
7.391576
9.076481
8.382054
0.039904
11.062252
11.828836
13.606213
13.738443
13.429131
13.242879
13.756712
-4.011882
-4.038765
-2.480781
-11.681789
-11.347758
-10.879819
-11.206508
-5.260409
-6.370165
-6.656964
-5.322267
13.053881
7.426421
4.925356
6.377979
-11.156432
-10.927686
-9.851331
-0.741823
10.208789
10.282467
2.108668
9.626787
9.320206
-8.872381
-9.348683
-10.450957
3.980394
3.258505
5.385691
12.907961
13.562317
-8.13016
-7.817745
1.516208
-0.422398
-2.265232
-3.89416
-5.283949
-6.506141
-7.558115
-10.588933
-10.846289
9.836318
10.60419
12.775126
13.392963
12.572951
13.275517
13.021299
7.625617
8.49834
9.214869
0.443098
11.114586
11.910263
13.733671
13.407086
13.569546
13.846447
-3.272684
-3.457505
-1.933094
-2.018304
-3.457367
-11.210792
-11.011618
-11.290296
-5.802186
-4.712754
-4.849117
-6.179363
13.227127
7.509308
6.552872
5.127961
-10.88676
-10.510633
-9.465624
-0.187875
10.348823
2.460842
9.36433
9.705661
-8.89087
-8.371358
4.275047
3.66213
5.69239
13.627192
12.995786
-7.31808
-7.69039
1.956277
0.064305
-1.740711
-3.29629
-4.778433
-5.985349
-6.999566
11.48018
12.130516
12.575109
9.982997
10.735959
