10.11948
9.045615
8.342525
9.530183
14.091986
13.257572
13.621696
15.992067
15.900131
11.858922
11.090657
11.538006
5.417704
6.214115
7.375548
6.841513
3.861237
15.809315
16.57161
16.642077
3.603535
3.872191
1.755765
1.665782
16.285915
15.891276
14.723498
15.373763
8.220407
13.965644
14.937636
14.453994
5.737005
6.572293
8.769489
10.284277
16.410534
12.330069
12.4804
15.63102
12.923499
13.028629
13.063637
11.652119
10.53094
15.18494
14.77015
1.850743
2.085637
12.83613
13.934904
15.713726
16.096434
16.27606
16.14683
15.819571
15.313081
14.725585
-0.04602
-0.061488
12.728612
0.204611
0.150626
-9.723301
-7.946926
-8.639698
-13.683587
-13.236384
-12.833484
-15.750665
-15.994567
-11.459522
-10.684569
-4.986507
-6.413604
-6.955608
-3.458636
-15.900884
-16.682657
-16.673621
-17.111122
-17.14789
-3.658062
-1.751131
-1.802815
-3.891212
-16.045013
-16.435123
-15.528426
-14.89088
-7.789723
-13.572717
-14.049648
-14.522936
-5.794509
-6.650144
-8.794049
-10.38317
-16.342119
-12.097854
-15.332101
-12.687672
-12.542545
-10.551043
-11.759339
-13.166349
-14.808243
-14.998529
-14.381135
-1.73878
-1.445543
-14.114362
-13.01814
-15.510624
-16.004207
-16.284957
-16.182643
-15.966263
-15.473134
-14.876468
-10.87583
-9.960518
-12.295871
-11.644086
