9.992629
8.948217
8.22785
13.991963
13.157167
13.501265
15.758765
15.697756
11.710008
10.936082
5.394686
7.305313
6.799658
3.869961
15.581791
16.313667
16.391173
3.666168
3.949608
1.80998
1.710485
16.067852
14.599194
15.209017
8.144236
13.847853
14.822668
14.345662
5.772441
6.622289
8.77854
10.291504
16.185145
12.166516
12.347581
15.457165
12.797142
12.88258
12.995848
11.640715
10.512701
15.056306
14.658898
1.895181
2.14242
12.794683
13.841553
15.539302
15.876722
16.031698
15.896407
15.623842
15.146979
14.578581
-0.019411
-0.037912
12.636859
0.301553
0.274412
-9.340212
-8.288703
-13.399125
-12.903555
-12.533696
-15.505364
-15.772574
-11.082559
-10.287864
-4.714184
-6.131052
-6.623396
-3.213298
-15.756552
-16.561139
-16.50745
-16.973302
-17.043258
-3.708569
-1.767292
-1.808312
-3.925955
-16.009884
-16.35416
-15.461615
-14.893382
-7.395642
-7.469952
-13.239254
-13.761183
-14.267532
-5.852737
-6.691744
-8.864725
-10.434271
-16.145368
-11.736278
-15.093684
-12.300289
-12.189172
-10.637909
-11.833191
-13.243584
-14.568041
-14.761919
-14.117659
-1.55731
-1.292332
-14.158866
-13.057144
-15.285063
-15.777566
-16.091393
-16.046479
-15.894603
-15.458265
-14.901825
-10.587657
-9.669947
-8.561641
-12.010134
-11.357023
