11.305467
11.650699
11.656496
7.073456
8.577764
7.875273
-1.672826
0.193818
10.167312
10.796495
12.110782
11.957019
11.958388
12.051635
-3.436774
-3.644663
-2.179976
-10.513576
-10.193772
-9.813259
-10.107484
-4.870535
-6.247879
-4.931906
11.814815
6.94806
4.713237
6.064183
-10.730358
-10.137197
-10.125615
-9.23576
-0.562388
9.286669
9.527666
2.114053
8.971598
8.603994
-8.401142
-8.874617
-9.824307
3.853087
5.188848
11.350294
11.729807
-7.716329
-7.394222
1.541283
-0.245146
-1.97178
-3.52765
-4.890827
-6.079677
-7.105236
-9.594681
-9.840909
9.274594
11.06425
11.493623
10.964286
11.296047
7.009327
7.711169
8.424382
0.408451
-1.376798
9.879771
10.471886
11.759953
11.623245
11.603647
11.72193
-3.101142
-3.382449
-1.906885
-2.03885
-3.435856
-10.517048
-10.214893
-10.004823
-10.274889
-5.71223
-4.6155
-4.652057
-6.024292
11.387003
11.475074
6.756736
5.974454
4.679814
-10.608329
-10.109687
-9.991331
-9.105167
-0.269017
9.27776
2.252995
8.348671
8.756879
-9.591663
-8.664265
-8.209362
3.9006
3.293185
5.212106
11.548959
11.124425
-7.200695
-7.54685
1.73492
0.011972
-1.677207
-3.166002
-4.630095
-5.863977
-6.907924
10.363893
10.884738
11.183024
9.102372
9.745371
