10.147368
9.076919
8.371081
14.110753
13.279018
13.64769
15.917157
15.85156
11.879831
11.111048
5.451307
7.409389
6.874496
3.897465
15.73259
16.473347
16.549707
3.615055
3.895433
1.784416
1.683468
16.197332
15.800158
14.653713
15.306849
8.250995
13.987528
14.926995
14.462275
5.720028
6.567972
8.730549
10.248331
16.335863
12.371838
12.507062
15.590168
12.950201
13.063499
12.986408
11.597073
10.469312
15.158884
15.287734
14.767284
1.894295
2.140691
12.777723
13.860011
15.670793
16.03001
16.188856
16.054782
15.740198
15.230697
14.636548
-0.0175
-0.044127
10.353666
11.290779
12.747411
12.082669
0.263188
-9.572724
-8.49939
-13.552522
-13.10214
-12.69992
-15.6245
-11.314145
-10.530557
-4.86501
-6.294354
-6.8158
-3.340765
-15.816083
-16.616048
-16.587142
-17.038812
-17.089359
-3.636524
-1.733577
-1.769684
-3.853986
-16.013198
-16.385786
-15.471664
-14.857148
-7.555526
-7.656202
-13.441035
-13.91629
-14.393961
-5.759395
-6.599017
-8.748025
-10.323637
-16.23963
-11.957374
-15.202014
-12.548874
-12.401496
-10.508884
-11.71255
-13.138926
-14.673909
-14.865357
-14.243997
-1.641864
-1.368609
-14.085856
-12.967656
-15.387076
-15.88784
-16.183632
-16.105454
-15.916997
-15.442818
-14.854871
-10.744417
-9.828074
-8.724296
-12.164485
-11.512651
