11.716406
12.070496
12.164395
7.220196
8.783719
8.082693
-1.708663
0.190174
10.505547
11.18516
12.569633
12.439818
12.371424
12.526472
-3.492318
-3.701924
-2.214677
-10.637814
-10.315154
-9.888486
-10.191317
-4.940308
-6.024837
-6.312698
-4.995933
12.233999
7.130824
4.800665
6.191677
-10.852139
-10.242153
-10.177038
-9.264066
-0.562006
9.633396
9.816318
2.1432
9.226567
8.881179
-8.46153
-8.898902
-9.863767
3.913906
3.231575
5.282118
11.741412
12.187119
-7.755137
-7.45435
1.566018
-0.253332
-2.01138
-3.590378
-4.96206
-6.158934
-7.188785
-9.623785
-9.882822
11.392119
10.839816
9.49693
10.191129
11.456401
11.449018
11.795697
7.219004
7.973719
8.686448
0.444987
10.267208
10.920144
12.300596
12.117001
12.162788
12.272271
-3.123146
-3.386619
-1.887783
-2.0042
-3.42554
-10.626185
-10.292313
-10.079131
-10.390672
-5.738428
-4.636817
-4.684089
-6.047667
11.823875
11.970592
6.998313
6.15994
4.820064
-10.687266
-10.193525
-10.002246
-9.101366
-0.220466
9.61828
2.329765
8.679098
9.065148
-9.590707
-8.656244
-8.219754
4.016052
3.409787
5.365388
12.047111
11.579051
-7.211847
-7.544218
1.815272
0.053132
-1.667794
-3.179375
-4.656884
-5.888383
-6.92401
10.68452
11.227522
11.566643
9.376465
10.03918
