10.268491
9.213621
8.581886
14.151321
13.325366
13.776777
15.878346
15.853839
11.980553
11.207282
5.642784
7.592503
7.014978
4.116877
15.70364
16.388012
16.477059
3.798474
4.094017
1.91852
1.814001
16.110323
14.64512
15.290582
8.380838
14.2737
15.18868
14.666616
6.766969
8.928131
10.420827
16.301163
12.586043
12.61797
15.714574
13.059955
13.251971
13.02718
11.728899
10.624254
15.358987
15.448644
14.905919
2.058871
2.304315
12.872801
13.872085
15.765883
16.002206
16.131424
15.982484
15.679419
15.179052
14.591451
0.061601
0.040984
10.423358
11.346726
9.362383
12.773419
12.118246
0.383033
0.340425
-9.619972
-8.568474
-13.478672
-13.080882
-12.654615
-15.460886
-15.610595
-11.311524
-10.535441
-4.934291
-6.345
-6.921185
-3.374328
-15.514545
-16.358422
-16.381809
-16.868014
-16.871767
-3.61853
-1.703919
-1.74011
-3.828562
-15.742715
-16.107603
-15.166354
-14.549355
-7.573885
-7.724027
-13.502419
-13.921138
-14.452422
-6.527248
-8.64435
-10.167431
-16.113375
-11.947687
-15.167708
-12.566576
-12.38735
-11.496551
-12.874665
-14.69719
-14.873392
-14.214166
-1.595986
-1.31258
-13.786901
-12.693815
-15.347661
-15.73024
-15.94092
-15.811224
-15.625194
-15.153654
-14.567193
-10.723073
-9.823985
-8.733482
-12.120802
-11.476743
