9.735205
8.702283
7.918725
9.023675
12.988938
13.247958
15.695787
15.588415
11.458056
10.682707
10.066408
10.972449
5.178524
5.878343
7.048835
6.601802
3.660356
15.520848
16.301497
16.366318
3.578526
3.844486
1.717372
1.631034
16.077882
13.817549
14.611415
15.182225
7.924903
13.495478
14.549005
14.083927
5.691831
6.540324
8.720711
10.243899
11.783774
12.093698
15.276623
12.550244
12.547153
13.041976
11.637955
10.49921
14.840129
1.744932
1.983923
12.794463
13.878637
15.382338
15.803864
15.993241
15.871191
15.62057
15.171493
14.629092
-0.100302
-0.105677
0.205926
0.173525
-9.209737
-7.39342
-8.155502
-13.412796
-12.839669
-12.517246
-15.610377
-15.954623
-10.983212
-10.179858
-4.622864
-6.038701
-6.482257
-3.166319
-15.980034
-16.743221
-16.64604
-3.80899
-1.835354
-1.894242
-4.044729
-16.221398
-16.55844
-15.711889
-15.170694
-7.355533
-13.112723
-13.720493
-14.213659
-6.001888
-6.87454
-9.088558
-10.700136
-16.228488
-11.39315
-11.647848
-15.12268
-12.164817
-12.112807
-10.902653
-12.13948
-13.551544
-14.563021
-14.132082
-1.589298
-1.322482
-14.461207
-13.376577
-15.318189
-15.878692
-16.256352
-16.258989
-16.117215
-15.699636
-15.16528
-12.002206
-11.342501
