9.717657
8.685387
7.892097
8.994644
12.980457
13.229663
15.6743
15.568159
11.440349
10.66506
10.036149
10.941903
5.160649
5.852553
7.028895
6.588291
3.641794
15.498375
16.280217
16.344934
3.563843
3.830762
1.710102
1.621965
16.060746
13.796101
14.594303
15.163788
7.910027
13.459316
14.511037
14.05549
5.668352
6.520809
8.693719
10.220008
11.755546
12.076724
15.245752
12.533818
12.521906
13.02193
11.614623
10.471921
14.805893
1.735808
1.977361
12.772798
13.860476
15.354384
15.783255
15.971334
15.849845
15.603286
15.154658
14.611793
-0.103253
-0.111104
0.207309
0.180699
-9.158143
-7.333769
-8.105028
-13.383795
-12.801268
-12.483732
-15.594563
-15.953259
-10.938301
-10.131599
-4.580133
-5.997709
-6.429029
-3.129809
-15.991993
-16.754399
-16.645674
-17.208217
-3.811111
-1.837144
-1.893085
-4.044394
-16.244576
-16.576999
-15.733294
-15.20015
-7.308182
-13.065475
-13.682166
-14.172133
-6.0052
-6.87778
-9.097943
-10.712144
-16.215065
-11.340946
-11.605417
-15.092382
-12.117934
-12.071314
-10.918793
-12.16143
-13.581872
-14.525601
-14.098661
-1.568736
-1.30775
-14.493132
-13.40218
-15.290229
-15.864825
-16.256232
-16.271761
-16.137893
-15.726405
-15.195724
-10.526792
-11.969727
-11.309067
