10.085739
9.017199
8.284449
14.078768
13.245463
13.584773
15.801896
11.818977
11.050306
5.390938
7.341463
6.825753
3.835595
15.684034
16.433267
16.957394
16.507878
3.573168
3.853345
1.757848
1.654739
16.167429
15.77271
14.621864
15.26898
8.197884
13.876207
14.820239
14.376755
5.660976
6.516796
8.667155
10.192624
16.28977
12.275097
12.447167
15.509781
12.892057
12.977709
12.950654
11.547798
10.410696
15.066496
15.203083
14.700193
1.857863
2.108487
12.732956
13.827876
15.599106
15.983924
16.144309
16.012984
15.708024
15.201747
14.608951
-0.033038
-0.063412
10.319585
11.257021
12.721708
12.053471
0.253542
-9.458949
-8.386919
-13.499547
-13.022156
-12.634553
-15.608224
-11.217667
-10.426553
-4.771504
-6.20465
-6.696217
-3.264502
-15.868733
-16.662066
-16.605191
-17.053871
-17.127544
-3.650568
-1.74427
-1.776327
-3.865191
-16.085645
-16.4488
-15.54528
-14.94901
-7.477461
-7.551595
-13.335674
-13.837893
-14.30661
-5.780997
-6.624471
-8.79016
-10.376283
-2.950658
-16.224896
-11.866935
-15.146848
-12.444605
-12.314137
-10.569277
-11.789974
-13.234133
-14.600102
-14.797161
-14.181272
-1.606213
-1.344393
-14.184611
-13.055033
-15.336982
-15.874812
-16.20568
-16.15845
-15.986229
-15.525564
-14.946787
-10.674388
-9.752085
-8.647657
-12.101882
-11.447357
