11.630433
11.962934
11.996615
7.219552
8.767086
8.056312
0.239755
10.443914
11.112413
12.390995
12.27531
12.236931
12.282302
-3.413019
-3.625685
-3.663926
-2.141111
-10.352911
-10.038821
-9.606665
-9.901818
-4.86998
-5.958097
-6.233151
-4.916278
12.112014
7.089799
4.786253
6.17201
-10.576125
-9.994651
-9.963444
-9.097133
-0.50246
9.554144
9.76603
2.162621
9.186229
8.82719
-8.371674
-8.780038
-9.706995
3.9094
3.237515
5.279606
11.507163
11.893018
-7.661803
-7.372878
1.58934
-0.199639
-1.941456
-3.5157
-4.889228
-6.086451
-7.116227
-9.332882
-9.594807
11.330714
10.791107
9.474737
10.155739
11.173609
11.25316
11.572435
7.158962
7.889339
8.606739
0.445721
10.126681
10.756283
12.026305
11.880043
11.895063
11.947172
-3.099734
-3.390538
-1.887758
-2.011984
-3.440357
-10.394987
-10.039941
-9.826362
-10.164408
-5.757716
-4.648233
-4.662653
-6.037931
11.621453
11.738496
6.90383
6.089823
4.757328
-10.480049
-10.018698
-9.862478
-9.006834
11.644707
-0.232281
9.497963
2.300757
8.561313
8.961309
-9.500718
-8.608705
-8.209226
3.960999
3.357283
5.306829
11.704642
11.286165
-7.211278
-7.524858
1.783317
0.048587
-1.658505
-3.167291
-4.651493
-5.893474
-6.936665
10.551717
11.070624
11.386788
9.281458
9.925896
