10.133607
9.030874
14.160724
13.326963
13.616713
11.893033
11.132511
5.293906
7.293699
6.790165
3.689923
16.573853
17.10908
17.100583
16.640587
3.371977
3.644884
1.63676
1.527103
16.87109
16.290587
15.862981
14.623265
15.317443
8.197979
8.134798
13.757423
14.667388
14.301022
5.412777
8.41683
3.36084
16.395137
12.507445
15.482395
12.947782
12.993183
12.845788
11.348086
10.185264
14.955693
7.395441
15.127527
14.667861
1.742454
12.58713
13.775118
15.595216
16.091715
16.266099
16.145488
15.803179
15.257763
14.631366
-0.080582
-0.132135
10.353339
11.303331
9.274308
12.809605
12.124046
0.157293
-9.503221
-8.400353
-13.598862
-13.11115
-12.717425
-13.175174
-11.310119
-10.515272
-4.746935
-6.209543
-6.661306
-3.254495
-16.890797
-16.793074
-17.209182
-17.318729
-3.587035
-1.727892
-1.743504
-3.796266
-16.307761
-16.689068
-17.22771
-15.785364
-15.168659
-7.510686
-7.550032
-13.865973
-5.709903
-6.568388
-8.745812
-10.374138
-2.975851
-17.979118
-16.341833
-16.77649
-11.96037
-15.171814
-12.538713
-12.403471
-10.559007
-11.842853
-13.359522
-15.672438
-14.567702
-14.777278
-14.212505
-1.402071
-14.368147
-13.184472
-15.366091
-16.023273
-16.426744
-16.415546
-16.230749
-15.749262
-15.148319
-10.729035
-9.791575
-8.689651
-12.174583
-11.514129
