10.054462
8.975682
8.240431
9.422454
14.064431
13.227127
13.554091
16.002781
15.891666
11.801968
11.035257
10.51329
11.427666
5.329831
6.102493
7.287642
6.773871
3.763524
15.81658
16.603799
16.668509
3.528932
3.790448
1.698675
1.611211
16.320273
15.924412
14.72879
15.378823
8.15507
13.832529
14.820179
14.358286
5.653696
6.492651
8.692818
10.217595
16.420065
12.220813
12.419444
15.571889
12.863507
12.932633
13.053467
11.604221
10.4738
15.094892
14.703727
1.777713
2.012127
12.802037
13.93458
15.667262
16.102183
16.295742
16.173098
15.843073
15.335411
14.74762
-0.081919
-0.098401
12.70782
0.152041
0.100794
-9.698344
-7.888395
-8.606304
-13.71409
-13.241557
-12.851176
-15.821242
-16.109264
-11.455272
-10.677028
-4.955957
-6.389809
-6.908207
-3.444621
-16.030774
-16.792849
-16.761505
-17.184315
-17.241166
-3.672816
-1.767621
-1.820917
-3.910389
-16.161632
-16.554319
-15.661303
-15.026372
-7.75813
-13.542532
-14.04697
-14.499395
-5.822093
-6.691591
-8.850345
-10.462311
-16.396828
-12.096969
-15.349188
-12.673026
-12.544246
-10.627561
-11.863437
-13.288047
-14.801538
-14.998351
-14.395565
-1.759805
-1.469833
-14.248439
-13.144647
-15.529804
-16.0721
-16.388914
-16.308863
-16.091896
-15.598923
-15.003266
-10.883932
-9.961314
-12.313587
-11.658426
