11.957758
12.302333
12.337487
11.825654
7.33873
8.955228
8.205252
-1.707752
0.207056
10.724569
11.432762
11.215271
10.518132
12.831489
12.714963
12.66205
12.64849
12.740385
-3.513484
-3.755119
-2.231409
-10.74323
-10.455035
-9.980791
-10.270623
-5.031447
-6.164164
-6.40143
-5.050331
12.478664
7.191784
4.829274
6.250336
-10.915421
-10.352269
-10.25367
-9.342154
-0.547276
9.768701
10.0
2.153238
9.391397
9.005972
-8.622822
-9.00999
-9.987912
3.928268
5.334181
12.01236
12.402039
-7.856497
-7.575179
1.576579
-0.241273
-2.019588
-3.633302
-5.039255
-6.275925
-7.342125
-9.675761
-9.930855
9.701466
11.72427
12.191172
11.73802
12.09311
12.093006
7.340565
8.099696
8.849081
0.393439
-1.458533
10.497281
11.197413
12.629715
12.464149
12.454474
12.550518
-3.238696
-3.542274
-2.002995
-2.128886
-3.592817
-10.773433
-10.420244
-10.236298
-10.586799
-5.942736
-4.823588
-4.82743
-6.210305
12.279825
7.066061
6.227947
4.832965
-10.778416
-10.349486
-10.118356
-9.235556
-0.299076
9.812423
2.296721
8.815215
9.231542
-9.755567
-8.832376
-8.43481
4.016553
3.411325
5.422271
12.305303
11.885909
-7.398668
-7.713331
1.778339
-0.011984
-1.766024
-3.313274
-4.821514
-6.072851
-7.125126
10.957196
11.529396
9.579909
10.277744
