10.598623
9.492302
14.396861
13.577537
14.091586
12.339704
11.576337
5.782402
7.827772
7.183762
4.200904
16.721376
17.214121
17.241652
16.808892
3.721093
4.010367
1.881857
1.776087
16.379631
15.937374
14.769834
15.502036
8.613689
8.431683
14.600881
15.446433
14.936293
6.688864
8.869981
10.367861
16.619421
12.95641
16.015169
13.385065
13.645035
13.030609
11.672416
10.573393
15.606467
15.706751
15.150516
2.074469
2.315626
12.865666
13.927453
16.059098
16.325108
16.461813
16.31398
15.924189
15.359178
14.721363
0.072287
0.038357
10.616461
11.553165
9.555613
12.999758
12.336278
0.311631
0.250886
-10.1346
-9.039837
-13.807905
-13.511666
-13.015204
-11.81513
-11.06478
-5.279332
-6.712079
-7.360905
-3.665081
-16.443133
-16.529789
-16.989594
-16.943227
-1.633865
-1.663283
-3.685077
-15.712559
-16.137773
-15.14958
-14.432709
-7.928173
-8.143793
-14.26703
-6.336753
-8.398619
-9.928464
-16.307246
-12.427677
-15.410945
-13.106844
-12.848802
-11.224818
-12.623785
-15.873081
-14.945563
-15.114094
-14.496428
-1.781793
-1.475642
-13.595379
-12.477242
-15.575788
-15.954709
-16.111641
-15.900566
-15.634273
-15.081808
-14.429328
-11.067717
-10.174423
-9.09248
-12.456915
-11.816731
