12.368587
12.802766
7.345907
9.001554
8.362909
11.002772
11.764718
13.538414
13.427799
13.140988
13.735976
-3.962882
-3.973814
-2.566769
-2.461112
-11.551133
-11.177168
-10.734024
-11.079277
-5.176458
-6.240634
-6.569877
-5.275168
12.99798
12.651134
7.459692
4.943501
6.384849
-11.01913
-10.80571
-9.72687
-0.740954
10.236222
2.121455
9.584125
9.334978
-8.693665
-9.197217
-10.28238
4.001226
3.276377
5.383509
12.769007
13.514007
-8.007252
-7.689163
1.526718
-0.42566
-2.259882
-3.861277
-5.216641
-6.397123
-7.408928
-10.45831
-10.729438
11.781933
11.181583
12.250364
9.731266
10.478274
12.625786
13.306699
12.484556
12.924411
7.598919
8.493101
9.167459
11.049866
11.821918
13.610181
13.243425
13.504138
13.773884
-3.277624
-1.784783
-1.851163
-3.257737
-11.033262
-10.797451
-11.064853
-5.5837
-4.509447
-4.694038
-5.999469
12.781395
13.11083
6.570776
-10.703728
-10.338311
-9.27617
-0.067399
10.302432
2.540492
9.380707
9.676252
-8.663403
-8.120989
1.653845
4.332117
3.719488
5.706192
13.539456
12.837582
-7.104544
-7.483203
2.041932
0.166294
-1.61588
-3.143175
-4.5997
-5.784835
-6.776332
11.324498
11.94734
12.404456
9.890524
10.609189
