10.142361
9.097017
8.428217
14.073809
13.244595
13.651813
15.785712
15.75463
11.852004
11.077427
5.546349
7.47267
6.927589
4.026795
15.611064
16.306612
16.392924
3.76014
4.054519
1.888859
1.783809
16.048905
14.600555
15.225333
8.278989
14.091669
15.027792
14.525347
5.875141
6.720588
8.87019
10.370477
16.21133
12.399482
12.492766
15.582425
12.938807
13.08721
12.997879
11.68959
10.574372
15.218735
15.317061
14.791548
2.007426
2.256545
12.831682
13.838631
15.645236
15.910339
16.043541
15.898385
15.617651
15.131384
14.554104
0.037436
0.016336
10.350985
11.273898
12.706087
12.048991
0.373379
0.342894
-9.434258
-8.389231
-13.388325
-12.944346
-12.545576
-15.42518
-15.624506
-11.146612
-10.359302
-4.793224
-6.204582
-6.7385
-3.260877
-15.575057
-16.409293
-16.393939
-16.878448
-16.914327
-3.660514
-1.729812
-1.764883
-3.869461
-15.836041
-16.183641
-15.263007
-14.678623
-7.448391
-7.560658
-13.333238
-13.799285
-14.327328
-6.594024
-8.737999
-10.274352
-16.083247
-11.792565
-15.08784
-12.386002
-12.238711
-11.635014
-13.027323
-14.595718
-14.779379
-14.120742
-1.542065
-1.272106
-13.93474
-12.835912
-15.2749
-15.699637
-15.95658
-15.871144
-15.711621
-15.264999
-14.697814
-10.61075
-9.704067
-8.609314
-12.018348
-11.370598
