11.32235
11.700269
11.824875
7.024402
8.524733
7.862972
-1.760907
0.123958
10.158262
10.790805
12.233162
12.089091
12.01265
12.282982
-3.526908
-3.712488
-2.263008
-10.809809
-10.459033
-10.106834
-10.419097
-4.910622
-6.299755
-5.004036
11.874024
6.986246
4.725583
6.070586
-11.040436
-10.383209
-10.343422
-9.393639
-0.642372
9.349231
9.51908
2.088844
8.957602
8.632985
-8.422
-8.954896
-9.944388
3.858325
3.171244
5.173909
11.524708
12.017998
-7.773732
-7.428846
1.51049
-0.31771
-2.05614
-3.600404
-4.942331
-6.108404
-7.113216
-9.916611
-10.16345
11.077346
10.522188
9.210997
9.883841
11.298786
11.786953
11.094834
11.456576
7.038259
7.773881
8.459828
0.442942
-1.350323
9.965464
10.566028
11.968478
11.770008
11.828892
12.022644
-3.064099
-3.286585
-1.836405
-1.951308
-3.318104
-10.722209
-10.452484
-10.225232
-10.446239
-5.572283
-4.494655
-4.597638
-5.943297
11.491795
11.638597
6.863008
6.04372
4.766535
-10.23871
-10.091874
-9.138839
-0.201901
9.354005
2.317712
8.454703
8.825331
-8.616331
-8.096651
3.982037
3.371114
5.269679
11.875183
11.35661
-7.092793
-7.470022
1.805948
0.061415
-1.62916
-3.103393
-4.543187
-5.752491
-6.776425
10.4061
10.941635
11.269602
9.133738
9.780633
