9.909282
8.883753
8.175554
9.299875
13.078688
13.426512
15.690862
15.628272
11.615624
10.837496
10.346861
11.259409
5.389846
6.148512
7.267614
6.769807
3.88976
15.52248
16.246245
16.324411
3.741387
4.02394
1.845452
1.752405
16.01366
13.88168
14.603075
15.18133
8.092445
13.821994
14.832141
14.320695
5.872394
6.713094
8.885341
10.386714
12.067459
12.259173
15.429238
12.712527
12.796363
11.736593
10.618502
15.059484
1.91418
2.154916
12.865555
13.87715
15.505711
15.810039
15.966851
15.829651
15.579677
15.127999
-0.016259
-0.021342
0.323753
0.285602
-9.292461
-7.551537
-8.254763
-13.358181
-12.849576
-12.493646
-15.459456
-15.701719
-11.018959
-10.22424
-4.707632
-6.110165
-6.610638
-3.210028
-15.687507
-16.496102
-16.452253
-3.762722
-1.791351
-1.844744
-3.987328
-16.288364
-14.131811
-15.406782
-14.85401
-7.44736
-13.203874
-13.741604
-14.278162
-6.762223
-8.939028
-10.498566
-16.111475
-11.490454
-11.674628
-15.091711
-12.227339
-12.132295
-11.880351
-13.256104
-14.585601
-14.776265
-14.109483
-1.547919
-1.273738
-14.142395
-13.070965
-15.281915
-15.733176
-16.026878
-15.975258
-15.831041
-15.408523
-14.867568
-10.558844
-11.976859
-11.325041
