11.093364
11.453628
11.439523
10.934192
8.451375
7.748912
-1.720196
0.143711
9.986391
10.58998
10.367486
9.754401
11.966888
11.830758
11.768098
11.807095
11.959065
-3.483173
-3.692499
-2.237133
-10.751951
-10.431769
-10.088278
-10.381153
-4.908311
-6.55654
-6.300035
-4.977978
11.637345
6.847598
4.659109
5.987111
-10.952252
-10.350599
-10.340279
-9.417563
9.101654
9.369976
2.068414
8.828163
8.448719
-9.01161
-9.994006
3.80801
11.330953
11.709823
-7.809499
-7.459124
1.495142
-0.296955
-2.018782
-3.566863
-4.927388
-6.116827
-9.912261
-10.143209
11.09888
11.500505
10.822929
11.12395
11.174659
6.919277
7.603654
8.319314
0.36535
-1.414901
9.74829
10.323448
11.667492
11.532676
11.480006
11.668862
-3.131904
-3.4056
-1.946742
-10.715621
-10.46149
-10.260464
-10.471837
-4.621355
-6.250332
-4.677386
-6.047684
11.369791
6.667387
5.906288
4.631644
-10.267663
-10.164905
-9.243512
-0.313702
8.836178
9.15693
2.212475
8.222104
8.639804
-8.761001
-8.255529
3.862812
3.251687
5.156615
11.557296
11.123868
-7.22914
-7.605256
1.693858
-0.031859
-1.715782
-3.195038
-4.645939
-5.873905
-6.919814
10.290488
9.012488
9.666219
