10.164589
9.106798
8.428313
14.101958
13.272125
13.669984
15.859581
15.814027
11.884624
11.112765
5.520562
7.464379
6.918326
3.985166
15.680719
16.394432
16.476758
3.703888
3.992118
1.848128
1.745238
16.125286
15.737452
14.632725
15.273015
8.282959
14.076473
15.011456
14.521418
5.818101
6.662885
8.820952
10.327406
16.281763
12.417303
12.518863
15.608775
12.962985
13.103307
12.999997
11.657951
10.539286
15.216996
15.327229
14.800141
1.966148
2.213164
12.816986
13.855469
15.677387
15.978788
16.122926
15.982038
15.682721
15.184235
14.598196
0.017047
-0.006028
10.363496
11.292792
12.73443
12.074518
0.326021
0.291803
-9.528692
-8.470153
-13.477467
-13.038474
-12.633654
-15.520216
-15.734375
-11.249931
-10.466321
-4.850826
-6.269732
-6.805875
-3.317284
-15.670896
-16.491503
-16.477307
-16.947601
-16.984067
-3.643883
-1.727642
-1.763785
-3.857109
-15.897534
-16.259217
-15.338177
-14.734811
-7.518443
-7.632489
-13.411237
-13.873452
-14.380288
-6.586569
-8.728113
-10.279502
-16.15826
-11.892956
-15.153751
-12.489725
-12.337177
-11.646708
-13.050739
-14.649882
-14.835617
-14.192994
-1.596571
-1.322405
-13.975943
-12.870375
-15.338592
-15.788779
-16.054313
-15.963982
-15.786862
-15.323752
-14.744219
-10.690436
-9.780893
-8.682585
-12.101752
-11.452861
