11.529606
11.90217
12.030208
7.1159
8.649623
7.973009
-1.754466
0.141992
10.336849
10.994388
12.437202
12.297425
12.214947
12.46134
-3.531172
-3.726571
-2.259171
-10.80104
-10.460482
-10.075131
-10.385327
-4.941433
-5.999586
-6.32504
-5.020211
12.074496
7.065751
4.76508
6.132912
-11.022642
-10.379067
-10.318749
-9.37401
-0.620132
9.504632
9.671375
2.109596
9.094039
8.764336
-8.460735
-8.956782
-9.944292
3.886089
3.198447
5.22549
11.685554
12.173898
-7.787086
-7.459746
1.530726
-0.301543
-2.053307
-3.614643
-4.969432
-6.149112
-7.164957
-9.852508
-10.104601
11.239028
10.681933
9.349454
10.035414
11.444341
11.943624
11.311335
11.673011
7.138627
7.890044
8.586562
0.445353
-1.365372
10.143205
10.774101
12.19449
11.99245
12.055145
12.224126
-3.095546
-3.329183
-1.857735
-1.970936
-3.360945
-10.734295
-10.439838
-10.218606
-10.475079
-5.641237
-4.554673
-4.640974
-5.991521
11.697921
11.853617
6.95244
6.117206
4.809297
-10.259762
-10.083001
-9.142326
-0.205209
9.50915
2.332546
8.591618
8.964962
-8.643196
-8.152539
4.013612
3.404219
5.330392
12.044335
11.535174
-7.144875
-7.506031
1.820386
0.060684
-1.647373
-3.139382
-4.594686
-5.81127
-6.838285
10.569066
11.113907
11.453395
9.271199
9.929677
