10.318366
9.22694
8.568698
14.222222
13.39335
13.816002
16.041575
12.062754
11.297372
5.554776
6.40181
7.553644
6.974009
3.983034
16.67741
17.19239
16.752657
3.634271
3.90743
1.790951
1.697207
16.363433
15.946763
14.765416
15.453319
8.378165
14.219906
15.145709
14.650804
5.775418
6.605353
8.8051
10.314013
16.531295
12.617038
12.679307
15.805356
13.11589
13.281219
13.065848
11.662627
10.55096
15.364011
15.491011
14.930471
1.923221
2.157845
12.855831
13.951322
15.874041
16.223198
16.392217
16.257434
15.896635
15.363136
14.753707
-0.008381
-0.029826
11.393476
12.844941
12.184002
0.224142
0.162195
-9.949496
-8.85549
-13.785718
-13.402987
-12.959563
-15.782955
-11.664114
-10.902076
-5.147701
-6.578788
-7.169674
-3.583043
-15.82205
-16.619574
-16.654383
-17.094359
-17.094168
-3.581061
-1.705488
-1.751341
-3.809867
-15.930842
-16.342855
-15.403798
-14.723603
-7.82043
-7.982588
-13.777578
-14.186578
-14.656035
-6.528536
-8.636814
-10.208261
-16.368808
-12.289995
-15.408774
-12.917372
-12.724514
-10.36285
-11.550703
-12.953807
-14.906687
-15.088319
-14.476044
-1.790896
-1.487193
-13.91673
-12.81392
-15.579727
-16.031517
-16.260448
-16.107001
-15.859556
-15.333549
-14.708636
-11.003359
-10.096567
-8.990198
-12.411667
-11.764374
