12.181624
12.576631
12.811193
7.342343
8.984979
8.287195
0.10428
10.878353
11.615749
13.235091
13.303671
13.081464
12.935968
13.303977
-3.888141
-3.917455
-2.371867
-11.253261
-10.924205
-10.466157
-10.783712
-5.134817
-6.236907
-6.520166
-5.192543
12.769629
7.328425
4.885664
6.318431
-11.437217
-10.780815
-10.613701
-9.604115
-0.664138
10.016889
10.129329
2.128201
9.496523
9.17607
-8.707338
-9.160525
-10.206201
3.961416
3.255143
5.356351
12.470537
13.044484
-7.976285
-7.672473
1.541642
-0.350708
-2.162222
-3.773768
-5.157602
-6.370744
-7.414412
-10.178783
-10.438787
11.156915
9.727786
10.468122
12.272311
12.845895
12.16865
12.575672
7.484925
8.315111
9.030486
0.448788
10.813358
11.557733
13.205572
12.933547
13.055072
13.25834
-3.213481
-3.430004
-1.912382
-2.008759
-3.444611
-11.149439
-10.829372
-10.62413
-10.923973
-5.781906
-4.686209
-4.785223
-6.128768
12.541935
12.767726
7.327809
6.413507
5.017353
-10.603716
-10.295253
-9.310279
-0.195577
10.090071
2.415812
9.122636
9.480244
-9.802563
-8.79131
-8.310979
4.181458
3.571599
5.576246
13.028152
12.461055
-7.27692
-7.629633
1.90747
0.064883
-1.709358
-3.250071
-4.732765
-5.950196
-6.972592
11.19151
11.799521
12.205128
9.767476
10.485179
