11.445381
11.81917
11.931335
7.081728
8.604987
7.927235
-1.757872
0.134286
10.266846
10.914102
12.358781
12.207505
12.141469
12.388636
-3.532304
-3.728351
-2.264728
-10.827549
-10.487967
-10.113917
-10.422521
-4.940634
-6.327272
-5.020843
11.995151
7.026347
4.745189
6.104553
-11.045849
-10.403913
-10.350052
-9.402742
-0.631001
9.431208
9.611012
2.098291
9.040067
8.704711
-8.470084
-8.979071
-9.970431
3.870884
3.183756
5.20293
11.637175
12.11579
-7.799876
-7.465373
1.519915
-0.309047
-2.056343
-3.614055
-4.967967
-6.147489
-7.164108
-9.903672
-10.151445
9.303129
9.986404
11.404928
11.890791
11.230541
11.593846
7.098705
7.840434
8.538144
0.432326
-1.373515
10.07547
10.696574
12.115574
11.920247
11.967825
12.149655
-3.100186
-3.335611
-1.869206
-1.985708
-3.369894
-10.75681
-10.474212
-10.255486
-10.497415
-5.641188
-4.556563
-4.643942
-5.995652
11.634122
11.777951
6.907479
6.08307
4.783308
-10.278816
-10.113318
-9.168913
-0.220579
9.448566
2.315136
8.530229
8.908628
-8.664082
-8.16323
3.992337
3.382186
5.302339
11.986617
11.482502
-7.151909
-7.519581
1.802346
0.046673
-1.657048
-3.145199
-4.597135
-5.813409
-6.842154
10.520624
11.065568
11.398507
9.224605
9.883049
