10.052758
8.97371
8.223609
14.070384
13.233954
13.549681
15.956601
15.856869
11.79888
11.032579
5.320057
7.279416
6.772505
3.750782
15.76742
16.549289
17.083661
16.615937
3.505198
3.772324
1.695531
1.600978
16.272909
15.87389
14.681119
15.334439
8.153822
13.797905
14.766998
14.32837
5.605331
6.455071
8.631126
10.162367
16.37335
12.212594
12.418647
15.521302
12.862948
12.924078
12.992072
11.542637
10.403565
15.041588
15.196466
14.677417
1.779708
2.022378
12.744442
13.879777
15.620315
16.060064
16.244158
16.120693
15.797642
15.286325
14.692757
-0.075627
-0.10099
12.716342
0.172445
-9.583857
-8.495273
-13.634522
-13.150531
-12.764864
-15.760792
-11.35312
-10.567481
-4.858217
-6.296872
-6.79124
-3.355682
-16.023509
-16.790745
-16.736289
-17.163076
-17.23779
-3.660913
-1.760488
-1.802822
-3.888745
-16.186316
-16.567976
-15.674492
-15.056262
-7.576478
-7.65213
-13.438923
-13.952092
-14.398316
-5.804844
-6.668267
-8.836199
-10.447796
-16.346569
-11.999509
-15.263497
-12.571939
-12.447174
-10.624234
-11.868304
-13.314907
-14.702844
-14.90313
-14.304109
-1.699495
-1.425355
-14.280525
-13.156931
-15.449611
-16.01751
-16.359739
-16.30568
-16.107987
-15.627942
-15.038208
-10.794977
-9.86863
-8.751449
-12.228541
-11.571992
