11.867211
12.194544
12.204876
7.326306
8.919869
8.176793
-1.644105
0.251592
10.652506
11.34936
12.648003
12.511219
12.496319
12.508919
-3.435546
-3.669774
-3.709943
-2.156821
-10.438593
-10.146939
-9.67425
-9.962279
-4.941715
-6.064828
-6.302073
-4.962382
12.351564
7.164412
4.821728
6.234962
-10.633769
-10.080743
-10.017984
-9.14946
-0.490978
9.708629
9.941975
2.175463
9.343462
8.961929
-8.487339
-8.854725
-9.792179
3.930577
3.257346
5.332034
11.75543
12.11548
-7.733614
-7.462021
1.60178
-0.191753
-1.952595
-3.554117
-4.951973
-6.177034
-7.231635
-9.364622
-9.626517
9.652347
11.418673
11.532632
11.859515
7.278271
8.021155
8.762788
0.41882
10.349903
11.021823
12.34091
12.198487
12.188741
12.228647
-3.179622
-3.494203
-1.960092
-2.087768
-3.549186
-10.506863
-10.1323
-9.937404
-10.30998
-5.898213
-4.775983
-4.76289
-6.149554
11.921772
12.032393
6.992848
6.168794
4.791339
-10.549703
-10.133001
-9.937289
-9.091996
-0.275063
9.688918
2.293051
8.712075
9.128142
-9.606807
-8.722061
-8.352901
3.982221
3.379484
5.372524
11.962239
11.568825
-7.336746
-7.635425
1.773658
0.01348
-1.721251
-3.257932
-4.765217
-6.020125
-7.072902
10.790288
11.332095
11.659361
9.466352
10.137288
