10.284558
9.195091
14.222059
13.395192
13.774393
12.023588
11.259021
5.505441
7.502978
6.95144
3.926893
16.487747
17.000435
17.008038
16.56857
3.556503
3.846948
1.77724
1.661543
16.762947
16.200647
15.777354
14.607884
15.300485
8.352065
8.24482
14.075305
14.9489
14.528801
5.618698
6.483509
8.606403
3.549675
16.364688
12.648257
15.620261
13.086558
13.218417
12.871305
11.467282
10.32702
15.170454
15.3012
14.824619
1.920569
2.181402
12.671337
13.775229
15.702254
16.070345
16.210602
16.073874
15.740348
15.199406
14.575016
0.006835
-0.041809
10.441587
11.376839
9.375168
12.854842
12.177411
0.287282
-9.553137
-8.471899
-13.51728
-13.089162
-12.666479
-13.060394
-11.309536
-10.522199
-4.814429
-6.259934
-6.767932
-3.28278
-16.619411
-16.574963
-17.027577
-17.08903
-3.554643
-1.689368
-1.701336
-3.753128
-16.023126
-16.396804
-16.977059
-15.460801
-14.839923
-7.527907
-7.618367
-13.865282
-5.647296
-6.471972
-8.614326
-10.186646
-2.973263
-16.204006
-16.664949
-11.952075
-15.125185
-12.562641
-12.3893
-10.378771
-11.594917
-13.067793
-15.634581
-14.579263
-14.773031
-14.171493
-1.339281
-14.044657
-12.880334
-15.314646
-15.852529
-16.168843
-16.104882
-15.923231
-15.44317
-14.841286
-10.701951
-9.782255
-8.697296
-12.124159
-11.471879
