11.848957
12.185516
7.291369
8.855123
8.175844
10.614239
11.309985
12.593094
12.540081
12.403954
12.498792
-3.605052
-3.625065
-2.216391
-2.124146
-10.246804
-9.90955
-9.459006
-9.768459
-4.783571
-4.8387
-5.911035
-6.192986
-4.900105
12.316348
12.098263
7.219033
4.851467
6.255595
-10.503037
-9.885819
-9.840663
12.030692
-0.478551
9.915059
2.197907
9.318336
9.004453
-8.268176
-8.657389
-9.569471
3.961953
3.286072
5.340934
11.597729
12.061223
-7.576523
-7.303265
1.62173
-0.186386
-1.938046
-3.509308
-4.868201
-6.045402
-7.053393
-9.159548
-9.439798
11.410923
10.870358
11.820284
9.55328
10.232894
11.239655
11.453579
11.767177
7.262326
8.032521
8.725489
8.106324
10.296736
10.944264
12.212863
12.024411
12.132484
12.151921
-3.284362
-1.783573
-1.888648
-3.316391
-10.273084
-9.885707
-9.647337
-10.017044
-5.648813
-4.542274
-4.530788
-4.580889
-5.939552
11.73317
11.91506
6.200178
-10.380056
-9.895564
-9.709774
-8.85112
11.748506
-0.129702
-0.325605
9.655111
2.390829
8.75113
9.113282
-9.32843
-8.444993
-8.058371
1.476403
4.053481
3.451716
5.397175
11.385476
-7.087443
-7.388224
1.87838
0.137584
-1.571763
-3.077632
-4.557844
-5.788882
-6.81537
10.623282
11.131059
11.473872
9.374784
10.004505
