9.851277
8.790481
7.995227
9.137561
13.938022
13.096059
13.352927
15.82486
15.710722
11.591909
10.82259
10.20581
11.115028
5.182824
7.100092
6.63936
3.629578
15.638906
16.43726
16.499322
3.476133
3.739147
1.661826
1.570779
16.190087
15.813647
14.636162
15.250938
7.994624
13.541434
14.556636
14.129415
5.567913
6.423362
8.595826
10.13288
16.247235
11.922372
12.216994
15.343082
12.667955
12.66857
12.988123
11.531844
10.383112
14.859791
1.708582
1.951837
12.723726
13.861021
15.456058
15.928111
16.12215
16.004066
15.71584
15.232196
14.660974
-0.112473
-0.131957
0.155439
-9.348611
-7.499435
-8.271211
-13.525467
-12.975975
-12.631544
-15.722363
-16.091809
-11.13957
-10.340552
-4.690581
-6.125003
-6.569372
-3.225406
-16.098438
-16.850554
-16.751247
-17.176287
-17.288694
-3.738949
-1.806396
-1.854268
-3.970707
-16.299254
-16.657913
-15.797047
-15.223097
-7.451718
-13.226205
-13.808239
-14.259116
-5.914226
-6.790539
-8.994729
-10.623449
-16.314956
-11.798763
-15.180985
-12.333096
-12.256776
-10.814041
-12.078164
-13.528757
-14.598576
-14.807582
-14.202779
-1.642917
-1.379934
-14.478685
-13.36151
-15.374973
-15.98452
-16.379256
-16.377638
-16.212555
-15.76673
-15.206177
-10.660505
-9.725602
-8.597715
-12.10583
-11.444767
