11.56376
11.861555
11.73212
11.260718
7.256231
8.808722
8.039533
-1.553842
0.305466
10.417829
11.076584
10.718642
10.101643
12.230584
12.076127
12.158364
12.003637
-3.328465
-3.574747
-2.068955
-10.119128
-9.848778
-9.389516
-9.659856
-4.855337
-5.985833
-6.210075
-4.85961
12.009957
7.011673
4.75328
6.141946
-10.310482
-9.811492
-9.808501
-9.000483
-0.431607
9.424
9.742766
2.175112
9.172104
8.748465
-8.412923
-8.763797
-9.659426
3.886227
11.339814
11.577503
-7.652274
-7.382245
1.608448
-0.132321
-1.861668
-3.453122
-4.857638
-6.090148
-7.153433
-9.092359
-9.346161
10.956594
11.089153
11.236371
11.382513
7.108026
7.790908
8.549221
0.375606
-1.421909
10.009883
10.630889
11.797091
11.729576
11.625029
11.614205
-3.179719
-3.545786
-2.011964
-2.161418
-3.625313
-10.261715
-9.884743
-9.70137
-10.080497
-5.963637
-4.832011
-4.766515
-6.176674
11.554221
6.749689
5.989572
4.634244
-10.330534
-9.961291
-9.838635
-9.051786
-0.347577
9.390366
2.198815
8.404275
8.859475
-9.578738
-8.741987
-8.406072
3.846444
3.245545
5.224077
11.363766
11.064104
-7.389265
-7.675012
1.672788
-0.042458
-1.75187
-3.28085
-4.794468
-6.067295
-7.13864
10.52069
11.033529
11.311399
9.243205
9.894274
