10.244425
9.169318
8.491894
14.168746
13.340104
13.744031
15.906985
11.975761
11.207467
5.534058
7.507239
6.948079
3.978226
15.775607
16.500892
17.012898
16.581108
3.653908
3.93852
1.818328
1.715126
16.213619
15.808808
14.667561
15.334609
8.33303
8.216251
14.130191
15.047056
14.570037
5.765087
6.609634
8.772243
10.28415
16.377165
12.517588
12.602631
15.676401
13.043015
13.191735
12.991416
11.618974
10.498169
15.25822
15.377131
14.850849
1.94774
2.19415
12.797914
13.866587
15.747192
16.074875
16.224778
16.086251
15.760285
15.2413
14.639232
0.009472
-0.018916
10.410607
11.345567
9.342247
12.797786
12.133757
0.289503
-9.665993
-8.591898
-13.579525
-13.162248
-12.740487
-15.610956
-11.391775
-10.614203
-4.93628
-6.364579
-6.912856
-3.392365
-15.739484
-16.552432
-16.548019
-17.005959
-17.035402
-3.602864
-1.710785
-1.744237
-3.817178
-15.928219
-16.308007
-15.376961
-14.745663
-7.614547
-7.739574
-13.968386
-14.452346
-5.709567
-6.539236
-8.669616
-10.230347
-16.229767
-12.029152
-15.224614
-12.639549
-12.468578
-10.411582
-11.597547
-13.015864
-14.713347
-14.899189
-14.274327
-1.65379
-1.375365
-13.963702
-12.846004
-15.406081
-15.873403
-16.136704
-16.031345
-15.831524
-15.34509
-14.746332
-10.789054
-9.878555
-8.78135
-12.201248
-11.552317
