11.799566
12.172321
12.339719
7.221697
8.79503
8.113128
0.152075
10.562779
11.253235
12.719559
12.59532
12.478423
12.735551
-3.551604
-3.751475
-3.783201
-2.266866
-10.827577
-10.489928
-10.069174
-10.38221
-4.979004
-6.052363
-6.357111
-5.048883
12.342093
12.132281
7.181334
4.821488
6.216881
-11.046049
-10.401716
-10.311128
-9.361786
-0.605368
9.725226
9.864431
2.133849
9.265693
8.944159
-8.49364
-8.955398
-9.945471
3.9261
3.234826
5.290331
11.911908
12.425576
-7.800099
-7.490986
1.553005
-0.293918
-2.064314
-3.64262
-5.006241
-6.194563
-7.216226
-9.81097
-10.071766
11.427871
10.866026
11.827711
9.507093
10.208283
11.660282
11.609054
11.975073
7.272629
8.053602
8.753894
0.465151
10.384664
11.054101
12.514651
12.291742
12.385769
12.535066
-3.114341
-3.345737
-1.854806
-1.960358
-3.371413
-10.766409
-10.444852
-10.223926
-10.516711
-5.67969
-4.586716
-4.669088
-6.018182
11.96666
12.151994
6.228666
4.888201
-10.819239
-10.288615
-10.068616
-9.129905
-0.182595
9.72141
2.37359
8.793008
9.157474
-9.6091
-8.641987
-8.174884
4.076962
3.468977
5.422419
12.31556
11.793012
-7.167591
-7.514056
1.862794
0.081203
-1.647308
-3.15658
-4.624718
-5.843731
-6.868373
10.772047
11.328449
11.690031
9.446388
10.116617
