9.823164
8.789979
8.020534
9.140296
13.888483
13.048918
13.333384
15.653273
15.578444
11.539133
10.763741
11.098801
5.260421
7.141255
6.678481
3.742646
15.476399
16.227633
16.300331
3.610159
3.889789
1.763654
1.665354
16.0059
14.553642
15.136704
8.00521
13.603213
14.611067
14.157701
5.69937
6.55811
8.705202
10.228094
16.083093
11.914815
12.179781
15.291047
12.634565
12.660637
12.969712
11.595664
10.454536
14.875333
1.817689
2.0678
12.748863
13.810502
15.389064
15.770536
15.934799
15.80555
15.559229
15.100673
14.546399
-0.057166
-0.074641
0.2764
-9.125364
-7.323264
-8.079884
-13.306632
-12.750952
-12.416874
-15.484552
-15.816604
-10.894889
-10.087002
-4.551228
-5.969074
-6.409092
-3.08612
-15.856101
-16.644181
-16.54264
-17.003075
-17.113243
-3.766355
-1.80413
-1.846239
-3.985098
-16.142036
-16.467212
-15.60303
-15.072925
-7.253209
-7.280408
-13.042141
-13.626537
-14.126554
-5.936105
-6.787569
-8.995032
-10.585214
-16.126842
-11.560553
-15.013378
-12.090927
-12.021968
-10.801624
-12.024121
-13.450883
-14.459163
-14.662829
-14.021003
-1.505189
-1.25448
-14.361115
-13.254912
-15.212943
-15.761539
-16.134538
-16.143834
-16.02133
-15.613775
-15.080581
-10.465624
-9.537875
-8.421559
-11.901353
-11.243308
