11.082622
11.393242
11.267894
10.802646
7.041814
8.513907
7.785437
-1.566643
0.265086
10.001146
10.601972
9.704291
11.750927
11.595729
11.67975
11.58639
-3.3144
-3.533792
-2.072709
-10.112758
-9.814257
-9.433557
-9.710746
-4.771951
-6.138572
-4.81402
11.541854
6.833425
4.665138
6.00015
-10.331534
-9.794968
-9.841868
-9.023591
-0.48019
9.072333
9.388082
2.130121
8.854349
8.449256
-8.298605
-8.735996
-9.63267
3.825498
10.947549
11.206209
-7.602875
-7.292527
1.564467
-0.167792
-1.865104
-3.413942
-4.78477
-5.980904
-7.013862
-9.211886
-9.455589
10.596219
10.577868
10.725688
10.86937
6.873868
7.522713
8.251652
0.38105
-1.373703
9.591821
10.139883
11.25699
11.193673
11.092093
11.13488
-3.090595
-3.425639
-1.944226
-2.095386
-3.502428
-10.204083
-9.882245
-9.680414
-9.978153
-5.778964
-4.669395
-4.647041
-6.043251
11.023576
11.041503
6.548802
5.822087
4.541942
-10.325257
-9.883879
-9.831964
-9.016247
-0.324891
9.026833
2.174322
8.090467
8.534036
-9.51539
-8.649838
-8.246065
3.78002
3.175755
5.085556
10.955576
10.627028
-7.243016
-7.56558
1.649873
-0.027786
-1.693952
-3.178683
-4.653876
-5.907652
-6.969296
10.124821
10.6121
10.864568
8.914869
9.534509
