9.686132
8.638315
7.814795
8.923158
12.979144
13.193148
15.767578
15.628486
11.425562
10.653942
9.973358
10.876744
5.068349
5.744453
6.952407
3.527675
15.585906
16.4068
16.462456
3.458535
3.712015
1.626642
1.544951
16.175999
14.644682
15.22738
7.861017
13.34846
14.418079
13.984013
5.563492
6.414693
8.606024
10.144036
16.194419
11.686105
12.051814
15.239272
12.507819
12.461751
13.036241
11.566749
10.416211
14.748917
1.637147
1.873572
12.750656
13.894346
15.362409
15.866062
16.078876
15.96701
15.698484
15.238706
14.68935
-0.153625
-0.161167
0.113426
0.080075
-9.264558
-7.399105
-8.190787
-13.518652
-12.92403
-12.609438
-15.761107
-16.161175
-11.065725
-10.262288
-4.641943
-6.070457
-6.492721
-3.200995
-16.189683
-16.921592
-16.803563
-17.220633
-17.35042
-3.811555
-1.85092
-1.912853
-4.055705
-16.388638
-16.740025
-15.907225
-15.352853
-7.385217
-13.148622
-13.781171
-14.236422
-6.017989
-6.912346
-9.139233
-10.786199
-16.346563
-11.455422
-11.731266
-15.196661
-12.236923
-12.197336
-10.977218
-12.255396
-13.693733
-14.603909
-14.208643
-1.657038
-1.38946
-14.629938
-13.533172
-15.392291
-16.02171
-16.441952
-16.46229
-16.305024
-15.873908
-15.330516
-10.637737
-12.090656
-11.42665
