11.426966
11.712742
11.485708
11.012016
8.771385
7.970913
-1.528436
0.31836
10.317821
10.959147
10.491102
9.906203
12.07326
11.721547
11.877588
11.805636
-3.303006
-3.567899
-2.055261
-10.098291
-9.851236
-9.394702
-9.65102
-4.863235
-6.219949
-4.8488
11.869532
6.92215
4.710104
6.08946
-10.265278
-9.806928
-9.820454
-9.029358
-0.422864
9.266324
9.655415
2.160986
9.096536
8.632681
-8.470786
-8.815804
-9.709004
3.852756
11.235389
11.392418
-7.688102
-7.415246
1.59771
-0.119253
-1.839282
-3.436109
-4.855898
-6.107435
-7.190215
-9.104741
-9.347177
10.84963
11.165311
10.930624
10.978207
11.218778
7.037275
7.686103
8.467419
0.31827
-1.473233
9.882576
10.490454
11.624569
11.6008
11.416456
11.403548
-3.235909
-3.639159
-2.096536
-2.262666
-3.735946
-10.27718
-9.910387
-9.747267
-10.121559
-6.071734
-4.932673
-4.832907
-6.261013
11.400757
6.623491
5.902561
4.544644
-10.332293
-9.99967
-9.903097
-9.137603
-0.429999
8.83641
9.27348
2.124952
8.25852
8.747859
-9.681537
-8.856606
-8.531879
3.766432
5.152597
11.177084
10.937758
-7.49706
-7.781486
1.59403
-0.111399
-1.819206
-3.354382
-4.877653
-6.164393
-7.251817
10.466259
9.178297
9.837388
