10.486252
9.402618
14.31406
13.494203
13.983196
12.210613
11.443081
5.747181
7.755211
7.139025
4.188673
16.505468
16.995847
17.022042
16.598212
3.752701
4.054172
1.915157
1.800257
16.197906
15.774101
14.658316
15.359037
8.541916
8.378256
14.826109
5.861767
6.705787
8.848079
10.347869
3.754595
16.428016
12.840168
15.852859
13.27421
13.510458
12.958057
11.638823
10.530491
15.474597
15.565075
15.043696
2.098782
2.35198
12.811358
13.837841
15.899363
16.138883
16.255547
16.103705
15.7591
15.216596
14.592434
0.089495
0.050558
10.555586
11.480981
9.499503
12.92536
12.260052
0.386233
-9.793094
-8.723577
-13.5637
-13.221588
-12.754845
-13.054223
-11.485216
-10.716536
-5.030054
-6.457017
-7.055792
-3.442441
-16.363141
-16.404209
-16.885399
-16.873667
-3.512329
-1.647503
-1.66567
-3.710057
-15.70997
-16.095949
-15.121149
-14.464669
-7.682406
-7.854159
-14.010114
-6.370346
-8.460353
-9.978125
-3.068653
-16.145054
-12.111885
-15.199732
-12.767213
-12.540092
-11.301965
-12.712458
-15.697432
-14.725553
-14.898952
-14.263181
-1.623658
-1.344938
-13.661294
-12.532152
-15.376688
-15.769561
-15.965668
-15.81115
-15.601587
-15.098077
-14.479538
-10.814382
-9.916979
-8.84309
-12.20814
-11.565975
