10.367144
9.291805
8.67647
14.226164
13.400825
13.871177
15.999954
12.094023
11.324609
5.67001
6.542196
7.653496
7.053146
4.122619
15.865967
16.569121
16.653815
3.762945
4.04873
1.886699
1.788744
16.262576
15.856275
14.733835
15.408225
8.443272
14.374443
15.285672
14.756007
6.74122
8.931532
10.424261
16.461664
12.716383
12.720391
15.846584
13.157634
13.368182
13.07747
11.743437
10.644884
15.462428
15.561431
14.993811
2.035933
2.272527
12.907118
13.939405
15.896729
16.159064
16.30431
16.158913
15.816996
15.295611
14.694436
0.046867
0.028625
10.47765
11.41059
12.8415
12.186648
0.319883
0.25759
-9.898094
-8.82463
-13.679186
-13.319176
-12.86771
-15.628345
-15.755794
-11.582635
-10.821142
-5.133702
-6.550864
-7.16566
-3.552346
-15.602086
-16.431988
-16.490238
-16.957911
-16.935319
-1.690422
-1.734146
-3.801578
-15.753458
-16.150921
-15.197891
-14.530838
-7.773531
-7.957583
-13.745575
-14.128685
-14.638909
-6.492671
-8.587085
-10.121398
-16.247936
-12.207339
-15.336969
-12.846393
-12.640817
-11.431036
-12.804391
-14.870736
-15.043545
-14.401729
-1.7238
-1.419637
-13.73849
-12.650439
-15.507421
-15.884622
-16.067029
-15.893331
-15.661052
-15.148751
-14.533337
-10.929048
-10.032597
-8.936421
-12.323832
-11.681143
