11.935206
12.358077
12.655301
7.198157
8.799427
8.141031
0.034315
10.652449
11.360905
13.068068
13.204258
12.906671
12.728997
13.238159
-3.731369
-3.923335
-2.4364
-11.485361
-11.127392
-10.727712
-11.057785
-5.134347
-6.196073
-6.535258
-5.22777
12.562193
7.248789
4.841338
6.242434
-10.97344
-10.811078
-9.75426
-0.747512
9.856383
9.935484
2.082718
9.3187
9.02651
-8.696321
-9.233609
-10.311435
3.926809
3.21212
5.280624
12.403877
13.050029
-8.015202
-7.674147
1.49329
-0.42069
-2.22446
-3.809977
-5.167459
-6.353232
-7.373998
-10.499068
-10.75094
11.526559
10.936283
9.521739
10.250154
12.267815
12.859093
11.994117
12.422946
7.380409
8.210754
8.899611
0.458004
-1.410931
10.654268
11.368949
13.077158
12.772698
12.930012
13.217628
-3.165365
-3.334099
-1.85677
-1.946138
-3.336031
-11.032472
-10.812692
-11.035159
-5.627336
-4.554099
-4.713487
-6.035898
12.374667
12.62147
7.280411
6.364946
5.01481
-10.690071
-10.398772
-9.354444
-0.161505
9.95084
2.430601
9.018647
9.353158
-8.754769
-8.196052
4.189418
3.57516
5.536498
13.048214
12.41405
-7.165191
-7.558871
1.926287
0.086027
-1.669956
-3.181817
-4.631504
-5.825713
-6.833503
11.033653
11.64358
12.053186
9.626189
10.336413
