9.800942
8.747584
7.962361
9.090242
13.048885
13.307987
15.834639
15.706212
11.539658
10.768506
10.150161
11.056916
5.168487
5.88013
7.069972
3.626282
15.654105
16.458902
16.518371
3.511508
3.767961
1.666989
1.5851
16.212294
14.677637
15.275748
7.957795
13.527553
14.576961
14.120678
5.632148
6.475671
8.675383
10.204373
16.25978
11.86024
12.164617
15.358119
12.617283
12.61542
13.06311
11.613068
10.473605
14.883703
1.698661
1.932256
12.793829
13.920998
15.468546
15.93401
16.139701
16.022945
15.738431
15.268608
14.711812
-0.124379
-0.130983
0.136727
0.092988
-9.414376
-7.579171
-8.338356
-13.57869
-13.026907
-12.687686
-15.767098
-16.115413
-11.193091
-10.39929
-4.759735
-6.185482
-6.647476
-3.292677
-16.103506
-16.848713
-16.767344
-17.190228
-17.28915
-3.775886
-1.826571
-1.889145
-4.019724
-16.281264
-16.645052
-15.792539
-15.212516
-7.520222
-13.287447
-13.875695
-14.340167
-5.965168
-6.850034
-9.051888
-10.681709
-16.353132
-11.62232
-11.850122
-15.253316
-12.379245
-12.310522
-10.864063
-12.118886
-13.540408
-14.684614
-14.276423
-1.692346
-1.413239
-14.476128
-13.386623
-15.442818
-16.024574
-16.398111
-16.377603
-16.200185
-15.750051
-15.191783
-10.721557
-12.163947
-11.503806
