10.220515
9.131488
8.4312
14.17152
13.339969
13.716187
15.969339
11.966923
11.201822
5.457238
7.444728
6.895086
3.882547
16.624751
17.147505
17.155117
16.696704
3.566555
3.838326
1.746198
1.649994
16.325617
15.912722
14.721974
15.400644
8.292943
14.044001
14.979453
14.516534
5.683117
6.524341
8.707941
10.228775
16.46696
12.463167
12.584356
15.683715
13.023623
13.144944
13.016139
11.589217
10.463396
15.221765
15.36181
14.826163
1.861884
2.102154
12.790149
13.90745
15.766295
16.158177
16.331504
16.2015
15.854266
15.32573
14.718713
-0.035391
-0.061861
10.394273
11.340134
12.804048
12.137989
0.203295
0.156825
-9.786046
-8.692932
-13.715534
-13.291007
-12.870198
-15.769833
-11.527487
-10.754469
-5.012691
-6.449727
-6.995632
-3.474641
-15.913317
-16.698714
-16.691444
-17.125282
-17.160131
-3.604259
-1.723505
-1.764285
-3.829972
-16.047997
-16.44701
-15.525079
-14.871086
-7.709442
-7.831548
-13.625371
-14.076505
-14.531105
-5.722324
-6.572101
-8.705961
-10.295258
-16.355731
-12.162339
-15.334508
-12.768075
-12.601663
-10.460317
-11.675551
-13.105194
-14.803355
-14.993708
-14.390688
-1.744208
-1.456686
-14.074188
-12.955169
-15.51281
-16.022547
-16.305281
-16.198134
-15.973405
-15.466596
-14.855005
-10.906337
-9.990249
-8.881711
-12.326332
-11.674811
