12.066396
12.428489
12.569338
7.348114
8.9698
8.254578
0.179571
10.798372
11.520722
12.982122
12.847368
12.750078
12.950007
-3.7769
-3.808481
-2.371979
-2.262544
-10.832234
-10.518016
-10.04903
-10.35432
-5.034618
-6.144856
-6.406013
-5.076249
12.600611
7.27032
4.865649
6.292245
-11.027082
-10.416132
-10.297946
-9.358398
-0.574037
9.905659
10.064348
2.157868
9.44539
9.102149
-8.581928
-8.988765
-9.978366
3.955446
3.264848
5.355522
12.134792
12.615748
-7.842217
-7.557294
1.577188
-0.269529
-2.057861
-3.664271
-5.052844
-6.2688
-7.314453
-9.745748
-10.009844
11.662185
11.098022
9.706168
10.428297
11.863631
12.392258
11.891422
12.257837
7.401795
8.195719
8.920212
0.446884
10.61573
11.327811
12.81306
12.598066
12.670226
12.786732
-3.185047
-3.444862
-1.919011
-2.027651
-3.476487
-10.811334
-10.458438
-10.254293
-10.59608
-5.822593
-4.714088
-4.761346
-6.123549
12.257558
12.437341
7.189929
6.312202
4.923964
-10.827411
-10.350624
-10.092461
-9.176343
-0.21786
9.920695
2.370369
8.953711
9.333986
-9.677205
-8.730232
-8.307609
4.098886
3.492906
5.491647
12.529388
12.03945
-7.286847
-7.610382
1.857383
0.05428
-1.701114
-3.239681
-4.73417
-5.968459
-7.003162
11.007968
11.581535
11.953036
9.63662
10.328942
