9.72378
8.699703
7.912639
9.01137
12.978341
13.237212
15.603102
15.517383
11.437504
10.66049
10.047936
10.954964
5.1954
5.888491
7.054893
6.612809
3.686497
15.428784
16.189994
16.259774
3.603267
3.879017
1.747822
1.65357
15.980402
13.772132
14.546903
15.109813
7.926609
13.487108
14.523871
14.06865
5.696327
6.554397
8.707561
10.231258
11.773485
12.080029
15.219092
12.538035
12.536642
12.987692
11.610206
10.467081
14.802399
1.781612
2.029327
12.757236
13.819036
15.322875
15.718924
15.89123
15.764931
15.533574
15.089904
14.548571
-0.07756
-0.089238
0.261191
-9.046058
-7.23489
-8.004965
-13.278608
-12.694151
-12.378993
-15.485393
-15.8374
-10.822374
-10.010259
-4.499931
-5.91414
-6.337149
-3.050506
-15.895943
-16.674801
-16.558506
-17.139818
-3.808901
-1.829225
-1.877646
-4.032769
-16.190266
-16.507649
-15.659807
-15.1462
-7.215567
-12.970435
-13.586165
-14.090441
-5.995947
-6.855809
-9.07828
-10.677127
-16.127697
-11.226282
-11.492862
-15.000446
-12.005513
-11.959281
-10.896899
-12.126741
-13.548378
-14.439618
-14.646491
-14.000622
-1.496854
-1.246529
-14.44918
-13.352572
-15.202128
-15.763161
-16.153995
-16.180866
-16.068237
-15.673421
-15.152749
-10.428003
-9.497209
-11.868311
-11.208473
