11.84525
12.229313
12.45151
7.219388
8.795093
8.130774
0.131204
10.591647
11.288184
12.798047
12.686287
12.528969
12.851545
-3.771766
-3.798298
-2.401493
-2.292047
-10.911026
-10.560078
-10.144793
-10.465849
-4.989153
-6.050826
-6.369696
-5.071345
12.399615
12.160237
7.216037
4.836657
6.233647
-11.138539
-10.468152
-10.36527
-9.396193
-0.627776
9.889305
2.131358
9.285664
8.98484
-8.487234
-8.96461
-9.965774
3.936582
3.240061
5.296298
11.989926
12.5527
-7.807525
-7.493767
1.548206
-0.315631
-2.091941
-3.666626
-5.021542
-6.199899
-7.211918
-9.891047
-10.154911
11.433485
10.866798
11.841684
9.502801
10.205296
11.754255
11.690539
12.06577
7.301344
8.100023
8.788087
0.487955
10.445169
11.12126
12.620618
12.370792
12.504696
12.67352
-3.092589
-3.300034
-1.817021
-1.914024
-3.315822
-10.817943
-10.501558
-10.271542
-10.553929
-5.619912
-4.533392
-4.640817
-5.978812
12.026278
12.241007
6.270796
-10.314852
-10.079827
-9.118803
12.161184
-0.145435
9.775967
2.408877
8.861515
9.208042
-9.588283
-8.603367
-8.117623
4.118876
3.510061
5.457223
12.453764
11.892352
-7.115692
-7.470053
1.9009
0.11059
-1.619426
-3.124127
-4.584187
-5.793687
-6.809341
10.803155
11.363243
11.739081
9.475976
10.145853
