11.683626
12.056902
7.163546
7.973236
8.695188
8.066617
10.44937
11.126441
12.536728
12.485906
12.283243
12.571125
-3.662636
-3.679335
-2.308545
-2.211223
-10.556383
-10.181394
-9.7872
-10.115423
-4.855695
-5.882298
-6.226804
-4.960005
12.199679
11.936802
6.20606
-10.831658
-10.141687
-10.085931
11.953372
-0.577969
9.773354
2.153648
9.185183
8.91546
-8.264151
-8.74381
-9.69818
3.941293
3.252264
5.280238
11.635476
12.211607
-7.628419
-7.31718
1.572501
-0.272788
-2.024771
-3.570777
-4.898951
-6.043648
-7.023361
-9.543984
-9.81941
11.237079
10.68436
11.636905
9.372392
10.044346
11.351394
11.395356
11.739297
7.203137
7.991689
8.650417
8.004007
10.227141
10.857336
12.225638
11.981125
12.158511
12.275472
-3.16086
-1.702549
-1.793194
-3.171979
-10.475834
-10.142966
-9.88414
-10.174067
-5.460088
-4.379681
-4.343561
-4.496602
-5.825828
11.663316
11.892476
6.202625
-10.597494
-10.015114
-9.827074
-8.891829
11.7334
-0.066564
9.595251
2.437644
9.058568
-9.338662
-8.385775
-7.910113
1.539969
4.103241
3.496607
5.399597
11.465949
-6.945353
-7.291015
1.931498
0.181857
-1.514548
-2.991638
-4.435257
-5.636549
-6.641626
10.528555
11.044148
11.405537
9.288553
9.913698
