11.352996
11.623946
11.371116
10.914674
8.745026
7.947708
-1.475325
0.355708
10.259968
10.891979
10.411503
9.843259
11.922954
11.556517
11.751292
11.919672
11.613257
-3.238742
-3.49913
-1.994123
-9.850946
-9.602868
-9.14658
-9.400524
-4.792408
-5.935739
-6.141281
-4.777764
11.765612
6.897478
4.702808
6.076095
-10.034686
-9.587444
-9.630155
-8.874943
-0.376129
9.213843
9.608721
2.178799
9.058132
8.594809
-8.366345
-8.693743
-9.554078
3.853582
11.027494
11.155576
-7.591597
-7.327038
1.61811
-0.077939
-1.783782
-3.371702
-4.786335
-6.030136
-7.105126
-8.852196
-9.09962
10.601776
10.763018
10.768089
11.028181
6.9863
7.620524
8.397349
0.335371
-1.438907
9.762283
10.347681
11.389155
11.386571
11.197489
11.138286
-3.192754
-3.60752
-2.067782
-2.236299
-3.708939
-10.063477
-9.67918
-9.50866
-9.901725
-6.04478
-4.902467
-4.786378
-6.218797
11.199483
6.559973
5.852188
4.507166
-10.147612
-9.828075
-9.760591
-9.027084
-0.415718
8.724084
9.172275
2.118059
8.171359
8.662644
-9.568216
-8.775474
-8.475369
3.735021
3.136014
5.110297
10.895027
10.680636
-7.455453
-7.726334
1.586011
-0.095042
-1.787793
-3.315445
-4.839077
-6.129796
-7.218705
10.334085
10.825563
9.087629
9.725913
