12.203335
12.623062
7.298137
8.10145
8.916758
8.295311
10.864501
11.606189
13.279268
13.206126
12.910545
13.441983
-3.868117
-3.875152
-2.484469
-2.385951
-11.237065
-10.85241
-10.424405
-10.770305
-4.998007
-5.068335
-6.111814
-6.453706
-5.177266
12.797569
12.451884
6.348975
-11.481554
-10.735987
-10.566827
-9.529046
12.647091
-0.692103
10.12216
2.137853
9.485872
9.247757
-8.528159
-9.02699
-10.070732
1.105945
3.996081
3.280043
5.363659
12.444341
13.169925
-7.868218
-7.553371
1.546052
-0.381915
-2.193326
-3.774139
-5.113796
-6.274119
-7.266793
-10.156512
-10.433959
11.618839
11.03199
12.074301
9.625265
10.347644
12.256647
12.197334
12.6083
7.500043
8.374638
9.033682
8.307894
10.83605
11.567367
13.232983
12.886802
13.155411
13.37673
-3.198135
-1.720654
-1.787623
-3.180746
-11.050666
-10.732791
-10.480531
-10.756921
-5.495182
-4.422308
-4.356016
-4.600163
-5.905386
12.457801
12.779424
6.488365
-10.462786
-10.143958
-9.113529
12.667678
-0.030903
10.121889
2.539296
9.522684
-8.522503
-7.996501
1.653804
4.292442
3.681814
5.637135
13.130641
12.44492
-7.004811
-7.373532
2.040425
0.201626
-1.55315
-3.061178
-4.509072
-5.693257
-6.682069
11.087587
11.674277
12.111031
9.721588
10.406185
