10.314827
9.236119
8.608977
9.82616
14.197
13.368479
13.819461
16.094965
16.024426
12.049299
11.280678
11.853028
5.608244
6.470374
7.58966
6.999365
4.056146
15.916736
16.644837
16.723088
3.726384
4.00115
1.844271
1.755094
16.333593
15.929643
14.782765
15.453322
8.390842
14.29908
15.240929
14.706404
6.713833
8.929385
10.423909
16.511923
12.634221
12.670407
15.845745
13.108273
13.297254
13.127843
11.764182
10.666453
15.439777
15.551273
14.964332
1.975552
2.203918
12.934804
13.991055
15.902591
16.201891
16.367253
16.2279
15.877637
15.359183
14.763578
0.012106
0.001597
12.815409
0.258829
0.183268
-9.984216
-8.272706
-8.900968
-13.777464
-13.407521
-12.961988
-15.740945
-15.880137
-11.673619
-10.916392
-5.200396
-6.61825
-7.236646
-3.624193
-15.712317
-16.521588
-16.583659
-17.03595
-17.012685
-1.71082
-1.766322
-3.838394
-15.823343
-16.23302
-15.291652
-14.611363
-8.030872
-13.817532
-14.214929
-14.714687
-6.549171
-8.647036
-10.199927
-16.338432
-12.296682
-15.430867
-12.927834
-12.731967
-11.511236
-12.877574
-14.957978
-15.132739
-14.498768
-1.796995
-1.480486
-13.816236
-12.741156
-15.597842
-15.989606
-16.176936
-15.996745
-15.746102
-15.222083
-14.602222
-11.018272
-10.119501
-12.417066
-11.77298
