12.068926
12.491005
12.761502
12.198632
7.257467
8.889869
8.20452
-1.935602
0.031784
10.772352
11.496741
10.738335
13.234402
13.331315
13.043566
12.896668
13.391539
-3.760261
-3.970511
-2.462837
-11.612956
-11.273668
-10.850642
-11.174215
-5.20173
-6.290143
-6.604012
-5.276008
12.706642
7.281149
4.855124
6.272353
-11.095655
-10.908711
-9.84246
-0.754269
9.929946
10.035264
2.081281
9.40732
9.09285
-8.811687
-9.329378
-10.423711
3.931631
3.215081
5.304899
12.59575
13.218502
-8.097268
-7.763054
1.491508
-0.42682
-2.244428
-3.850132
-5.227007
-6.43592
-7.478172
-10.60394
-10.851641
9.632119
12.470446
13.048397
12.179128
12.827086
12.618887
7.451915
8.286947
8.996625
0.42388
-1.465194
10.797404
11.541538
13.302181
13.002619
13.129335
13.424604
-3.239044
-3.426165
-1.927495
-2.021781
-3.433409
-11.168907
-10.967035
-11.202564
-5.742784
-4.661478
-4.80251
-6.134154
12.827217
7.326009
6.40892
5.027479
-10.822533
-10.504114
-9.460017
-0.209574
10.070964
2.412068
9.104105
9.454958
-8.873576
-8.327041
4.194665
3.580268
5.573408
13.251964
12.637611
-7.276566
-7.665657
1.905898
0.044762
-1.732117
-3.264255
-4.72954
-5.933112
-6.949597
11.205809
11.837749
9.750715
10.485184
