10.214388
9.135617
8.485536
9.686838
14.137057
13.303828
13.720608
16.123966
16.021241
11.956269
11.187934
10.78527
11.703458
5.51014
6.350165
7.480616
3.95595
15.946516
16.70603
16.776115
3.678604
3.94022
1.789396
1.71068
16.395645
14.827653
15.486049
8.298964
14.160579
15.14602
14.608891
6.675543
8.918285
10.416178
16.541677
12.481732
12.572586
15.807044
13.012527
13.164561
13.182458
11.783949
10.684968
15.375661
1.892853
2.112244
12.960462
14.044227
15.874404
16.222163
16.412052
16.280605
15.928231
15.418681
14.833816
-0.034543
-0.035322
0.186905
0.09852
-10.030471
-8.296668
-8.938558
-13.864151
-13.469287
-13.039024
-15.858736
-16.023346
-11.730101
-10.974771
-5.238992
-6.656869
-7.268507
-6.12017
-3.676477
-15.851936
-16.634939
-16.69158
-3.647562
-1.743099
-1.812776
-3.896265
-15.92597
-16.344454
-15.422933
-14.737181
-8.069991
-13.852678
-14.280536
-14.769293
-6.637493
-8.746908
-10.324271
-16.432912
-12.302206
-12.35405
-15.517918
-12.968378
-12.793506
-11.644938
-13.004686
-15.032748
-15.211583
-14.585366
-1.866592
-1.538805
-13.945399
-12.885816
-15.682712
-16.100054
-16.304308
-16.128155
-15.863927
-15.334006
-14.715254
-12.49513
-11.848507
