12.155457
12.57018
12.781248
12.208997
7.309734
8.96831
8.247341
-1.932023
0.041018
10.857834
11.592123
11.523165
10.75396
13.332192
13.358756
13.105262
13.455563
-3.769081
-4.002269
-2.472908
-11.684319
-11.370407
-10.923825
-11.236389
-5.257967
-6.660419
-5.307315
12.796602
7.285686
4.856459
6.286672
-11.172023
-10.970433
-9.906952
-0.748403
9.953154
10.105643
2.080102
9.471054
9.122884
-8.923471
-9.415198
-10.518636
3.928024
12.72103
13.29157
-8.170343
-7.844395
1.49145
-0.42039
-2.246745
-3.872885
-5.272826
-6.509114
-7.577129
-10.659195
-10.900687
12.597202
13.143032
12.292142
12.886049
12.736703
7.496229
8.323857
9.060278
0.377088
-1.527483
10.885738
11.652007
13.43782
13.159699
13.232422
13.437963
13.524613
-3.320847
-3.539544
-2.016967
-11.539493
-11.265395
-11.085844
-11.337972
-5.885476
-4.793063
-4.902228
-6.249204
12.955535
7.325864
6.42039
5.008566
-10.931762
-10.598554
-9.567583
-0.278152
9.958643
10.142393
2.371724
9.134983
9.512304
-9.009194
-8.483889
4.171921
3.557803
5.583442
13.351118
12.778969
-7.411608
-7.792494
1.862073
-0.012701
-1.807519
-3.360714
-4.844882
-6.06278
-7.092903
9.842819
10.59995
