12.253452
12.663774
7.335354
8.966328
8.325615
10.915177
11.662507
13.309536
13.226556
12.959101
13.437465
-3.863725
-3.873604
-2.469579
-2.370404
-11.190741
-10.82016
-10.375385
-10.7146
-5.01361
-5.078177
-6.138635
-6.460244
-5.172206
12.838585
12.511422
6.361012
-11.423545
-10.70205
-10.532024
-9.508195
12.693034
-0.670484
10.164963
2.146157
9.525693
9.269861
-8.55637
-9.030788
-10.068063
1.120138
3.998593
3.285705
5.378873
12.463316
13.152089
-7.875619
-7.570282
1.555702
-0.362684
-2.175836
-3.766623
-5.118207
-6.291911
-7.296751
-10.09216
-10.368859
11.682042
11.097279
12.139283
9.684132
10.411675
12.260987
12.231486
12.637325
7.520555
8.388898
9.061623
8.344392
10.867517
11.607155
13.257742
12.928913
13.169053
13.369945
-3.251667
-1.759851
-1.832474
-3.241503
-11.033742
-10.703987
-10.461534
-10.757748
-5.569037
-4.488131
-4.429246
-4.641956
-5.957115
12.506466
12.810074
6.488419
-10.465016
-10.143839
-9.132422
12.707779
-0.061584
10.147716
2.51868
9.239775
9.544329
-8.568764
-8.065921
1.627348
4.275174
3.665588
5.637238
13.113152
12.458486
-7.067479
-7.425212
2.017609
0.177661
-1.583856
-3.102732
-4.562628
-5.756479
-6.753171
11.136765
11.726175
12.157734
9.758805
10.449789
