9.694059
8.645807
7.829492
8.938661
13.201927
15.788357
15.645863
11.434067
10.662377
9.989407
10.892711
5.077382
5.758974
6.962245
3.537379
15.607697
16.429683
16.484859
3.468938
3.720615
1.629561
1.55028
16.195334
14.663256
15.246019
7.867414
12.527111
13.37086
14.445486
14.0024
5.583149
6.430234
8.630336
10.165709
11.699789
12.05937
15.263994
12.515061
12.474272
13.058623
11.589879
10.442885
14.77511
1.639618
1.873054
12.772502
13.914711
15.385213
15.885445
16.101179
15.989356
15.717222
15.257879
14.709887
-0.154263
-0.158783
0.107261
0.067712
-9.313742
-7.454148
-8.238467
-13.550491
-12.962427
-12.644649
-15.783282
-16.171984
-11.109509
-10.309211
-4.682971
-6.109809
-6.542639
-3.23744
-16.188297
-16.919075
-16.8111
-17.348855
-3.813141
-1.851805
-1.91749
-4.060621
-16.374667
-16.730742
-15.896888
-15.335032
-7.430296
-13.19322
-13.820058
-14.277648
-6.02033
-6.916292
-9.138516
-10.784783
-16.365036
-11.50348
-11.772904
-15.230012
-12.281269
-12.238467
-10.971344
-12.245583
-13.67565
-14.64294
-14.244713
-1.680353
-1.406667
-14.610328
-13.520584
-15.423379
-16.04163
-16.450572
-16.459573
-16.294312
-15.857426
-15.310943
-12.125067
-11.461749
