11.468628
11.761834
11.549019
11.0668
7.985023
-1.554991
0.299959
10.350551
10.99711
10.536668
9.942792
12.152949
11.809884
11.946049
11.906351
-3.335242
-3.602243
-2.08566
-10.220878
-9.974147
-9.516958
-9.774621
-4.898635
-6.259119
-4.884353
11.925968
7.739417
6.93683
4.714923
6.097757
-10.379788
-9.915562
-9.9141
-9.105076
9.296877
9.682048
2.152681
9.118661
8.655044
-8.522224
-8.875496
-9.784968
3.853241
11.342179
11.514618
-7.73555
-7.45889
1.58807
-0.139647
-1.86703
-3.468443
-4.890756
-6.146051
-7.232571
-9.228599
-9.46881
10.976004
11.29773
11.01908
11.089194
11.318685
7.065015
7.721795
8.505161
0.310665
-1.489709
9.946589
10.566232
11.746927
11.711992
11.531195
11.54086
-3.25693
-3.654112
-2.109871
-3.748363
-10.382906
-10.024263
-9.864603
-10.230201
-6.08455
-4.947072
-4.855627
-6.281415
11.50578
6.658072
5.929837
4.565116
-10.42356
-10.08436
-9.972569
-9.191121
-0.435933
8.897011
9.327558
2.129645
8.305792
8.793717
-9.736354
-8.895515
-8.558875
3.783597
5.175464
11.321883
11.06949
-7.516882
-7.80779
1.599344
-0.118516
-1.834058
-3.373133
-4.896318
-6.180997
-7.267502
9.22615
9.895597
