12.29372
12.677662
7.394551
9.033332
8.36544
10.965457
11.716743
13.258435
13.181525
12.956687
13.298408
-3.803157
-3.81488
-2.392541
-2.297555
-10.920778
-10.571012
-10.09774
-10.425116
-4.980843
-5.038706
-6.12152
-6.40885
-5.109114
12.840353
12.54417
7.413602
4.933701
6.376014
-11.149226
-10.473308
-10.323049
12.653607
-0.598129
10.209406
2.175525
9.570431
9.288855
-8.516937
-8.936758
-9.9376
1.163951
4.006717
3.304453
5.406343
12.342939
12.954441
-7.80924
-7.526784
1.589046
-0.299033
-2.104939
-3.705148
-5.071448
-6.259952
-7.277444
-9.784376
-10.064801
11.735402
11.161846
12.192961
9.758145
10.483311
12.084797
12.173554
12.553223
7.522268
8.371872
9.062059
8.368113
10.839031
11.576457
13.132203
12.845145
13.041002
13.171264
-3.308674
-1.795662
-1.878131
-3.312719
-10.836432
-10.47187
-10.238303
-10.583269
-5.662739
-4.566391
-4.524503
-4.670019
-6.003665
12.449829
12.719386
6.457491
-10.866914
-10.3309
-10.025979
-9.06975
12.601625
-0.094485
10.123598
2.485453
9.197739
9.525118
-9.545171
-8.572694
-8.127285
1.583852
4.22904
3.622844
5.611213
12.880885
12.292552
-7.130786
-7.45943
1.980245
0.156469
-1.604853
-3.135639
-4.615231
-5.827241
-6.8369
11.121995
11.696963
12.110131
9.75723
10.441994
