9.676009
8.632413
7.817914
8.921106
13.185628
15.764909
15.624358
11.412895
10.640206
9.967683
10.870546
5.077744
5.757378
6.954956
3.543546
15.585988
16.4044
16.460213
3.485999
3.738531
1.63953
1.560667
16.174203
14.656988
15.232672
7.857011
12.518422
13.364047
14.443886
13.995233
5.602809
6.449164
8.649451
10.182659
11.678504
12.040104
15.25184
12.496707
12.45557
13.064936
11.605421
10.459844
14.771058
1.646931
1.880039
12.782168
13.915189
15.37181
15.863055
16.077366
15.964742
15.699146
15.245346
14.701842
-0.151371
-0.153946
0.117363
0.077485
-9.286272
-7.43209
-8.215102
-13.527926
-12.935901
-12.621736
-15.76099
-16.145899
-11.079355
-10.278074
-4.668036
-6.091916
-6.523953
-3.224031
-16.166288
-16.899451
-16.791184
-17.332402
-3.823878
-1.855969
-1.922953
-4.071507
-16.360965
-16.712954
-15.881199
-15.325422
-7.410333
-13.170494
-13.801481
-14.266106
-6.03351
-6.928364
-9.152356
-10.795398
-16.347662
-11.468739
-11.743795
-15.216343
-12.24938
-12.210474
-10.984459
-12.254101
-13.678505
-14.632844
-14.228798
-1.66851
-1.394839
-14.606582
-13.521443
-15.410168
-16.020655
-16.427297
-16.437767
-16.277201
-15.845529
-15.303597
-12.103965
