11.402211
11.697203
11.478034
10.994847
7.948888
-1.558897
0.292825
10.294213
10.932722
10.467649
9.880382
12.09153
11.743434
11.878559
11.852634
-3.336769
-3.602551
-2.090241
-10.239953
-9.991976
-9.54484
-9.802255
-4.895202
-6.258049
-4.883911
11.863483
7.701743
6.908346
4.700508
6.076299
-10.398531
-9.932435
-9.93618
-9.124292
9.242789
9.63366
2.144164
9.07526
8.610147
-8.522571
-8.887662
-9.799937
3.842444
11.301717
11.471778
-7.741246
-7.458551
1.579768
-0.146501
-1.87026
-3.467636
-4.887623
-6.140838
-7.22608
-9.266979
-9.504423
10.942816
11.257503
10.955122
11.01973
11.256036
7.033622
7.684247
8.466493
0.304466
-1.49152
9.893031
10.504312
11.68404
11.651857
11.464376
11.484631
-3.254861
-3.650633
-2.111863
-3.745749
-10.396007
-10.046752
-9.887336
-10.240652
-6.073973
-4.938842
-4.851019
-6.276364
11.445087
6.62675
5.9052
4.548495
-10.43936
-10.09342
-9.990346
-9.204468
-0.442077
8.843909
9.280107
2.120275
8.260612
8.75011
-9.748063
-8.901892
-8.555646
3.770573
5.15519
11.278271
11.025718
-7.512371
-7.808952
1.589811
-0.124582
-1.835898
-3.370687
-4.889942
-6.173192
-7.25986
9.187037
