12.154738
12.536016
12.681437
12.138295
7.359726
9.010708
8.276594
-1.826235
0.124876
10.871803
11.60509
11.481985
10.735494
13.187807
13.162334
12.997786
12.926151
13.206541
-3.651744
-3.888824
-2.35748
-11.230509
-10.928094
-10.456552
-10.760057
-5.157331
-6.286586
-6.541876
-5.190556
12.736189
7.283595
4.864584
6.299744
-11.387347
-10.775356
-10.613589
-9.622071
-0.645408
9.945397
10.121808
2.125017
9.492276
9.131908
-8.780338
-9.210313
-10.252888
3.94367
5.350798
12.451836
12.948376
-8.01646
-7.718472
1.541356
-0.330868
-2.140205
-3.765045
-5.169341
-6.406812
-7.474001
-10.160224
-10.412167
12.243993
12.766682
12.126334
12.624821
12.528559
7.467764
8.273928
9.015855
0.396495
-1.489617
10.781201
11.5281
13.155069
12.921982
12.971053
13.160566
-3.281176
-3.53768
-2.001564
-2.112641
-3.568462
-11.170461
-10.847975
-10.664534
-10.976958
-5.916025
-4.809093
-4.868182
-6.23079
12.729531
7.253767
6.3682
4.954726
-10.650262
-10.35151
-9.392287
-0.273988
10.05662
2.354223
9.053432
9.44414
-9.905427
-8.911341
-8.455379
4.122329
3.513049
5.539195
12.937131
12.430685
-7.40265
-7.746409
1.841134
0.000266
-1.780991
-3.336099
-4.835283
-6.069178
-7.108034
11.220118
11.835204
9.77384
10.504692
