11.793376
12.120283
12.061381
11.557275
8.903009
8.130103
-1.658121
0.237119
10.600747
11.288138
10.974457
10.313749
12.608469
12.403325
12.418383
12.474489
12.462469
-3.457043
-3.710813
-2.18676
-10.590408
-10.320067
-9.850102
-10.127303
-4.997073
-6.140667
-6.364666
-5.001422
12.295205
7.100536
4.787737
6.196537
-10.752472
-10.227814
-10.159966
-9.281745
-0.515669
9.602124
9.894176
2.150328
9.300676
8.883022
-8.610233
-8.985044
-9.942984
3.899805
11.803264
12.111455
-7.831771
-7.551704
1.57789
-0.208775
-1.970896
-3.583097
-4.997927
-6.245073
-7.322248
-9.550381
-9.798646
11.491962
11.903305
11.50376
11.753878
11.841831
7.248932
7.971312
8.73638
0.355939
-1.480623
10.316818
10.992093
12.346114
12.228128
12.150507
12.220768
-3.258942
-3.598563
-2.054923
-2.195835
-3.66573
-10.667569
-10.314468
-10.142623
-10.497473
-6.012097
-4.885607
-4.853453
-6.253068
12.031227
6.922903
6.124932
4.736722
-10.678495
-10.285009
-10.092926
-9.244467
-0.358269
9.316921
9.652291
2.231792
8.640321
9.08542
-9.776188
-8.879633
-8.503088
3.932126
3.327808
5.337119
11.98773
11.630767
-7.460683
-7.767732
1.708818
-0.059182
-1.802602
-3.349733
-4.865151
-6.129614
-7.195649
10.830505
11.391101
9.469021
10.161263
