12.007347
12.378436
12.49476
11.965093
7.315599
8.939497
8.210857
-1.786318
0.147328
10.750765
11.465899
10.603342
12.982063
12.938654
12.805115
12.745544
12.975367
-3.599246
-3.830698
-2.311461
-11.044646
-10.739484
-10.281122
-10.582442
-5.092448
-6.211091
-6.473344
-5.129573
12.568402
7.226741
4.840209
6.261195
-11.215605
-10.6102
-10.479851
-9.515017
-0.61781
9.832501
10.020418
2.12934
9.404268
9.042874
-8.691134
-9.121448
-10.13967
3.930786
5.326752
12.223527
12.693235
-7.941188
-7.642495
1.548123
-0.304677
-2.097342
-3.70931
-5.106032
-6.334003
-7.392681
-9.994524
-10.247266
9.685211
11.991069
12.496711
11.902576
12.358844
12.286962
7.384521
8.170665
8.907055
0.403699
-1.462129
10.61086
11.327936
12.875074
12.663104
12.700393
12.864179
-3.241091
-3.505163
-1.978681
-2.093628
-3.540817
-11.005126
-10.679752
-10.490091
-10.802682
-5.878153
-4.77157
-4.821822
-6.187329
12.481252
7.160556
6.294393
4.902306
-10.99452
-10.515323
-10.25234
-9.314403
-0.268833
9.910326
2.337064
8.92237
9.316384
-9.822844
-8.849157
-8.401625
4.079622
3.471297
5.477734
12.642481
12.156394
-7.360141
-7.69971
1.822862
0.007138
-1.75584
-3.298924
-4.793223
-6.028503
-7.068653
11.052601
11.646113
9.646721
10.358018
