11.968634
12.363392
7.249592
8.84114
8.188073
0.11307
10.687276
11.399285
12.960661
12.859374
12.661096
13.04606
-3.804121
-3.824814
-2.428175
-2.321996
-11.016979
-10.657008
-10.235524
-10.563784
-5.017844
-6.075979
-6.399747
-5.106754
12.535516
12.264139
7.279265
4.865505
6.272569
-11.247993
-10.556176
-10.431069
-9.440658
12.398549
-0.647053
9.970783
2.133976
9.356047
9.073114
-8.506916
-8.988618
-10.003582
3.955976
3.253368
5.31989
12.144168
12.755417
-7.830711
-7.51756
1.548142
-0.33568
-2.123886
-3.702047
-5.053711
-6.228182
-7.235743
-9.975437
-10.243424
11.503038
10.929843
11.926811
9.550561
10.260497
11.923208
11.862349
12.249068
7.369177
8.191862
8.872458
10.578069
11.273581
12.827087
12.547899
12.721608
12.906048
-3.274954
-1.791833
-1.879836
-3.280866
-10.896666
-10.578812
-10.3431
-10.625513
-5.589922
-4.506868
-4.634352
-5.962951
12.176382
12.423495
6.342099
-10.367552
-10.104492
-9.122656
12.335608
-0.11293
9.893176
2.448355
8.984063
9.314224
-9.586798
-8.585548
-8.089083
1.549541
4.173331
3.564006
5.516211
12.676974
12.07884
-7.089163
-7.447142
1.943058
0.136336
-1.602909
-3.110257
-4.567909
-5.770382
-6.778366
10.904446
11.474106
11.869288
9.562109
10.238112
