10.096648
9.036665
8.370668
9.542351
13.214169
13.608205
15.997549
15.89974
11.827584
11.055652
10.621803
11.537093
5.46133
6.274978
7.397298
3.927289
15.824795
16.577956
16.649005
3.706466
3.971223
1.804229
1.725086
16.291529
14.016774
14.776895
15.404218
8.216559
14.042464
15.050473
14.510916
6.702278
8.934973
10.431383
16.420708
12.322832
12.451801
15.694321
12.89657
13.024259
13.174647
11.799092
15.282917
1.889842
2.111733
12.957702
14.017998
15.764346
16.100153
16.285801
16.153641
15.83359
15.347108
14.779809
-0.03652
-0.033437
0.216833
0.13677
-9.831821
-8.099049
-8.756264
-13.734812
-13.302678
-12.897982
-15.761243
-15.944059
-11.536148
-10.770765
-5.103902
-6.514104
-7.097484
-5.954046
-3.561513
-15.813855
-16.600333
-16.632173
-3.698573
-1.767151
-1.837998
-3.945221
-16.331099
-14.082004
-15.426093
-14.778345
-7.906912
-13.67882
-14.144535
-14.651752
-6.702569
-8.832551
-10.406663
-16.355149
-12.072078
-12.169076
-15.419517
-12.761596
-12.615212
-11.740563
-13.09464
-14.931811
-14.472255
-1.791739
-1.473872
-14.014007
-12.961532
-15.590339
-16.010271
-16.235677
-16.091217
-15.858279
-15.359151
-14.764969
-12.363105
