11.836363
12.239394
12.376538
11.816324
8.813022
8.091133
-1.887794
0.056779
10.596622
11.291651
11.162537
10.439334
12.952555
12.919071
12.715705
13.048992
-3.707144
-3.938154
-2.427091
-11.511404
-11.199874
-10.785978
-11.091232
-5.184789
-6.814086
-6.588104
-5.237534
12.461327
7.145702
4.791028
6.190646
-11.02274
-10.869376
-9.834999
-0.73239
9.686018
9.883578
2.065233
9.275925
8.911043
-8.846931
-9.357878
3.884423
12.371018
12.882512
-8.111045
-7.772833
1.480679
-0.400065
-2.199139
-3.806099
-5.198753
-6.427326
-7.49025
-10.552551
-10.786377
12.232694
12.728334
11.888306
12.395023
12.31432
7.328851
8.113173
8.849107
0.355434
-1.517702
10.567625
11.282937
12.970929
12.734452
12.75702
12.916434
13.039486
-3.292296
-3.528652
-2.023188
-11.389864
-11.13243
-10.953162
-11.182351
-4.770805
-6.416491
-4.865771
-6.220878
12.532723
7.130002
6.26976
4.894146
-10.815093
-10.544034
-9.535049
-0.310012
9.632227
9.864197
2.312993
8.867818
9.262472
-8.990591
-8.461094
4.077346
5.458747
12.897746
12.36667
-7.392827
-7.778743
1.80028
-0.038227
-1.80547
-3.340224
-4.815362
-6.036733
-7.073723
9.61664
