10.255303
9.158729
8.463819
14.198312
13.366936
13.749374
16.022372
12.007251
11.243584
5.465577
7.465374
6.907787
3.882876
16.691226
17.21489
17.22259
16.761494
3.552239
3.820336
1.73358
1.6398
16.381628
15.962411
14.754313
15.443526
8.314528
14.078281
15.012613
14.547352
5.67616
6.513474
8.707708
10.228743
16.525535
12.508702
12.620591
15.730679
13.058148
13.185567
13.034177
11.593555
10.469774
15.257762
15.401513
14.856962
1.852228
2.089279
12.801948
13.931881
15.813066
16.215365
16.394764
16.266168
15.904739
15.368517
14.756539
-0.041388
-0.067026
11.362833
12.828501
12.162493
0.179382
0.125816
-9.886751
-8.785488
-13.789007
-13.377776
-12.948016
-15.832007
-11.626027
-10.858255
-5.084642
-6.524159
-7.083672
-3.539107
-15.947518
-16.727481
-16.732477
-17.159307
-17.184945
-3.590723
-1.718868
-1.762403
-3.820443
-16.054032
-16.464942
-15.538961
-14.866804
-7.781864
-7.915909
-13.71326
-14.151923
-14.598467
-5.706444
-6.560199
-8.686072
-10.279868
-16.405653
-12.256771
-15.396343
-12.869605
-12.693888
-10.435657
-11.65354
-13.081801
-14.866305
-15.055544
-14.459135
-1.791053
-1.496053
-14.058991
-12.941638
-15.57123
-16.079919
-16.353036
-16.230297
-15.988738
-15.4671
-14.844987
-10.981385
-10.06612
-8.955402
-12.400484
-11.749401
