10.076103
9.024468
8.368724
9.531027
13.189351
13.591417
15.966866
15.872546
11.801112
11.02725
10.603542
11.518274
5.475656
6.291234
7.398771
3.953046
15.79802
16.543044
16.615525
3.749185
4.015182
1.828862
1.75148
16.261712
14.034866
14.775414
15.390501
8.208508
14.056045
15.074206
14.517962
6.7515
8.98891
10.47914
12.304211
12.428534
15.692405
12.874623
13.008164
11.843287
15.298977
2.131002
12.989615
14.029757
15.757956
16.071061
16.254394
16.120202
15.809855
15.333348
-0.028217
-0.020038
0.236381
0.152155
-9.812947
-8.096095
-8.744566
-13.709582
-13.276634
-12.875246
-15.727274
-15.892973
-11.507636
-10.742556
-5.102998
-7.096521
-5.957552
-3.559139
-15.76179
-16.553792
-16.592755
-3.71658
-1.773193
-1.84814
-3.964821
-16.283218
-14.048845
-15.379914
-14.738455
-7.899549
-13.66626
-14.133348
-14.656138
-6.721462
-8.850523
-10.416356
-16.329341
-12.040285
-12.140892
-15.4119
-12.73142
-12.588432
-11.739605
-14.935836
-14.462458
-1.781525
-1.460086
-13.983486
-12.943527
-15.582094
-15.977655
-16.189384
-16.039163
-15.81016
-15.316983
-14.72895
-12.343083
