10.193085
9.147719
8.519815
14.090332
13.261434
13.70723
15.871908
15.831257
11.902706
11.12728
5.610417
6.44995
7.539399
6.970389
4.097215
15.702888
16.396016
16.481856
3.828616
4.11708
1.918589
1.823563
16.122516
13.986081
14.680522
15.304813
8.323945
14.226403
15.181003
14.632041
6.813393
9.001003
10.486622
16.298126
12.48741
12.540593
15.706532
12.985093
13.166664
11.806869
15.358779
14.87748
2.039226
2.275217
12.938801
13.92886
15.757241
15.991844
16.133979
15.987111
15.691953
15.208594
0.044786
0.037569
12.714338
0.361706
0.303016
-9.655399
-7.971359
-8.606511
-13.518133
-13.10963
-12.693767
-15.501294
-15.637807
-11.337874
-10.565233
-4.981304
-6.383047
-6.970077
-3.424339
-15.530738
-16.365648
-16.400842
-1.729703
-1.781086
-3.887246
-16.10782
-13.841322
-15.179027
-14.56154
-7.766346
-13.536086
-13.969831
-14.514767
-6.601561
-8.721054
-10.247676
-16.147919
-11.973536
-15.229062
-12.582389
-12.416865
-11.56411
-14.769008
-14.943688
-14.274455
-1.638032
-1.340164
-13.810831
-12.745684
-15.405597
-15.766665
-15.963475
-15.821967
-15.627794
-15.156229
-14.575631
-10.766775
-9.869745
-12.163208
-11.51945
