11.480789
11.897633
12.101233
7.030677
8.568256
7.907788
-1.894417
0.028107
10.2774
10.930166
12.579294
12.635524
12.38418
12.285148
12.743003
-3.684926
-3.87584
-2.413101
-11.409293
-11.054552
-10.708318
-11.029276
-5.072666
-6.743273
-6.481441
-5.173107
12.106472
7.044887
4.742569
6.098984
-10.911857
-10.803357
-9.763265
-0.760897
9.470917
9.614712
2.04424
9.034557
8.717076
-9.238051
3.856538
5.173428
12.008642
12.587187
-7.996045
-7.628023
1.459168
-0.422717
-2.194068
-3.755104
-5.103889
-6.282171
-10.534292
-10.770114
9.274177
11.882369
12.403499
11.48007
12.044116
11.897969
7.152188
7.92572
8.616006
0.411827
-1.420173
10.239664
10.890137
12.517033
12.260486
12.344485
12.655028
-3.15077
-3.336458
-1.88548
-11.005577
-10.791116
-10.96039
-4.536052
-6.240502
-4.688018
-6.019012
12.104052
7.019485
6.164888
4.86375
-10.639196
-10.424132
-9.387781
-0.220455
9.585283
2.344574
8.661409
9.020561
-8.784496
4.065319
3.449166
5.371351
12.550395
11.958955
-7.161951
-7.575356
1.836488
0.034872
-1.688424
-3.175808
-4.609677
-5.805342
-6.822125
10.69868
11.289438
9.334004
10.026925
