11.107208
11.402893
11.301124
7.067751
8.527126
7.818871
-1.505239
0.314313
10.019807
10.623607
11.67887
11.583844
11.621516
11.473607
-3.239578
-3.44343
-1.99335
-9.772153
-9.460293
-9.07087
-9.352767
-4.673422
-5.737179
-6.026465
-4.723319
11.524593
11.447678
6.870686
4.689904
6.027069
-10.027552
-9.485058
-9.558763
11.251762
-0.414161
9.128573
9.409008
2.168668
8.876328
8.495353
-8.123664
-8.531359
-9.382386
3.853266
3.204363
5.188824
10.75181
11.017382
-7.446957
-7.154037
1.604508
-0.113455
-1.799273
-3.336002
-4.693077
-5.869674
-6.882158
-8.831291
-9.090175
10.937423
10.427651
11.260433
9.201454
9.833556
10.34185
10.484755
10.746758
6.866994
7.51937
8.230281
0.440806
9.53823
10.069139
11.078211
11.01754
10.958689
10.93145
-3.002097
-3.333342
-1.856633
-2.000645
-3.40625
-9.893812
-9.535381
-9.312048
-9.647327
-5.690243
-4.578587
-4.550195
-5.94269
10.858983
10.897153
5.819963
4.552847
-10.060187
-9.621466
-9.588294
-8.807767
10.761121
-0.255137
8.98896
2.21284
8.08605
8.512196
-9.29491
-8.470781
-8.101652
3.7912
3.190297
5.082584
10.37868
-7.129893
-7.430431
1.689686
0.037279
-1.612385
-3.086629
-4.559921
-5.812501
-6.867148
10.006659
10.460259
10.708676
8.856347
9.444134
