10.328923
9.24151
8.610884
9.835581
14.214117
13.384842
13.831421
16.159399
16.07511
12.071218
11.304413
11.868611
5.590617
6.454984
7.583747
6.991432
4.028074
15.978979
16.721873
16.796657
3.691864
3.960601
1.815282
1.729647
16.400758
15.990574
14.818516
15.49892
8.392126
14.294464
15.241124
14.709341
6.682021
8.910244
10.407528
16.574088
12.645838
12.687048
15.876475
13.123543
13.308137
13.146122
11.758029
10.660059
15.450902
15.570897
14.975772
1.944308
2.168902
12.939688
14.017992
15.936687
16.261293
16.437271
16.301293
15.93611
15.410158
14.810074
-0.004799
-0.014235
12.832133
0.218809
0.136188
-10.080949
-8.358653
-8.987125
-13.862347
-13.498349
-13.047653
-15.825713
-15.969477
-11.773663
-11.020972
-5.266744
-6.688688
-7.314661
-3.687721
-15.784487
-16.582312
-16.651
-17.091906
-17.064636
-1.711759
-1.771102
-3.836378
-15.862407
-16.285001
-15.343863
-14.645818
-8.109367
-13.899683
-14.292754
-14.778936
-6.551643
-8.645678
-10.209746
-16.406021
-12.393481
-15.500955
-13.027572
-12.827393
-11.520897
-12.88974
-15.022868
-15.198284
-14.574788
-1.852209
-1.528463
-13.839639
-12.765183
-15.664917
-16.068576
-16.255798
-16.065594
-15.797353
-15.258293
-14.628239
-11.09858
-10.198659
-12.499134
-11.854549
