12.239836
12.662405
12.940481
12.370813
7.326156
8.988472
8.290183
-1.947266
0.033287
10.918315
11.663413
10.881234
13.427034
13.522417
13.230155
13.080435
13.577671
-3.783369
-4.002889
-2.479405
-11.686092
-11.355395
-10.908142
-11.2305
-5.247504
-6.353114
-6.648356
-5.310517
12.882187
7.344258
4.88491
6.320486
-11.163685
-10.952819
-9.879185
-0.752876
10.055264
10.158811
2.090196
9.516982
9.19726
-8.875849
-9.372118
-10.475583
3.950531
3.23134
5.342116
12.777275
13.403076
-8.139555
-7.815381
1.499322
-0.427962
-2.259606
-3.880866
-5.269333
-6.491348
-7.544853
-10.639429
-10.88897
9.744216
12.653669
13.240989
12.386445
13.047871
12.833438
7.539446
8.389614
9.109256
0.418157
-1.489069
10.962086
11.735246
13.537979
13.230411
13.358754
13.650862
-3.277937
-3.470732
-1.955277
-2.048109
-3.477234
-11.235544
-11.041159
-11.296363
-5.805598
-4.718563
-4.851535
-6.18596
13.044545
7.40774
6.476052
5.067875
-10.894897
-10.546042
-9.501325
-0.219412
10.213283
2.422654
9.227563
9.580924
-8.923416
-8.39049
4.225238
3.611288
5.629107
13.460844
12.847321
-7.331788
-7.713478
1.916394
0.03659
-1.757902
-3.305686
-4.782521
-5.990595
-7.009395
11.366005
12.012637
9.878442
10.628403
