9.980705
8.92268
8.178226
14.003564
13.166762
13.484498
15.831916
15.748103
11.711445
10.940718
11.32427
5.328549
7.25486
6.75809
3.784816
15.649542
16.410189
16.481216
3.579562
3.853785
1.745335
1.649237
16.154928
15.775002
14.632192
15.255763
8.115708
13.769746
14.751799
14.295953
5.681588
6.532317
8.698377
10.221609
16.254637
12.129062
12.341108
15.453326
12.789411
12.850107
12.994609
11.590541
10.455141
15.01206
14.634754
1.822047
2.066907
12.766429
13.858205
15.546803
15.942428
16.114388
15.986203
15.69534
15.207013
14.630763
-0.055609
-0.076118
12.651884
0.232454
-9.41639
-8.348467
-13.496765
-12.99357
-12.624281
-15.627442
-15.928949
-11.176547
-10.383787
-4.753956
-6.180795
-6.664256
-3.259861
-15.906919
-16.689395
-16.626475
-17.072185
-17.152009
-3.701217
-1.773666
-1.816775
-3.924925
-16.121846
-16.480398
-15.594231
-15.009694
-7.456283
-7.522266
-13.29774
-13.829487
-14.306675
-5.85197
-6.706127
-8.883946
-10.478275
-16.241312
-11.829145
-15.164002
-12.389495
-12.281565
-10.670908
-11.894772
-13.323709
-14.616476
-14.815327
-14.192551
-1.618533
-1.350895
-14.260929
-13.150017
-15.354247
-15.892842
-16.231372
-16.192217
-16.023632
-15.57214
-15.004905
-10.666051
-9.742286
-8.627089
-12.096485
-11.440729
