11.526999
11.857439
11.836811
7.186432
8.727645
7.999066
-1.640974
0.233138
10.364257
11.019814
10.138707
12.298316
12.148607
12.162185
12.181641
-3.415591
-3.639456
-2.151696
-10.416204
-10.115132
-9.690965
-9.978403
-4.890455
-5.988323
-6.258298
-4.92784
12.016642
7.025678
4.753716
6.131077
-10.620742
-10.058885
-10.033188
-9.165723
-0.515332
9.440994
9.696001
2.144374
9.124148
8.740602
-8.432247
-8.849298
-9.785035
3.882765
5.24968
11.473454
11.81822
-7.710962
-7.414393
1.572544
-0.206988
-1.944674
-3.521725
-4.903964
-6.112899
-7.155191
-9.429248
-9.681506
9.441428
11.153301
11.162566
11.485522
7.110614
7.820941
8.552157
0.403995
-1.3976
10.048865
10.671189
11.945568
11.821129
11.786614
11.85614
-3.14213
-3.450729
-1.945608
-2.079936
-3.50997
-10.466979
-10.128363
-9.928619
-10.251161
-5.820719
-4.709248
-4.710216
-6.094555
11.578445
11.661545
6.826457
6.036201
4.704059
-10.538387
-10.090677
-9.947815
-9.093586
-0.287853
9.425264
2.253499
8.469685
8.890066
-9.597018
-8.700237
-8.294809
3.914074
3.309341
5.262991
11.639964
11.250137
-7.281748
-7.601663
1.733393
0.000382
-1.706903
-3.218461
-4.705663
-5.953808
-7.006085
10.526198
11.052266
11.355219
9.241682
9.895241
