10.028687
8.983633
8.278451
14.010639
13.176903
13.538007
15.779111
15.721727
11.745015
10.970946
5.43125
7.345837
6.829329
3.907819
15.603232
16.328684
16.407608
3.691512
3.975891
1.82745
1.728465
16.077927
14.612314
15.225426
8.175985
13.912247
14.882523
14.394469
5.80574
6.65193
8.812805
10.321505
16.205308
12.223304
12.382517
15.499531
12.831127
12.932801
13.011258
11.665716
10.542631
15.106852
14.696405
1.919133
2.164729
12.81663
13.854798
15.576528
15.89742
16.050062
15.912848
15.635965
15.15732
14.587912
-0.008537
-0.025571
12.651991
0.311425
0.27941
-9.393478
-8.342105
-13.419387
-12.938767
-12.560814
-15.505122
-15.751111
-11.126226
-10.335181
-4.75846
-6.173184
-6.681084
-3.248092
-15.719948
-16.529633
-16.490484
-16.959144
-17.016888
-3.699634
-1.760229
-1.802562
-3.917586
-15.965971
-16.314243
-15.415272
-14.838499
-7.431296
-7.519497
-13.289225
-13.795914
-14.307964
-5.838709
-6.674402
-8.83833
-10.400852
-16.146064
-11.776892
-15.115662
-12.348744
-12.228049
-10.60137
-11.786456
-13.187792
-14.600485
-14.791232
-14.143355
-1.570514
-1.300382
-14.100685
-13.00416
-15.30462
-15.776197
-16.071005
-16.010199
-15.851189
-15.408684
-14.847829
-10.617688
-9.703327
-8.596281
-12.03591
-11.384335
