11.339475
11.696258
11.735785
7.068682
8.578934
7.883645
-1.708425
0.167532
10.189695
10.823388
12.191648
12.032404
12.01579
12.1684
-3.47673
-3.681618
-2.217152
-10.655727
-10.329971
-9.954348
-10.253116
-4.902771
-6.284963
-4.970573
11.867228
6.966688
4.719488
6.07185
-10.869806
-10.259857
-10.232244
-9.31827
-0.593705
9.321864
9.545722
2.103641
8.985331
8.626566
-8.440295
-8.930901
-9.899546
3.85484
5.187934
11.459308
11.872215
-7.759918
-7.430861
1.528834
-0.27334
-2.007467
-3.564265
-4.924975
-6.111882
-7.135865
-9.742189
-9.98712
9.277175
11.198397
11.643921
11.052839
11.398359
7.035079
7.749319
8.458493
0.410414
-1.382627
9.942343
10.544444
11.887172
11.730383
11.729176
11.877589
-3.108075
-3.373501
-1.901742
-2.029245
-3.420761
-10.629663
-10.339235
-10.128062
-10.382794
-5.693228
-4.601325
-4.656746
-6.022087
11.476832
11.581399
6.802657
6.007751
4.711711
-10.71106
-10.192859
-10.058138
-9.147859
-0.259372
9.33147
2.269496
8.403651
8.803304
-9.630653
-8.680886
-8.205214
3.929064
3.320291
5.239908
11.714393
11.262108
-7.192678
-7.549281
1.753115
0.017263
-1.677602
-3.166274
-4.625569
-5.853167
-6.892466
10.42051
10.952487
11.262386
9.142556
9.793425
