9.808451
8.787664
8.057226
9.163051
13.011336
13.327783
15.672254
15.589973
11.516982
10.738188
10.201183
11.109988
5.307213
6.042245
7.168676
6.692749
3.810418
15.505206
16.248599
16.321562
3.711735
3.986669
1.810372
1.72355
16.023767
13.879653
14.61481
15.177029
8.006747
13.689785
14.733663
14.223031
5.849372
6.68786
8.873195
10.377455
11.918683
12.159522
15.366095
12.615604
12.666184
11.745693
10.624817
14.983282
1.855747
2.091995
12.874745
13.899984
15.451128
15.787017
15.958596
15.826637
15.58446
15.144429
-0.048567
-0.047087
0.283906
0.241196
-9.257821
-7.499756
-8.218736
-13.374557
-12.837318
-12.49931
-15.508478
-15.776726
-10.99442
-10.197412
-4.68629
-6.087542
-6.572657
-3.204675
-15.774532
-16.566339
-16.509078
-3.804158
-1.81914
-1.881227
-4.037404
-16.364923
-14.245458
-15.50142
-14.956918
-7.418042
-13.16934
-13.739353
-14.272072
-5.983497
-6.837536
-9.028999
-10.604796
-16.15066
-11.435054
-11.653672
-15.115424
-12.18849
-12.116031
-11.999252
-13.372017
-14.598235
-14.128295
-1.569007
-1.291692
-14.254999
-13.193474
-15.306418
-15.779855
-16.094408
-16.057397
-15.914397
-15.497462
-14.964421
-11.985736
