10.653666
9.523651
8.92506
14.455015
13.634659
14.139912
12.414403
11.656017
5.748958
7.828385
7.176937
4.13874
16.907165
17.407714
17.430891
16.987121
3.629837
3.90632
1.811745
1.71212
17.121867
16.540168
16.078992
14.847903
15.609714
8.632581
8.449775
14.603756
15.450502
14.953801
5.776578
6.600039
8.805177
10.31152
16.772048
13.018137
16.093188
13.442771
13.695233
13.056287
11.637642
10.536115
16.341431
15.634933
15.755739
15.186812
2.004215
2.238627
12.860813
13.978464
16.145331
16.472949
16.632039
16.491825
16.063534
15.475765
14.82257
0.035843
0.001046
10.646405
11.595688
9.578998
13.056364
12.38956
0.220086
0.146248
-10.362143
-9.240957
-14.004677
-13.726114
-13.214141
-12.052859
-11.312742
-5.429642
-6.874642
-7.539474
-3.807492
-16.588197
-16.688244
-17.121086
-17.066835
-1.629197
-1.664012
-3.664552
-15.80701
-16.263177
-16.870598
-15.272105
-14.511924
-8.095722
-8.32504
-14.444584
-6.322812
-8.374491
-9.930426
-16.462699
-12.657559
-15.566006
-13.346721
-13.074334
-11.22937
-12.641513
-16.001883
-15.085506
-15.255948
-14.666307
-1.905491
-1.585384
-13.644524
-12.52071
-15.724351
-16.137316
-16.297122
-16.064356
-15.75718
-15.167953
-14.489011
-11.252498
-10.355953
-9.265807
-12.646209
-12.004771
