10.269088
9.186659
8.533195
9.747008
14.179521
13.349168
13.771189
16.092601
16.011084
12.009062
11.241675
11.772537
5.543731
6.386817
7.525778
6.951353
3.983749
15.911166
16.655789
16.730396
3.667352
3.938347
1.80274
1.713665
16.3476
15.941869
14.775559
15.446993
8.344692
14.196979
15.145358
14.631902
6.647912
8.8599
10.363095
16.508545
12.555759
12.627802
15.792474
13.066371
13.228001
13.105991
11.715227
10.608871
15.363674
15.487297
14.911477
1.924044
2.154021
12.896782
13.977944
15.859189
16.196925
16.369984
16.235131
15.884297
15.363944
14.766605
-0.01194
-0.025325
12.803302
0.22602
0.156242
-9.940719
-8.202246
-8.852154
-13.781238
-13.390825
-12.955123
-15.777565
-15.953996
-11.647778
-10.886523
-5.156395
-6.58027
-7.176344
-3.593905
-15.803399
-16.599846
-16.640711
-17.083403
-17.078549
-3.611968
-1.72066
-1.774681
-3.846474
-15.912213
-16.321281
-15.389409
-14.71466
-7.984384
-13.772708
-14.191468
-14.674734
-6.572577
-8.683041
-10.25214
-16.366025
-12.274286
-15.423368
-12.89495
-12.711449
-11.585746
-12.969921
-14.930448
-15.110663
-14.48812
-1.798172
-1.48769
-13.918824
-12.833562
-15.593098
-16.025652
-16.244564
-16.086179
-15.839466
-15.318393
-14.700465
-11.003898
-10.099051
-12.410446
-11.763636
