12.096624
12.499486
12.720843
12.170405
7.299179
8.935413
8.233607
-1.880245
0.077678
10.80656
11.53368
10.737563
13.191287
13.242986
13.01004
12.88787
13.285251
-3.702507
-3.921016
-2.406178
-11.398684
-11.072204
-10.629343
-10.945334
-5.165651
-6.267648
-6.55865
-5.22475
12.704448
7.283339
4.860671
6.284433
-10.91212
-10.741227
-9.712739
-0.699333
9.9361
10.065958
2.104548
9.438454
9.108769
-8.768566
-9.246828
-10.312281
3.939435
3.230706
5.325708
12.494701
13.065701
-8.037836
-7.720583
1.517615
-0.378804
-2.190323
-3.801158
-5.186642
-6.403685
-7.452548
-10.360846
-10.612418
9.68076
12.326298
12.88426
12.129339
12.714316
12.548642
7.451541
8.274037
8.993819
0.421643
-1.462479
10.771563
11.512351
13.198592
12.927647
13.028193
13.269353
-3.240942
-3.456011
-1.943582
-2.04391
-3.472538
-11.275717
-10.979776
-10.781911
-11.053634
-5.797617
-4.705724
-4.812294
-6.156097
12.750526
7.29133
6.387076
4.99603
-10.707322
-10.401921
-9.398378
-0.225484
10.04973
2.392915
9.073941
9.438661
-8.859609
-8.354952
4.1641
3.552298
5.554928
13.070034
12.500674
-7.308695
-7.676177
1.88406
0.036345
-1.738733
-3.27783
-4.756166
-5.971883
-6.996499
11.183497
11.80247
9.743046
10.470275
