9.913537
8.853802
8.09431
9.243286
13.964398
13.124067
13.418322
15.869847
15.759624
11.651128
10.880907
10.313739
11.224437
5.257728
5.996798
7.178513
6.695235
3.71083
15.687921
16.47397
16.538406
3.542126
3.805373
1.701735
1.614417
16.216592
15.840837
14.675789
15.292425
8.051969
13.676027
14.691507
14.23179
5.659455
6.503572
8.693759
10.219163
16.292711
12.025806
12.276163
15.437926
12.725621
12.760563
13.043116
11.609987
10.474628
14.975404
1.758017
1.99496
12.791693
13.906659
15.538993
15.972835
16.165034
16.043115
15.747098
15.263931
14.694946
-0.092162
-0.104684
0.172187
0.130398
-9.480253
-7.663909
-8.403836
-13.582655
-13.064499
-12.704338
-15.732894
-16.050256
-11.24682
-10.457091
-4.80469
-6.231807
-6.7147
-3.31862
-16.019238
-16.780576
-16.717725
-17.148472
-17.230688
-3.730916
-1.797171
-1.852142
-3.967331
-16.198343
-16.566785
-15.694568
-15.100901
-7.57665
-13.349797
-13.900992
-14.368546
-5.899345
-6.770848
-8.954961
-10.568591
-16.326013
-11.711098
-11.898883
-15.247944
-12.448466
-12.353904
-10.750293
-11.989433
-13.411813
-14.69228
-14.893716
-14.277975
-1.684573
-1.405894
-14.352073
-13.2543
-15.435468
-15.991388
-16.338882
-16.297706
-16.114067
-15.654088
-15.084982
-10.741169
-9.814481
-12.176417
-11.518948
