11.630764
11.95808
11.900211
11.403506
7.237678
8.805538
8.048808
-1.647825
0.234924
10.460373
11.128135
10.830778
10.185365
12.424505
12.229972
12.244795
12.296109
12.28833
-3.434915
-3.67742
-2.170247
-10.514136
-10.232834
-9.787332
-10.06705
-4.948603
-6.072814
-6.317355
-4.966194
12.127767
7.044184
4.761291
6.152158
-10.691843
-10.155633
-10.111068
-9.239318
-0.517226
9.488289
9.775647
2.142818
9.195328
8.786806
-8.537834
-8.934789
-9.88316
3.883672
11.624832
11.937044
-7.783868
-7.493944
1.571224
-0.208229
-1.956697
-3.552398
-4.953896
-6.185782
-7.249537
-9.509325
-9.756851
11.311451
11.718752
11.304676
11.549764
11.635518
7.165524
7.87544
8.628124
0.367398
-1.450959
10.158993
10.805559
12.118295
12.004688
11.932812
12.005816
-3.213373
-3.543893
-2.018241
-2.15911
-3.610268
-10.582717
-10.240708
-10.05922
-10.394727
-5.937503
-4.817505
-4.796544
-6.191704
11.820963
6.850421
6.063864
4.703358
-10.620022
-10.205087
-10.042034
-9.192674
-0.340305
9.181617
9.51658
2.227811
8.52676
8.966132
-9.713493
-8.816871
-8.425754
3.907974
3.303245
5.286378
11.788014
11.424917
-7.393647
-7.708171
1.70537
-0.044149
-1.769533
-3.300013
-4.802751
-6.061376
-7.123566
10.670256
11.215263
9.343481
10.018866
