10.521076
9.411171
8.786927
14.360841
13.53831
14.011804
12.26969
11.507645
5.686743
7.729225
7.108293
4.096659
16.744987
17.247601
17.268147
16.826551
3.645732
3.927754
1.823505
1.720399
16.980184
16.407406
15.965466
14.771655
15.501027
8.538711
8.377245
14.452533
15.316473
14.828609
5.775376
6.608286
8.791916
10.30004
16.619884
12.882844
15.944664
13.3129
13.533358
13.019956
11.624264
10.515454
15.505354
15.62271
15.074072
1.997957
2.238737
12.830414
13.925499
16.002001
16.321491
16.472487
16.33148
15.941389
15.377088
14.740468
0.034584
-0.0
10.5711
11.513564
9.504861
12.971352
12.304774
0.259007
0.201643
-10.093337
-8.991076
-13.829899
-13.504263
-13.022927
-11.795749
-11.04121
-5.237292
-6.676413
-7.298505
-3.641872
-16.55535
-16.616906
-17.062196
-17.038226
-3.492522
-1.653129
-1.684434
-3.709338
-15.834877
-16.260982
-16.865493
-15.288436
-14.577256
-7.907105
-8.098443
-14.253986
-6.385606
-8.464576
-10.018009
-16.358464
-12.412502
-15.421537
-13.075545
-12.836872
-10.167538
-11.341315
-12.757974
-15.881456
-14.931236
-15.10679
-14.503094
-1.798183
-1.496099
-13.740684
-12.615424
-15.589007
-16.018746
-16.214817
-16.029335
-15.764812
-15.214915
-14.565452
-11.06593
-10.164859
-9.075304
-12.465391
-11.821578
