10.480069
9.362696
8.712038
14.349127
13.524257
13.967687
12.237866
11.4778
5.614194
7.662034
7.055604
4.012016
16.796915
17.307798
17.322557
16.872966
3.573807
3.848557
1.768893
1.668447
17.037979
16.457256
16.011323
14.786416
15.520353
8.491811
8.344465
14.350394
15.225875
14.757432
5.697261
6.532463
8.72136
10.238631
16.649587
12.846009
15.910205
13.276178
13.467755
13.01429
11.580355
10.463834
15.439474
15.572803
15.028281
1.931331
2.170948
12.801844
13.931515
15.978601
16.347704
16.512533
16.377715
15.979704
15.41083
14.771394
0.001701
-0.034072
10.546886
11.495737
9.475748
12.964633
12.294914
0.205227
0.148413
-10.106342
-8.993619
-13.881472
-13.53893
-13.064859
-11.826527
-11.070849
-5.234463
-6.680805
-7.286648
-3.650691
-16.662026
-16.707942
-17.137932
-17.128603
-3.498478
-1.664747
-1.697781
-3.720064
-15.939369
-16.371941
-16.961041
-15.40936
-14.693916
-7.922933
-8.099403
-14.276766
-6.414291
-8.503277
-10.078205
-16.422946
-12.444766
-15.456154
-13.098766
-12.870438
-10.222363
-11.421556
-12.854391
-15.909932
-14.944935
-15.125873
-14.537825
-1.831691
-1.530408
-13.851625
-12.719079
-15.624375
-16.097397
-16.322216
-16.151131
-15.880365
-15.325235
-14.672584
-11.098249
-10.19098
-9.094984
-12.50587
-11.859243
