9.645103
8.611264
7.807479
8.898578
13.15928
15.732029
15.593093
11.375603
10.600668
9.936636
10.838521
5.087925
5.768498
6.949326
3.567005
15.557791
16.368975
16.425858
3.533131
3.786086
1.664599
1.588667
16.144641
13.840143
14.659365
15.219839
7.841288
12.522752
13.371096
14.466201
13.997373
5.663676
6.504845
8.71303
10.239112
11.646393
12.006178
15.248002
15.006538
12.464462
12.427784
13.098013
11.659743
10.520445
14.786534
1.666179
1.896015
12.822456
13.933762
15.363392
15.831346
16.044845
15.930407
15.67586
15.23441
14.701766
-0.145019
-0.140778
0.134813
0.088839
-9.269831
-8.575627
-7.432988
-8.206377
-13.506106
-12.911655
-12.602308
-15.730699
-16.096827
-11.052096
-10.596494
-10.251456
-4.671714
-6.087644
-6.527505
-5.38692
-3.226749
-16.115227
-16.852923
-16.753097
-3.848132
-1.865408
-1.938395
-4.098866
-16.664393
-14.584985
-15.836008
-15.28685
-7.406673
-13.160436
-13.794944
-14.277143
-6.063444
-6.957034
-9.180552
-10.815614
-16.325084
-11.435704
-11.716879
-15.215263
-12.219052
-12.185478
-11.006277
-12.262105
-13.666847
-14.644799
-1.662654
-1.383694
-14.579145
-13.510122
-15.408089
-15.991313
-16.3826
-16.386066
-16.228752
-15.803354
-15.26856
-12.087754
