9.492492
8.460775
7.596635
8.665644
13.004463
15.665586
15.506226
11.228598
10.45429
9.694392
10.591584
4.933209
5.562444
6.778111
3.406874
15.48747
16.329148
16.379029
3.429682
3.676252
1.588476
1.513003
16.122779
13.762343
14.621979
15.168095
7.705912
12.20995
13.106584
14.227675
13.798633
5.53485
6.387818
8.585258
10.127674
11.407011
11.858281
15.085989
14.799942
12.320443
12.216559
13.053935
11.57266
10.415118
14.588792
1.560416
1.794238
12.748033
13.897476
15.222445
15.761632
15.98914
15.883486
15.643874
15.210644
14.683872
-0.195042
-0.194047
0.082481
0.05137
-9.087815
-8.32965
-7.197857
-8.021762
-13.452789
-12.798647
-12.521948
-15.758794
-16.207841
-10.907345
-10.376702
-10.093909
-4.520113
-5.943962
-6.325841
-3.112581
-16.28027
-16.993489
-16.839645
-17.412125
-3.88968
-1.898084
-1.969405
-4.141703
-16.500222
-16.835009
-16.0343
-15.51469
-7.236263
-12.98771
-13.684196
-14.142931
-6.128728
-7.039207
-9.298108
-10.964285
-16.344362
-11.236624
-11.583376
-15.155415
-12.053429
-12.059167
-11.16373
-12.461321
-13.897744
-14.544037
-1.630711
-1.367957
-14.819458
-13.734815
-15.356528
-16.021808
-16.48606
-16.548093
-16.413464
-16.008929
-15.490228
-12.012421
