11.192211
11.454167
11.099163
10.636205
7.86288
-1.46095
0.358532
10.139761
10.751446
10.153326
9.618974
11.758397
11.2866
11.534745
11.417294
-3.2256
-3.506372
-1.994309
-9.889045
-9.665637
-9.216688
-9.455967
-4.814254
-6.360946
-6.167946
-4.780896
11.60897
7.520538
6.793913
4.651592
6.013034
-10.042956
-9.636178
-9.692797
-8.946936
9.031594
9.503283
2.156108
2.930776
8.965816
8.458542
-8.450576
-8.780637
-9.646519
3.812683
10.941137
10.987655
-7.652878
-7.380861
1.598609
-0.075639
-1.772852
-3.366621
-4.797701
-6.062632
-7.159621
-8.93562
-9.168565
10.524321
10.763974
10.599677
10.014514
10.504278
10.864665
6.907128
7.505131
8.307097
0.26747
-1.502025
9.62713
9.048802
10.199448
11.225522
11.266671
10.989951
10.942944
-3.261231
-3.712867
-2.165504
-3.832228
-10.130823
-9.765301
-9.618188
-9.996663
-6.1618
-5.01323
-4.865389
-6.315973
11.050106
6.423944
5.758432
4.411477
-10.19534
-9.909374
-9.867644
-9.148373
-0.509932
8.52861
9.047006
2.036053
8.013155
8.541378
-9.707598
-8.918411
-8.620877
3.649947
10.734556
10.579624
-7.577922
-7.85275
1.498914
-0.175185
-1.867502
-3.401486
-4.93366
-6.237845
-7.343777
9.019646
