10.220132
9.135747
8.448076
14.16236
13.330906
13.718543
15.965811
11.962988
11.196677
5.478169
7.459283
6.905079
3.910858
15.862241
16.616642
17.137554
16.6896
3.602212
3.874236
1.766232
1.672152
16.317944
15.909858
14.731599
15.403809
8.29835
14.076493
15.018867
14.539785
5.730507
6.566936
8.757924
10.273008
16.463288
12.471213
12.581936
15.702578
13.021635
13.152448
13.042965
11.630697
10.510615
15.253884
15.388109
14.841006
1.881377
2.118807
12.823074
13.925693
15.780496
16.153521
16.32606
16.194399
15.850471
15.327613
14.725982
-0.028074
-0.049962
12.793075
12.130531
0.214879
0.162305
-9.807113
-8.717709
-13.717992
-13.299184
-12.877129
-15.758317
-11.538366
-10.767651
-5.039058
-6.470918
-7.028718
-3.496032
-15.872938
-16.662408
-16.666862
-17.105003
-17.130039
-3.613443
-1.725743
-1.770763
-3.841555
-16.006256
-16.405201
-15.482314
-14.827043
-7.724443
-7.856944
-13.647588
-14.093601
-14.559771
-5.732569
-6.580713
-8.709995
-10.292391
-16.347837
-12.171827
-15.348459
-12.779343
-12.611367
-10.456257
-11.659811
-13.074456
-14.829008
-15.016566
-14.405315
-1.75053
-1.457224
-14.034219
-12.926678
-15.52491
-16.010674
-16.276208
-16.157315
-15.930045
-15.423009
-14.812789
-10.918054
-10.0052
-8.895365
-12.334237
-11.684008
