12.031757
12.405068
12.561338
7.317834
8.937366
8.226404
0.149736
10.764751
11.483172
12.995239
12.844732
12.746616
12.999136
-3.593056
-3.813147
-3.847214
-2.301254
-10.9858
-10.667935
-10.211733
-10.519433
-5.065399
-6.171166
-6.443685
-5.113098
12.586817
7.255217
4.855125
6.276579
-11.174306
-10.550816
-10.42278
-9.459317
-0.611158
9.878518
10.034099
2.139122
9.416183
9.075075
-8.629403
-9.061395
-10.071716
3.944476
3.249448
5.33687
12.199088
12.700455
-7.895063
-7.598283
1.557036
-0.30104
-2.092862
-3.697931
-5.084422
-6.299525
-7.345357
-9.923719
-10.18287
9.67443
10.400042
11.958152
12.489267
11.910164
12.290598
7.394256
8.191247
8.914061
0.436242
10.620596
11.33459
12.869338
12.642394
12.71686
12.871132
-3.19825
-3.446295
-1.927115
-2.03478
-3.474818
-10.935936
-10.603202
-10.400952
-10.717549
-5.81071
-4.707756
-4.771826
-6.129296
12.293093
12.477007
7.19491
6.315
4.930991
-10.942234
-10.445936
-10.181545
-9.24096
-0.224266
9.922708
2.369601
8.954678
9.332316
-9.739256
-8.767565
-8.318541
4.106501
3.498679
5.494367
12.636332
12.126903
-7.290445
-7.628488
1.857509
0.045452
-1.712248
-3.248351
-4.736444
-5.965313
-6.997725
11.024968
11.609427
11.985991
9.638561
10.33887
