10.959327
11.284527
11.147271
10.664665
8.437544
7.705035
-1.616199
0.218727
9.895447
10.481464
10.138781
9.570255
11.700389
11.452772
11.502466
11.6173
11.582335
-3.36765
-3.591426
-2.132893
-10.364072
-10.067829
-9.711662
-9.987617
-4.825094
-6.450717
-6.204415
-4.871015
11.452689
6.768757
4.62842
5.94984
-10.563272
-10.020472
-10.058345
-9.206001
8.956628
9.294488
2.091857
8.767984
8.351247
-8.398727
-8.878403
-9.809181
3.79246
11.006227
11.268423
-7.705016
-7.372568
1.525174
-0.216799
-1.915621
-3.46328
-4.835749
-6.037004
-9.520391
-9.751063
10.705754
11.04393
10.535621
10.687337
10.848746
6.827987
7.467928
8.202309
0.340822
-1.416795
9.5405
10.08495
11.272054
11.205702
11.076962
11.184045
-3.132727
-3.461645
-1.989315
-10.419385
-10.136905
-9.945741
-10.197087
-4.694114
-6.269235
-4.68783
-6.082712
11.036568
6.503243
5.788913
4.516686
-10.519921
-10.058139
-10.007543
-9.158116
-0.367335
8.583517
8.976045
2.143631
8.027824
8.479976
-9.658887
-8.75548
-8.309839
3.760109
5.058995
11.053884
10.715242
-7.287692
-7.635136
1.618821
-0.069255
-1.737671
-3.219608
-4.686845
-5.936437
-7.000252
10.122965
8.885066
9.520594
