11.529824
11.942873
12.144907
7.055802
8.600036
7.936449
-1.884122
0.039279
10.320313
10.978943
12.614956
12.669377
12.425859
12.324212
12.765034
-3.675802
-3.868409
-2.401981
-11.365594
-11.013159
-10.657485
-10.977714
-5.069376
-6.475224
-5.165963
12.148608
7.065002
4.753372
6.115432
-10.873858
-10.764122
-9.731187
-0.746874
9.509199
9.651789
2.053398
9.0683
8.750202
-9.217108
3.865191
5.188387
12.021362
12.595116
-7.982958
-7.621375
1.468552
-0.411412
-2.184342
-3.748638
-5.099934
-6.280435
-7.299518
-10.473367
-10.711731
9.307957
11.884066
12.407769
11.516391
12.076305
11.930501
7.173469
7.949665
8.64178
0.416443
-1.417738
10.27234
10.927903
12.544915
12.29011
12.375864
12.671616
-3.151426
-3.341537
-1.885157
-10.962632
-10.748268
-10.930875
-4.546194
-6.241338
-4.691301
-6.02408
12.134198
7.036567
6.178922
4.871261
-10.615627
-10.396462
-9.368611
-0.217478
9.614549
2.348993
8.688382
9.048005
-8.776388
4.070491
3.455122
5.382824
12.55452
11.968841
-7.167787
-7.574367
1.840696
0.038682
-1.687085
-3.178146
-4.61631
-5.814459
-6.832072
10.723814
11.313131
9.359055
10.051625
