9.891522
8.853258
8.135905
9.264553
13.075369
13.407118
15.812077
15.713011
11.612704
10.837222
10.318651
11.228693
5.329004
6.085596
7.219234
3.813724
15.641756
16.401246
16.470501
3.679864
3.946593
1.782527
1.701089
16.15213
13.929469
14.688781
15.275706
8.059026
13.772756
14.813031
14.296947
5.834237
6.663797
8.87318
10.377795
12.027964
12.245875
15.476024
12.697942
12.763595
13.12675
11.755496
10.63941
15.068457
1.835433
2.064416
12.901662
13.955462
15.560335
15.919126
16.104196
15.975302
15.700275
15.242237
-0.061321
-0.058122
0.230233
0.171342
-9.490354
-7.729095
-8.432598
-13.542878
-13.037097
-12.677959
-15.649783
-15.900433
-11.221636
-10.436759
-4.852357
-6.259333
-6.776227
-5.635382
-3.353031
-15.850296
-16.630149
-16.601525
-3.771791
-1.807627
-1.875785
-4.013985
-16.403625
-14.240964
-15.530251
-14.943751
-7.612868
-13.372426
-13.912765
-14.427124
-6.807869
-8.980512
-10.566122
-16.264127
-11.689534
-11.871335
-15.256807
-12.423022
-12.328477
-11.944933
-13.314571
-14.742559
-14.285025
-1.676009
-1.381592
-14.216463
-13.15849
-15.439925
-15.910196
-16.201955
-16.128628
-15.946911
-15.495729
-14.938268
-12.155866
