11.408108
11.771904
11.754009
11.227921
8.638492
7.900883
-1.756899
0.134857
10.257962
10.899581
10.63812
9.994006
12.348531
12.186314
12.116077
12.33381
-3.546226
-3.780537
-2.289954
-10.987477
-10.690931
-10.302147
-10.589549
-5.027007
-6.653669
-6.419862
-5.069831
11.972265
6.951165
4.705908
6.06851
-11.149184
-10.569667
-10.506686
-9.560043
9.314713
9.598094
2.073752
9.029961
8.628414
-8.665914
-9.15891
-10.17159
3.833638
11.731118
12.103923
-7.94052
-7.604925
1.498317
-0.31243
-2.064046
-3.646955
-5.036158
-6.259324
-10.088307
-10.317308
11.51813
11.923845
11.239289
11.554047
11.612771
7.085709
7.794811
8.538068
0.330391
-1.489704
10.073276
10.709004
12.161976
12.016108
11.944864
11.99534
12.146348
-3.240333
-3.531026
-2.036494
-10.958468
-10.691734
-10.513998
-10.753492
-4.772113
-6.378335
-4.809478
-6.188578
11.820656
6.8116
6.028924
4.697389
-10.487767
-10.322852
-9.393309
-0.362729
9.10947
9.434606
2.213564
8.449581
8.881344
-8.923308
-8.436754
3.910222
5.258785
12.015869
11.591521
-7.383214
-7.750517
1.693794
-0.074593
-1.797743
-3.31167
-4.787208
-6.026188
-7.080637
9.273473
