9.925715
8.88891
8.167491
9.302289
13.940462
13.103187
13.438652
15.746495
15.672771
11.641291
10.865722
10.357875
11.270461
5.361073
6.11676
7.254643
6.758367
3.845906
15.573585
16.31332
16.388136
3.683208
3.961244
1.80627
1.713688
16.072286
13.871376
14.621289
15.213965
8.092827
13.79516
14.800915
14.306484
5.80774
6.650378
8.82495
10.333627
16.17556
12.076635
12.279401
15.438856
12.731155
12.804522
13.046406
11.693038
10.5696
15.042329
1.874945
2.115611
12.838452
13.880004
15.521807
15.861555
16.026567
15.893246
15.628255
15.164926
14.609727
-0.034468
-0.043288
0.284073
0.246322
-9.349738
-7.587495
-8.300488
-13.420859
-12.913042
-12.553345
-15.533283
-15.796059
-11.087698
-10.294485
-4.735783
-6.146335
-6.642476
-3.239773
-15.776294
-16.573113
-16.524247
-3.746057
-1.78859
-1.840598
-3.972504
-16.36336
-14.190669
-15.481916
-14.91614
-7.486231
-13.248782
-13.78624
-14.301784
-5.904989
-6.752332
-8.929648
-10.503393
-16.169146
-11.561352
-11.741954
-15.131928
-12.296214
-12.198118
-10.703348
-11.8963
-13.288003
-14.611545
-14.80509
-14.153925
-1.583792
-1.309505
-14.191701
-13.109644
-15.321468
-15.802962
-16.111403
-16.062127
-15.906557
-15.472307
-14.921781
-10.610127
-9.69311
-12.032705
-11.379428
