11.25956
11.61038
11.59118
11.089681
7.05069
8.557239
7.842051
-1.698067
0.171583
10.131457
10.754968
10.520289
9.895681
12.106857
11.962158
11.919125
11.954056
12.062633
-3.467426
-3.684421
-2.214986
-10.668657
-10.357586
-9.983912
-10.274123
-4.914938
-6.540301
-6.29924
-4.971105
11.788227
6.912333
4.692781
6.039745
-10.865716
-10.280065
-10.25994
-9.352806
-0.593284
9.226957
9.49448
2.092721
8.940756
8.556671
-8.487368
-8.976426
-9.947009
3.833477
11.414185
11.779418
-7.79249
-7.460647
1.519778
-0.269582
-1.999232
-3.560214
-4.930974
-6.130559
-7.16754
-9.776997
-10.014213
11.15599
11.564448
10.96901
11.260512
11.313669
6.995135
7.689359
8.413396
0.372524
-1.418407
9.873492
10.469457
11.801584
11.670123
11.619177
11.771333
-3.147716
-3.435242
-1.957807
-10.66174
-10.379746
-10.182047
-10.43149
-4.667366
-6.269244
-4.703068
-6.079211
11.504303
6.729228
5.957722
4.658938
-10.731617
-10.234861
-10.11373
-9.213432
-0.312706
8.947986
9.267346
2.223631
8.320031
8.740938
-9.707124
-8.761314
-8.28987
3.881773
3.27267
5.198903
11.625237
11.208223
-7.264466
-7.621785
1.704291
-0.027826
-1.723126
-3.216349
-4.681558
-5.917436
-6.966673
10.398874
10.934982
9.110168
9.768179
