9.95584
8.887572
8.118648
14.004078
13.165216
13.455731
15.882146
15.778489
11.697457
10.929245
11.272443
5.261932
7.198572
6.713046
3.703081
15.695275
16.481281
16.546571
3.502743
3.769121
1.687845
1.594534
16.220481
15.833819
14.654573
15.287175
8.079846
13.68306
14.673692
14.237794
5.599335
6.451762
8.624692
10.157387
16.302144
12.075743
12.320905
15.434593
12.768635
12.803526
12.990225
11.544106
10.401303
14.958628
14.60112
1.754883
1.998175
12.738078
13.868261
15.538896
15.986525
16.173157
16.051355
15.747837
15.25161
14.670032
-0.08871
-0.110937
12.656457
0.173565
-9.458275
-8.377401
-13.567782
-13.052779
-12.687208
-15.725292
-16.061261
-11.235741
-10.443285
-4.770681
-6.205915
-6.677006
-3.285505
-16.03967
-16.802529
-16.727363
-17.156044
-17.247873
-3.700063
-1.782063
-1.826806
-3.92894
-16.22634
-16.594792
-15.716391
-15.12206
-7.492255
-7.546845
-13.326783
-13.872307
-14.324768
-5.858421
-6.726076
-8.911095
-10.527691
-16.317975
-11.888551
-15.21345
-12.442842
-12.341342
-10.712566
-11.962562
-13.408622
-14.645118
-14.848997
-14.244228
-1.663405
-1.395106
-14.363587
-13.244356
-15.403577
-15.985604
-16.350185
-16.321024
-16.141581
-15.680354
-15.10637
-10.718414
-9.788701
-8.667233
-12.156652
-11.498253
