10.320559
9.215797
8.521369
14.249283
13.420197
13.810276
16.051304
12.075056
11.313154
5.495607
7.512932
6.946259
3.902645
16.699334
17.219456
17.227197
16.771809
3.532052
3.804701
1.733959
1.633906
16.964123
16.384185
15.953578
14.736653
15.443298
8.363635
8.247296
14.127652
15.032844
14.584705
5.638993
6.482918
8.660828
10.186307
16.540917
12.59551
12.687337
15.750946
13.12266
13.261028
12.987382
11.542443
10.414191
15.271761
15.415316
14.888239
1.868159
2.111146
12.760214
13.897618
15.832955
16.235812
16.406702
16.276585
15.906397
15.356437
14.731344
-0.028804
-0.063636
10.454724
11.403181
9.380048
12.877172
12.206033
0.191919
-9.886993
-8.782472
-13.776679
-13.377648
-12.937693
-11.630927
-10.862159
-5.070268
-6.516291
-7.07277
-3.519869
-16.722599
-16.723489
-17.151349
-17.179499
-3.554047
-1.698608
-1.731981
-3.775666
-16.049944
-16.461913
-17.035596
-15.525376
-14.849125
-7.775725
-7.907833
-14.13552
-5.655858
-6.502513
-8.623932
-10.214929
-16.389798
-12.260855
-15.36663
-12.88326
-12.694712
-10.373212
-11.594501
-13.041052
-15.834906
-14.830894
-15.020555
-14.43189
-1.77119
-1.484432
-14.030541
-12.894327
-15.542998
-16.063708
-16.342191
-16.222779
-15.98303
-15.457907
-14.829117
-10.967772
-10.051686
-8.94932
-12.387002
-11.73601
