12.279032
12.641669
12.832268
7.428602
9.076844
8.367304
0.190466
10.973083
11.721511
13.193979
13.086429
12.942682
13.159161
-3.782557
-3.804595
-2.35983
-2.259585
-10.807369
-10.488463
-9.993966
-10.304698
-5.000335
-5.04461
-6.159074
-6.410037
-5.085203
12.806642
12.5674
7.37142
4.915791
6.363087
-11.010184
-10.389539
-10.251343
-9.310985
-0.556832
10.093848
10.214715
2.182359
9.57912
9.252965
-8.567967
-8.948915
-9.934443
3.993005
3.299555
5.409732
12.28114
12.796644
-7.822073
-7.55236
1.599863
-0.259614
-2.060778
-3.675795
-5.065252
-6.280393
-7.32311
-9.662867
-9.937234
11.790109
11.223406
12.23783
9.817244
10.547166
11.995435
12.110927
12.477261
7.5053
8.326548
9.04635
10.796518
11.53479
13.038691
12.801054
12.916553
13.010632
-3.424014
-1.887556
-1.986645
-3.447466
-10.786916
-10.408702
-10.197627
-10.569942
-5.813895
-4.702333
-4.678589
-4.753181
-6.110202
12.435049
12.649182
6.40459
-10.799242
-10.325898
-10.035945
-9.121597
-0.176103
10.081919
2.41842
9.118201
9.483089
-9.620949
-8.681133
-8.276781
1.50312
4.159396
3.554858
5.567685
12.715413
12.204177
-7.264291
-7.575207
1.907536
0.09121
-1.67596
-3.223384
-4.724232
-5.95712
-6.985954
11.139038
11.715166
12.106042
9.759427
10.453589
