9.690695
8.672485
7.886197
8.975652
12.950064
13.206655
15.579384
15.492073
11.401347
10.623079
10.006336
10.912293
5.186203
5.87511
7.034836
6.597312
3.684561
15.407512
16.167823
16.237437
3.621161
3.896279
1.754826
1.662614
15.963119
13.780182
14.546546
15.099084
7.90401
13.466152
14.515129
14.051245
5.720661
6.57646
8.734132
10.255072
11.731288
12.045633
15.202782
12.504988
12.499779
13.004996
11.635495
10.49454
14.793793
1.782064
2.027938
12.77551
13.828456
15.305873
15.695385
15.869023
15.742591
15.518824
15.083273
-0.079163
-0.08685
0.265178
0.24669
-9.023155
-7.217231
-7.986117
-13.264011
-12.672656
-12.363355
-15.473245
-15.821642
-10.796427
-9.983714
-4.491001
-5.901203
-6.323943
-3.044398
-15.883255
-16.662065
-16.546216
-3.82759
-1.838258
-1.890445
-4.053794
-16.496082
-14.416474
-15.65298
-15.145455
-7.200859
-12.951694
-13.575299
-14.087648
-6.020523
-6.881603
-9.106956
-10.704321
-16.118695
-11.191776
-11.468041
-14.997445
-11.975656
-11.936275
-10.925426
-12.151117
-13.56363
-14.440606
-13.995091
-1.492815
-1.240387
-14.45603
-13.368013
-15.199147
-15.751554
-16.139744
-16.167334
-16.058044
-15.668399
-15.153216
-10.415204
-11.854983
-11.195239
