10.892908
11.196957
10.997591
10.53117
8.433067
7.687588
-1.550824
0.266753
9.850947
10.428202
10.028691
9.483875
11.547818
11.246633
11.359906
11.507926
11.364199
-3.294059
-3.52317
-2.064566
-10.102694
-9.817207
-9.452661
-9.720297
-4.765208
-6.375797
-6.13571
-4.79957
11.352533
6.733013
4.616187
5.934579
-10.307037
-9.794866
-9.862616
-9.054552
8.888995
9.258437
2.11063
8.740182
8.307281
-8.325958
-8.774804
-9.670742
3.788721
10.802664
11.003522
-7.624562
-7.304575
1.547703
-0.165228
-1.850016
-3.395649
-4.772415
-5.976988
-9.250185
-9.483145
10.456235
10.764496
10.368673
10.440764
10.656484
6.778743
7.395583
8.137194
0.337173
-1.405781
9.422074
9.947589
11.03379
11.004447
10.841808
10.893917
-3.119377
-3.477301
-1.998368
-10.211954
-9.90836
-9.71911
-9.998006
-4.719059
-6.262449
-4.678384
-6.085858
10.836949
6.417101
5.726291
4.457214
-10.331044
-9.904713
-9.88478
-9.079489
-0.385007
8.447448
8.874344
2.113005
7.924131
8.391971
-9.586876
-8.724381
-8.316411
3.707161
5.00672
10.74637
10.458603
-7.301457
-7.629976
1.585084
-0.078967
-1.736595
-3.218425
-4.694202
-5.955218
-7.027522
10.015762
8.808575
9.429405
