9.937731
8.864808
8.074692
14.00425
13.164728
13.43436
15.877764
15.770378
11.683724
10.916882
11.232161
5.220751
7.162189
6.687064
3.653336
15.687152
16.482936
17.025142
16.546392
3.45167
3.717224
1.657365
1.561594
16.224122
15.833025
14.638057
15.275872
8.057723
13.615442
14.601191
14.188067
5.531857
6.391188
8.55409
16.296288
12.037993
12.305552
15.393144
12.753304
12.769741
12.954207
11.487406
10.336005
14.898756
15.064775
14.566197
1.721589
1.968679
12.692098
13.842503
15.505057
15.981396
16.17019
16.051169
15.746233
15.244861
14.658085
-0.102242
-0.130041
12.660369
0.155789
-9.409624
-8.324652
-13.555683
-13.026985
-12.666858
-15.738526
-11.202829
-10.40611
-4.720753
-6.162596
-6.613193
-3.245696
-16.101984
-16.857781
-16.762816
-17.185379
-17.293821
-3.694929
-1.783375
-1.823017
-3.921053
-16.29349
-16.660093
-17.199405
-15.78603
-15.197262
-7.458828
-7.495351
-13.278459
-13.837219
-14.274387
-5.854829
-6.726018
-8.920501
-10.548132
-16.32671
-11.858647
-15.188189
-12.407037
-12.312095
-10.735758
-12.003453
-13.470027
-14.602054
-14.810505
-14.216398
-1.65055
-1.390926
-14.436079
-13.302078
-15.381485
-15.999731
-16.392273
-16.383596
-16.210319
-15.75235
-15.179091
-10.691453
-9.756586
-8.635778
-12.135928
-11.475369
