10.450514
9.373036
8.780686
14.27546
13.45328
13.953805
16.029558
12.174174
11.404852
5.746371
7.740936
7.12084
4.199044
15.878367
16.562831
16.652267
3.800795
4.093115
1.923453
1.821006
16.250186
15.837818
14.726785
15.412035
8.516353
8.348198
14.495814
15.38136
14.845278
6.777789
8.959582
10.447836
16.473099
12.842602
12.802015
15.905095
13.237171
13.478774
13.063588
11.750594
10.656379
15.536831
15.625042
15.060112
2.091943
2.33134
12.910976
13.926335
15.946421
16.175411
16.307906
16.157507
15.810562
15.281643
14.673125
0.07661
0.054508
10.52782
11.456859
9.467628
12.884634
12.229355
0.357837
0.297319
-9.932429
-8.861626
-13.664813
-13.330491
-12.863796
-15.581931
-11.604929
-10.84606
-5.159438
-6.575763
-7.20736
-3.5631
-15.514182
-16.359686
-16.433078
-16.91004
-16.873526
-1.668103
-1.706022
-3.764088
-15.6733
-16.071597
-15.103206
-14.429173
-7.789703
-7.989371
-14.135075
-14.652822
-6.43308
-8.513778
-10.031938
-16.211302
-12.226228
-15.320829
-12.880719
-12.65591
-11.326521
-12.697032
-14.86802
-15.036426
-14.389785
-1.707441
-1.403987
-13.630416
-12.538164
-15.490032
-15.840141
-15.999173
-15.809395
-15.575549
-15.058819
-14.437508
-10.929485
-10.037713
-8.950214
-12.317661
-11.677384
