11.947961
12.383557
12.739314
7.180064
8.777693
8.141173
0.00986
10.652155
11.362762
13.114402
12.966898
12.746042
13.328282
-3.761305
-3.940601
-2.462306
-11.568835
-11.19454
-10.806386
-11.145507
-5.137627
-6.182976
-6.541829
-5.246981
12.58791
12.295859
7.272662
4.851118
6.249931
-11.038555
-10.867251
-9.789329
-0.773994
9.894882
9.935615
2.077216
9.316413
9.047802
-8.678836
-9.238709
-10.327765
3.933714
3.213654
5.278509
12.454674
13.154388
-8.017415
-7.668664
1.485442
-0.445606
-2.253097
-3.831459
-5.177055
-6.349339
-7.357392
-10.587856
-10.842409
11.502985
10.908122
11.9247
9.492583
10.2197
12.337119
12.959487
12.040998
12.479057
7.393232
8.239804
8.913319
0.483267
10.686411
11.402476
13.1467
12.81413
13.014358
13.325733
-3.134618
-3.275673
-1.810678
-1.891046
-3.266898
-11.087882
-10.856848
-11.062729
-5.549265
-4.484471
-4.673481
-5.983074
12.398441
12.67556
6.39698
5.056768
-10.708748
-10.40707
-9.337443
-0.119654
9.980954
2.466565
9.067635
9.382096
-8.704827
-8.121783
4.22892
3.613576
5.562934
13.160782
12.483389
-7.098007
-7.502501
1.965364
0.119004
-1.635141
-3.138741
-4.577
-5.759719
-6.757196
11.035562
11.647059
12.069793
9.63227
10.339381
