11.48742
11.760902
11.553488
11.09898
7.265198
8.806139
8.01849
-1.48068
0.359227
10.367809
11.016442
10.583964
9.995184
12.059699
11.911107
12.038491
11.756478
-3.247116
-3.501895
-1.994218
-9.837412
-9.581935
-9.112277
-9.371921
-4.794117
-5.935389
-6.139396
-4.782985
11.896835
6.966911
4.737092
6.122625
-10.03078
-9.570159
-9.599934
-0.368341
9.341005
9.701881
2.194523
9.140598
8.694529
-8.34451
-8.659801
-9.517878
3.879648
11.118695
11.280846
-7.571597
-7.315458
1.632251
-0.07486
-1.788825
-3.379699
-4.791362
-6.030475
-7.099612
-8.8023
-9.057436
10.685336
10.903467
10.953819
11.169196
7.052296
7.707234
8.476643
0.364831
-1.41726
9.877655
10.478507
11.534167
11.511272
11.361023
11.289988
-3.174062
-3.576209
-2.03312
-2.193305
-3.669912
-10.043091
-9.643513
-9.464983
-9.874815
-6.016487
-4.874173
-4.766912
-6.192957
11.334239
6.64724
5.916133
4.562184
-10.128957
-9.803537
-9.715147
-8.97864
-0.376682
9.276024
2.157925
8.283289
8.75954
-9.515287
-8.724306
-8.431497
3.781907
3.183704
5.162879
11.022195
10.784671
-7.419949
-7.684487
1.627962
-0.061288
-1.759948
-3.290533
-4.815277
-6.102381
-7.184913
10.408545
10.90019
11.152638
9.161144
9.798151
