9.950714
8.878618
8.112255
9.275348
14.001701
13.161511
13.451098
15.936528
15.817364
11.697433
10.929887
10.35623
11.2676
5.246492
5.988661
7.186376
6.699294
3.684039
15.750154
16.549222
16.611031
3.492351
3.751757
1.66945
1.582346
16.280707
15.893583
14.698599
15.332635
8.069748
13.680199
14.687044
14.241177
5.605224
6.450243
8.643538
10.174871
16.35584
12.066163
12.316828
15.467461
12.76408
12.796198
13.03395
11.572573
10.433558
14.980766
1.729649
1.966265
12.770402
13.912647
15.572874
16.035654
16.234536
16.115618
15.801813
15.304991
14.725403
-0.105037
-0.121426
0.137055
0.094301
-9.561392
-7.728635
-8.473043
-13.654136
-13.144137
-12.775891
-15.806456
-16.135921
-11.335837
-10.549132
-4.851246
-6.286088
-6.771036
-3.36235
-16.0929
-16.844934
-16.782923
-17.202419
-17.284976
-3.707342
-1.789785
-1.843138
-3.945255
-16.245071
-16.62562
-15.749975
-15.139108
-7.636847
-13.416836
-13.960046
-14.407908
-5.872012
-6.748944
-8.929345
-10.554182
-16.383724
-11.985089
-15.296009
-12.540348
-12.437587
-10.72775
-11.981053
-13.417144
-14.729904
-14.932953
-14.33212
-1.7252
-1.444825
-14.375007
-13.267229
-15.481929
-16.060497
-16.415204
-16.369831
-16.171722
-15.696901
-15.11566
-10.80517
-9.876136
-12.243237
-11.584952
