11.818981
12.141251
12.094562
11.59881
7.319993
8.915917
8.150169
-1.638856
0.25361
10.621195
11.311717
11.017921
10.354776
12.603274
12.414839
12.434888
12.471877
12.444364
-3.433997
-3.682417
-2.161261
-10.479716
-10.20455
-9.729777
-10.00902
-4.966287
-6.105162
-6.329056
-4.973208
12.306941
7.121082
4.799927
6.211111
-10.654309
-10.126671
-10.065696
-9.20064
-0.493278
9.636102
9.91334
2.164684
9.31878
8.910496
-8.55274
-8.916075
-9.85912
3.911892
11.752969
12.066719
-7.780052
-7.506772
1.592555
-0.190728
-1.950253
-3.559213
-4.969594
-6.210276
-7.28052
-9.422094
-9.676107
11.421801
11.844579
11.492441
11.747614
11.821114
7.255404
7.981325
8.740077
0.378113
-1.454171
10.314855
10.986801
12.307993
12.188732
12.128804
12.174934
-3.229322
-3.566673
-2.023777
-2.161523
-3.631822
-10.566322
-10.199457
-10.020031
-10.389315
-5.982186
-4.854848
-4.821318
-6.219196
12.002884
6.935636
6.132182
4.746631
-10.591517
-10.198858
-10.010071
-9.172833
-0.332038
9.653738
2.24846
8.652952
9.091004
-9.700464
-8.81762
-8.453494
3.941077
3.337948
5.342693
11.92413
11.565264
-7.421886
-7.720914
1.726103
-0.034935
-1.774014
-3.318436
-4.833668
-6.097527
-7.160737
10.803421
11.353427
9.460443
10.142581
