10.196373
9.13957
8.505504
9.690223
14.102834
13.272102
13.708308
15.967358
15.902124
11.917625
11.14458
10.773163
11.692763
5.573357
6.413724
7.515872
6.946532
4.046469
15.795965
16.514132
16.593889
3.778922
4.056674
1.872358
1.784552
16.226819
14.740845
15.375792
8.311622
14.203534
15.173655
14.62482
6.770564
8.98225
10.471168
16.390773
12.480264
12.547517
15.747727
12.990501
13.161652
11.809971
15.370594
1.985052
2.213596
12.956818
13.979798
15.804011
16.078782
16.239935
16.09884
15.782784
15.29141
14.717294
0.01449
0.011364
0.295199
0.223069
-9.805093
-8.105093
-8.740481
-13.653836
-13.250834
-12.829904
-15.639114
-15.782265
-11.491873
-10.726478
-5.087581
-6.494078
-7.093226
-5.94679
-3.527848
-15.648294
-16.463391
-16.509523
-1.736865
-1.796946
-3.89639
-16.191668
-13.913389
-15.266303
-14.622377
-7.889795
-13.66342
-14.095013
-14.621194
-6.621535
-8.736552
-10.281721
-16.258168
-12.059575
-12.122777
-15.346147
-12.733385
-12.56489
-11.596823
-14.879074
-15.054785
-14.400047
-1.729475
-1.418238
-13.857338
-12.798025
-15.51765
-15.894941
-16.090855
-15.933342
-15.711344
-15.217347
-14.622713
-10.89528
-12.294599
-11.649976
