11.731219
12.149854
12.357551
11.799116
7.130851
8.714901
8.030981
-1.917653
0.025615
10.492365
11.175433
11.137381
10.40786
12.872373
12.917145
12.659407
12.565268
13.028664
-3.72704
-3.934682
-2.446351
-11.556962
-11.217909
-10.835927
-11.153825
-5.15351
-6.561702
-5.235031
12.368374
7.132325
4.783001
6.166619
-11.049189
-10.902179
-9.847099
-0.765611
9.647495
9.795966
2.052856
9.195162
8.865049
-9.328142
3.880567
12.301061
12.879487
-8.079283
-7.724474
1.466113
-0.429786
-2.223286
-3.809575
-5.17826
-6.379558
-7.417503
-10.630755
-10.86714
12.183696
12.713335
11.797738
12.377194
12.229627
7.282552
8.077026
8.785587
0.393707
-1.467458
10.489693
11.185545
12.886747
12.619901
12.69772
12.899799
13.011058
-3.222438
-3.419014
-1.941558
-11.146353
-10.946647
-11.141472
-4.637842
-6.324029
-4.776519
-6.113039
12.442835
7.136795
6.262902
4.919544
-10.78002
-10.5179
-9.477792
-0.247173
9.61146
9.800091
2.352774
8.842423
9.208997
-8.885671
4.106618
3.490767
5.45284
12.886211
12.298939
-7.263718
-7.668225
1.844168
0.01187
-1.739947
-3.252587
-4.704707
-5.908039
-6.929909
10.952603
9.531469
10.25185
