10.191265
9.09835
8.369569
14.166788
13.334556
13.683017
15.94279
11.941417
11.177684
5.405278
7.395983
6.86142
3.821767
16.603749
17.130337
17.13284
16.674205
3.505707
3.778176
1.712478
1.611744
16.310351
15.893113
14.688032
15.371063
8.261911
13.951314
14.878376
14.446457
5.597482
6.44938
8.615087
16.44002
12.40737
12.558186
15.616688
12.99789
13.094851
12.960174
11.511796
10.374038
15.13496
15.284796
14.774129
1.82499
2.071724
12.724372
13.863222
15.708857
16.13311
16.306199
16.179045
15.834316
15.30082
14.687856
-0.049085
-0.083691
10.380437
11.327324
9.303712
12.804641
12.13233
0.190688
-9.688889
-8.593252
-13.672888
-13.227512
-12.815816
-15.762524
-11.451294
-10.670953
-4.922898
-6.36794
-6.882956
-3.399794
-16.757343
-16.720439
-17.1492
-17.208441
-3.599315
-1.724965
-1.757425
-3.819394
-16.129786
-16.522311
-17.085079
-15.606313
-14.965441
-7.640954
-7.735918
-14.003921
-14.441265
-5.718886
-6.571026
-8.719226
-10.320512
-3.065565
-16.347364
-12.091322
-15.277916
-12.687978
-12.531963
-10.492578
-11.729397
-13.186966
-14.723487
-14.920019
-14.328727
-1.709465
-1.436269
-14.168069
-13.028182
-15.461556
-16.01825
-16.34003
-16.264497
-16.053707
-15.555985
-14.948465
-10.844347
-9.921414
-8.81525
-12.272506
-11.618124
