9.596068
8.591873
7.786356
8.853362
12.881941
13.115029
15.467153
15.386424
11.298328
10.517538
9.869694
10.773579
5.140254
5.804154
6.962981
6.547572
3.652445
15.297644
16.052698
16.123385
3.629905
3.908953
1.761748
1.666901
15.868954
13.736664
14.491452
15.021305
7.836598
13.355835
14.416595
13.960187
5.71636
6.579247
8.721045
10.243673
11.600267
11.949226
15.095413
12.41242
12.383672
12.977146
11.622951
10.476383
14.698974
1.776158
2.026778
12.751441
13.789356
15.202551
15.587645
15.755574
15.628699
15.431952
15.01274
-0.080608
-0.088472
0.292088
-8.82982
-7.018299
-7.806016
-13.139139
-12.513768
-12.226426
-15.38175
-15.755341
-10.61218
-9.789009
-4.351839
-5.758222
-6.149599
-2.924678
-15.859191
-16.641295
-16.497126
-3.86342
-1.855185
-1.904567
-4.084936
-16.497583
-14.461641
-15.667777
-15.195311
-7.037329
-12.780816
-13.438069
-13.961188
-6.066854
-6.925822
-9.170987
-10.767074
-16.044916
-10.976584
-11.292497
-14.89337
-11.781338
-11.766136
-11.004118
-12.23219
-13.64901
-14.328685
-13.87759
-1.415805
-1.176654
-14.527592
-13.437717
-15.101717
-15.667839
-16.08316
-16.145345
-16.066672
-15.705108
-15.210863
-10.281242
-11.725403
-11.06387
