10.620898
10.908761
10.64054
10.191438
8.306182
7.560894
-1.491545
0.297175
9.629902
10.173569
9.721603
9.219281
11.193173
10.83872
11.009112
11.199351
10.968012
-3.216335
-3.442037
-2.000388
-9.852887
-9.569154
-9.228547
-9.489363
-4.676796
-6.294043
-6.044052
-4.713095
11.053706
6.616897
4.564
5.85691
-10.069931
-9.576536
-9.694304
-8.925719
8.665009
9.07171
2.108407
8.577445
8.131744
-8.219443
-8.673312
-9.536755
3.756682
10.441967
10.583594
-7.53404
-7.209223
1.549829
-0.129502
-1.787158
-3.314521
-4.683765
-5.879299
-9.046701
-9.276323
10.064967
9.987765
9.972955
10.250483
6.629999
7.207285
7.946824
0.328673
-1.382687
9.127833
9.604776
10.572835
10.585351
10.382064
10.403912
-3.078339
-3.455706
-1.990451
-9.996723
-9.69672
-9.50444
-9.775942
-4.690089
-6.224489
-4.630148
-6.046099
10.425533
6.240115
5.589646
4.353271
-10.15239
-9.735012
-9.775386
-9.002556
-0.402909
8.149901
8.618895
2.065184
7.683057
8.16525
-9.507158
-8.672925
-8.274475
3.620893
4.893314
10.271595
10.027526
-7.269476
-7.594848
1.534364
-0.090919
-1.720943
-3.185753
-4.655369
-5.921216
-6.999622
9.750137
8.597387
9.192903
