9.762514
8.734597
7.945004
13.851867
13.011045
13.27291
15.593556
15.519508
11.476262
10.700166
11.003746
5.215097
7.084161
6.638211
3.700703
15.416287
16.170085
16.242275
3.590643
3.871551
1.75207
1.651633
15.960217
14.518938
15.09206
7.957285
13.511265
14.524493
14.085026
5.666289
6.531576
8.666786
10.194335
16.024798
11.824811
12.119502
15.215352
12.576367
12.580807
12.940936
11.564651
10.416745
14.797255
1.797277
2.051267
12.716748
13.780335
15.319181
15.712563
15.875567
15.747564
15.51468
15.062674
14.512422
-0.065373
-0.085098
0.280351
-9.004199
-7.963554
-13.238705
-12.658396
-12.33869
-15.44626
-15.806393
-10.785758
-9.970577
-4.457587
-5.876359
-6.2907
-3.007551
-15.875463
-16.661317
-16.53604
-16.997694
-17.127115
-3.784168
-1.814577
-1.853409
-3.999714
-16.186958
-16.500379
-15.645692
-15.13621
-7.168937
-7.173347
-12.932514
-13.541317
-14.039858
-5.960844
-6.813443
-9.035815
-10.630978
-2.745614
-16.095092
-11.457332
-14.950517
-11.974749
-11.921995
-10.856596
-12.088804
-13.526683
-14.38394
-14.591769
-13.949971
-1.461419
-1.221135
-14.434658
-13.321438
-15.15489
-15.727481
-16.127564
-16.164137
-16.059944
-15.66833
-15.146441
-10.385879
-9.453897
-8.33763
-11.826879
-11.166862
