10.952313
11.246371
11.068278
7.015689
8.46536
7.732171
-1.511138
0.301208
9.899516
10.483992
9.570134
11.544898
11.39914
11.511445
11.332549
-3.247501
-3.467184
-2.013007
-9.880668
-9.586986
-9.210867
-9.481975
-4.706001
-6.066602
-4.743942
11.383729
6.775936
4.64151
5.965769
-10.10861
-9.592726
-9.673458
-8.892538
-0.43713
8.96115
9.30323
2.140083
8.782268
8.366377
-8.215669
-8.639123
-9.505146
3.813434
10.708881
10.917787
-7.523457
-7.218008
1.577854
-0.127781
-1.807909
-3.348328
-4.71754
-5.910719
-6.941083
-8.990728
-9.235099
10.321787
10.354277
10.623166
6.795537
7.419274
8.149728
0.379611
-1.355701
9.424971
9.9453
10.966061
10.935431
10.805619
10.80798
-3.064168
-3.419521
-1.940444
-2.098882
-3.505611
-10.011299
-9.679048
-9.475742
-9.78548
-5.778651
-4.66487
-4.619247
-6.02417
10.798911
10.788677
6.443824
5.742405
4.47662
-10.15716
-9.735503
-9.721153
-8.939737
10.712303
-0.335684
8.882982
2.144678
7.952958
8.408066
-9.440191
-8.606255
-8.225249
3.724283
3.121691
5.019217
10.623787
10.334854
-7.23098
-7.542453
1.617799
-0.032985
-1.682993
-3.160742
-4.637443
-5.898182
-6.965589
9.970096
10.435119
10.664999
8.79787
9.399542
