10.225163
9.138804
8.449355
14.167999
13.336558
13.722796
15.973787
11.969483
11.203613
5.475254
7.459367
6.904961
3.905355
15.870716
16.627262
17.148649
16.699801
3.593114
3.86461
1.760549
1.66635
16.327042
15.917102
14.733984
15.40897
8.300384
14.07486
15.015593
14.539474
5.720005
6.556885
8.747776
10.264047
16.471988
12.476106
12.587573
15.705252
13.026946
13.15674
13.039886
11.622839
10.501874
15.252418
15.388299
14.842339
1.876263
2.113846
12.81796
13.925232
15.784068
16.162249
16.335731
16.204583
15.858047
15.332969
14.729546
-0.030288
-0.05301
12.798749
12.135494
0.209398
0.157116
-9.816527
-8.725272
-13.727376
-13.309275
-12.886219
-15.76893
-11.54953
-10.779062
-5.043478
-6.476727
-7.033989
-3.500411
-15.885536
-16.673488
-16.677252
-17.113595
-17.139348
-3.609646
-1.724592
-1.769101
-3.83779
-16.015349
-16.415918
-15.492632
-14.835147
-7.731217
-7.863258
-13.655036
-14.100323
-14.563066
-5.72819
-6.577167
-8.706263
-10.290626
-16.356084
-12.182709
-15.35392
-12.790868
-12.621895
-10.453488
-11.659734
-13.077244
-14.832271
-15.020236
-14.411544
-1.755521
-1.462387
-14.039996
-12.930325
-15.530283
-16.020716
-16.288391
-16.169739
-15.940709
-15.431702
-14.819762
-10.925806
-10.012418
-8.902578
-12.342626
-11.6922
