12.059319
12.431187
12.587913
7.330921
8.954353
8.2419
0.154281
10.788574
11.51031
13.018261
12.870359
12.770367
13.016653
-3.590357
-3.811325
-3.844586
-2.297396
-10.970651
-10.653851
-10.192859
-10.500333
-5.065645
-6.173674
-6.442657
-5.111505
12.611739
7.26655
4.86102
6.285545
-11.159183
-10.53769
-10.408135
-9.447207
-0.605409
9.90017
10.054597
2.143335
9.434704
9.093489
-8.628119
-9.053891
-10.062077
3.949008
3.254237
5.34466
12.211815
12.712002
-7.890913
-7.597173
1.561274
-0.296538
-2.089601
-3.696532
-5.08435
-6.300683
-7.347365
-9.899829
-10.160189
9.692655
10.419334
11.966425
12.499451
11.934002
12.313183
7.4068
8.205727
8.929462
0.438418
10.641117
11.358374
12.890857
12.663969
12.739891
12.887977
-3.199462
-3.44922
-1.927279
-2.03459
-3.477788
-10.925178
-10.587735
-10.385626
-10.708468
-5.817473
-4.713158
-4.774401
-6.132556
12.313252
12.498624
7.205983
6.323956
4.93631
-10.930533
-10.438545
-10.171137
-9.233849
-0.222702
9.940924
2.37243
8.971507
9.349141
-9.733227
-8.765074
-8.321469
4.110419
3.502937
5.501722
12.647212
12.139674
-7.293947
-7.628923
1.860288
0.047306
-1.712067
-3.2502
-4.740401
-5.970339
-7.00304
11.041606
11.625983
12.003691
9.654071
10.354732
