9.702053
8.685349
7.905035
8.995099
12.954918
13.21858
15.571927
15.48945
11.410619
10.631945
10.025382
10.931859
5.203816
5.896842
7.051712
6.610645
3.704666
15.400783
16.155246
16.226232
3.637042
3.914054
1.767517
1.674418
15.950963
13.783208
14.541994
15.094
7.916294
13.490878
14.536109
14.068482
5.737189
6.592778
8.748454
10.267471
11.751047
12.056072
15.21072
12.515342
12.517063
13.004208
11.643492
10.504095
14.808839
1.798056
2.044474
12.780248
13.825383
15.311271
15.689304
15.85936
15.731433
15.509356
15.074438
-0.071069
-0.078852
0.278321
0.260184
-9.018647
-7.219503
-7.983999
-13.25062
-12.663395
-12.352178
-15.452723
-15.793051
-10.788069
-9.975497
-4.489988
-5.898753
-6.324882
-3.04065
-15.853615
-16.637052
-16.524431
-3.825021
-1.834891
-1.886249
-4.049761
-16.470328
-14.388509
-15.624603
-15.118173
-7.199033
-12.949415
-13.568302
-14.085364
-6.01526
-6.873003
-9.096018
-10.688292
-16.102578
-11.187518
-11.459375
-14.987437
-11.969318
-11.927219
-10.910863
-12.130835
-13.540378
-14.435143
-13.985051
-1.483671
-1.231492
-14.429807
-13.342702
-15.189077
-15.73207
-16.114045
-16.138711
-16.031176
-15.64282
-15.12827
-10.40614
-11.844072
-11.184969
