11.690609
11.992753
11.936741
7.293704
8.853499
8.108616
0.309727
10.514169
11.188871
12.349851
12.237895
12.25184
12.138842
-3.330097
-3.561266
-3.60216
-2.165231
-2.06038
-10.056972
-9.768792
-9.301473
-9.582329
-4.831941
-5.948583
-6.181592
-4.849071
12.129185
7.092223
4.793781
6.192299
-10.27221
-9.745432
-9.734298
-0.420204
9.565751
9.827469
2.19611
9.246837
8.855816
-8.338911
-8.682569
-9.569513
3.919161
3.25927
5.313628
11.38943
11.684019
-7.59454
-7.332575
1.627359
-0.127286
-1.862254
-3.449471
-4.841976
-6.05868
-7.1053
-8.991219
-9.256947
10.880002
9.571336
10.251534
10.993026
11.206178
11.496605
7.16842
7.877741
8.617436
0.428966
10.109051
10.739237
11.906054
11.8083
11.769109
11.74105
-3.125102
-3.465935
-1.936554
-2.072628
-3.532649
-10.18374
-9.788436
-9.587003
-9.982332
-5.877717
-4.749651
-4.768988
-4.704481
-6.10198
11.579635
11.656184
6.850178
6.058879
4.70432
-10.2696
-9.87916
-9.738736
-8.946438
11.548702
-0.275315
9.482903
2.260525
8.521944
8.949928
-9.460267
-8.626147
-8.293846
3.908496
3.308652
5.280784
11.459715
11.119537
-7.295993
-7.575726
1.738133
0.019734
-1.689364
-3.213984
-4.722458
-5.986288
-7.045312
10.553066
11.057773
11.353453
9.292824
9.932739
