9.939308
8.906984
8.211517
9.343336
13.097711
13.456652
15.773794
15.696804
11.651754
10.874721
10.396114
11.308495
5.400197
6.172137
7.288086
6.779679
3.89437
15.605836
16.340273
16.415543
3.740324
4.015914
1.834014
1.747544
16.094013
13.932042
14.661312
15.247039
8.110313
13.869182
14.890154
14.363223
6.723373
8.919941
10.417917
12.109552
12.29009
15.500133
12.741796
12.834709
11.776248
10.664926
15.121086
1.901721
2.134528
12.909976
13.932416
15.574664
15.887256
16.05577
15.920567
15.653494
15.197088
-0.026736
-0.025708
0.288006
0.233646
-9.451713
-7.715881
-8.404292
-13.473674
-12.983097
-12.616694
-15.554577
-15.77666
-11.169494
-10.383871
-4.830659
-6.23274
-6.759224
-5.61815
-3.321556
-15.727233
-16.527113
-16.507558
-3.758307
-1.792098
-1.854688
-3.992593
-16.300369
-14.127957
-15.415912
-14.836749
-7.586528
-13.34481
-13.866986
-14.399338
-6.767158
-8.931725
-10.496335
-16.188829
-11.653656
-11.818737
-15.199992
-12.379549
-12.274274
-11.861262
-14.701953
-14.22712
-1.627434
-1.337021
-14.113938
-13.055777
-15.383857
-15.820324
-16.091196
-16.01054
-15.839456
-15.395754
-14.841775
-12.095843
-11.445143
