10.16462
9.099854
14.129638
13.301751
13.66023
15.742253
11.886254
11.116954
5.473395
7.429754
6.904425
3.921367
16.283403
16.794088
16.801386
16.368886
3.604039
3.904718
1.815409
1.693626
16.029387
15.627737
14.512905
15.169728
8.275752
8.185076
14.843034
14.426626
5.647264
6.522648
8.616497
3.548267
16.182838
12.523613
15.472527
12.967599
13.078431
12.825927
11.464432
10.318833
15.057341
15.176897
14.723888
1.94641
12.643844
13.707794
15.55524
15.891661
16.015216
15.87454
15.586122
15.071471
14.464934
0.022369
-0.026912
10.374548
11.299085
9.312088
12.770062
12.093528
0.35741
-9.245746
-8.190008
-13.295814
-12.824496
-12.431288
-12.866948
-11.007874
-10.204726
-4.597763
-6.034383
-6.501392
-3.090032
-16.533139
-16.452022
-16.925739
-17.01486
-3.603606
-1.707785
-1.713461
-3.791561
-16.006068
-16.343242
-16.92747
-15.421842
-14.857239
-7.308187
-7.362532
-13.638583
-5.706346
-6.520418
-8.688125
-10.247399
-2.818047
-16.055227
-11.663128
-14.94277
-12.107774
-10.467281
-11.674755
-13.148135
-15.482768
-14.394524
-14.591632
-13.968384
-1.221692
-14.097498
-12.931969
-15.142353
-15.681152
-16.025849
-16.008865
-15.878182
-15.444083
-14.875689
-10.475851
-9.553778
-8.47371
-11.900805
-11.247158
