11.374799
11.694143
7.128474
8.613736
7.947633
0.280953
10.22143
10.859052
12.011373
11.966453
11.880383
11.881253
-3.48747
-3.515427
-2.13713
-2.041105
-9.915656
-9.571664
-9.172916
-9.476178
-4.699384
-5.741492
-6.05228
-4.774553
11.810289
11.641018
4.762878
6.120102
-10.19768
-9.592517
-9.625259
11.487236
-0.445103
9.582762
2.184439
9.026458
8.703497
-8.093025
-8.511677
-9.381145
3.906395
3.244416
5.245896
11.026457
-7.441026
-7.151178
1.614027
-0.149195
-1.857344
-3.392978
-4.732026
-5.886391
-6.875578
-8.919728
-9.193822
11.05045
10.528873
11.411525
9.28159
9.922102
10.636289
10.828976
11.109237
7.010198
7.721809
8.402675
7.832528
9.808658
10.373994
11.475804
11.340543
11.401661
11.394984
-3.217527
-1.749071
-1.867224
-3.262986
-9.971735
-9.602561
-9.353849
-9.693123
-5.554777
-4.45414
-4.454643
-4.480998
-5.845912
11.121109
11.24926
5.982548
-10.141757
-9.647691
-9.55808
-8.733354
11.062552
-0.141217
9.231719
2.326822
8.737393
-9.198486
-8.344164
-7.951785
1.409771
3.928167
3.326795
5.216625
10.711045
-6.998993
-7.305206
1.811315
0.130848
-1.530874
-3.002286
-4.46367
-5.695122
-6.725953
10.173238
10.635482
10.929247
9.015132
9.60257
