10.252416
9.185362
8.539496
14.154404
13.325796
13.758078
15.974973
15.920747
11.977914
11.207309
5.582667
6.423327
7.544967
6.972589
4.041221
15.797257
16.512992
16.594456
3.731561
4.014462
1.858386
1.761974
16.222386
14.707252
15.362391
8.349962
14.215507
15.15123
14.63385
6.706136
8.892765
10.391002
16.394849
12.54756
12.606444
15.739844
13.047272
13.219457
13.067335
11.722603
10.616515
15.347692
15.454994
14.896016
1.986122
2.223754
12.884295
13.92431
15.799855
16.089031
16.241026
16.099534
15.775443
15.267492
14.677007
0.021963
0.005611
12.778426
12.123122
0.303272
0.24752
-9.762537
-8.044575
-8.693478
-13.621715
-13.222506
-12.794811
-15.616261
-15.783274
-11.463278
-10.693629
-5.033036
-6.449827
-7.032345
-3.474666
-15.664161
-16.483154
-16.512075
-16.976455
-16.97861
-3.621893
-1.716125
-1.761859
-3.844607
-15.835483
-16.220668
-15.28674
-14.644315
-7.83927
-13.621536
-14.04569
-14.55366
-6.56022
-8.676776
-10.224098
-16.237302
-12.095588
-15.289771
-12.712335
-12.534844
-11.5578
-12.938758
-14.806653
-14.985479
-14.343904
-1.693059
-1.396773
-13.867797
-12.779557
-15.465169
-15.875373
-16.09385
-15.953609
-15.739691
-15.246069
-14.646237
-10.853466
-9.950906
-8.848681
-12.256442
-11.610681
