11.480464
11.799006
11.769616
7.183365
8.709493
7.988627
-1.59567
0.265819
10.326843
10.976568
12.184212
12.063158
12.067343
12.034752
-3.360001
-3.576845
-2.097148
-10.190189
-9.884598
-9.460106
-9.74751
-4.823717
-5.913284
-6.183965
-4.863751
11.942889
7.017001
4.753802
6.12707
-10.413994
-9.856183
-9.854891
-9.018077
-0.473292
9.417407
9.666864
2.163152
9.100805
8.723966
-8.326645
-8.728133
-9.633783
3.888827
3.224831
5.253214
11.297614
11.628038
-7.616031
-7.327657
1.593191
-0.170666
-1.896701
-3.464732
-4.839877
-6.038747
-7.070841
-9.19305
-9.451711
10.706662
9.412592
10.082328
10.940766
11.032664
11.335122
7.074734
7.776869
8.500398
0.428739
9.957817
10.561463
11.755036
11.643435
11.616912
11.643763
-3.093553
-3.407104
-1.905937
-2.039886
-3.467962
-10.266594
-9.910082
-9.700365
-10.041193
-5.779255
-4.665888
-4.656977
-6.04255
11.418357
11.499653
6.787506
6.003294
4.683384
-10.366944
-9.925796
-9.805731
-8.977882
11.406402
-0.261857
9.350202
2.258618
8.41204
8.828944
-9.476126
-8.607393
-8.223159
3.897491
3.294694
5.235108
11.408182
11.032146
-7.226685
-7.534191
1.738226
0.026222
-1.667427
-3.171123
-4.657223
-5.906927
-6.958099
10.412787
10.916209
11.208864
9.16826
9.801339
