10.245491
9.177773
8.544309
9.743708
14.144115
13.314063
13.753835
16.031732
15.961211
11.97398
11.203181
11.757416
5.580792
6.429434
7.541664
6.964219
4.041036
15.85689
16.582823
16.66112
3.747164
4.022389
1.852933
1.765164
16.283985
14.76407
15.41569
8.342071
14.236195
15.195707
14.654706
6.737064
8.952308
10.44461
16.451986
12.541726
12.599134
15.790633
13.039782
13.215888
13.137223
11.786547
15.396577
14.917175
1.972389
2.200317
12.945959
13.988275
15.848367
16.140241
16.305473
16.165977
15.832989
15.328854
14.74485
0.009041
0.002817
12.766133
0.270979
0.196578
-9.893928
-8.18551
-8.819348
-13.720436
-13.330988
-12.899495
-15.698682
-15.843368
-11.583517
-10.822063
-5.143382
-6.555731
-7.1628
-6.012888
-3.57715
-15.693383
-16.503249
-16.555822
-1.726742
-1.785463
-3.872249
-16.223615
-13.919086
-15.292194
-14.630343
-7.959363
-13.739187
-14.157086
-14.668797
-6.59313
-8.701116
-10.252484
-16.305171
-12.1651
-12.210802
-15.393172
-12.829848
-12.649939
-11.567413
-12.925616
-14.921474
-15.097251
-14.453753
-1.767306
-1.453011
-13.850751
-12.784273
-15.562439
-15.950476
-16.144818
-15.977496
-15.740732
-15.231764
-14.624934
-10.959656
-10.060312
-12.359558
-11.714898
