9.985328
8.957864
8.298415
9.431869
13.11152
13.507093
15.797064
15.725863
11.692185
10.91346
10.483392
11.396885
5.473482
6.270423
7.358566
3.978548
15.634383
16.35367
16.431849
3.818187
4.094884
1.881169
1.798468
16.101066
13.994765
14.693425
15.275251
8.157829
13.994186
15.019133
14.456558
6.816248
9.029547
10.514546
12.192995
12.332113
15.581341
12.783106
12.90907
11.863552
15.229198
1.956174
2.182795
12.982615
13.975736
15.643307
15.911268
16.076511
15.936871
15.667773
15.216278
-0.004283
0.004878
0.31335
0.244075
-9.554308
-7.854654
-8.511336
-13.508553
-13.045018
-12.666344
-15.54463
-15.713417
-11.246403
-10.468826
-4.92694
-6.319591
-6.882359
-5.74743
-3.398924
-15.631396
-16.442425
-16.457573
-3.758904
-1.786271
-1.85653
-3.997562
-16.196994
-14.01476
-15.303142
-14.710216
-7.689003
-13.443775
-13.939463
-14.493727
-6.757084
-8.903751
-10.450929
-16.183765
-11.751471
-11.889677
-15.251559
-12.463011
-12.343216
-11.781598
-14.782218
-1.656546
-1.351285
-13.987977
-12.951964
-15.429649
-15.808062
-16.031618
-15.914282
-15.729513
-15.276659
-12.144865
