11.294831
11.700018
11.785652
11.234731
8.50936
7.811193
-1.873015
0.035109
10.138464
10.767707
10.615203
9.950673
12.381761
12.317372
12.130191
12.505586
-3.664009
-3.877687
-2.40744
-11.428728
-11.101935
-10.763557
-11.067675
-5.09107
-6.767015
-6.504471
-5.170121
11.922255
6.926531
4.684507
6.027271
-10.946036
-10.855752
-9.829722
9.261995
9.49317
2.020564
8.92842
8.56121
-9.324742
3.810752
11.893465
12.376939
-8.056361
-7.680941
1.439339
-0.415956
-2.176386
-3.743431
-5.110509
-6.312145
-10.603713
-10.823709
11.773243
12.219029
11.282444
11.728872
11.697956
7.059212
7.790611
8.509055
0.336693
-1.488506
10.077872
10.711841
12.31276
12.107638
12.092123
12.225687
12.411706
-3.224556
-3.453196
-1.993568
-11.28588
-11.080805
-10.892198
-11.047257
-4.659298
-6.345314
-4.773564
-6.125582
11.918995
6.860857
6.055096
4.752564
-10.715118
-10.531527
-9.514492
-0.325698
9.164894
9.436166
2.251379
8.476122
8.877274
-8.938817
3.966558
12.344457
11.822771
-7.29724
-7.713593
1.737423
-0.054224
-1.775843
-3.269923
-4.713707
-5.925083
9.250431
