9.834082
8.803359
8.030971
13.895991
13.057848
13.343294
15.605752
15.545986
11.545832
10.770064
5.27626
7.156145
6.694157
3.7604
15.427874
16.166956
16.242982
3.61584
3.90224
1.7794
1.674738
15.951696
14.511361
15.095117
8.018811
13.60884
14.598787
14.156975
5.687992
6.554359
8.680962
10.205817
16.035852
11.931408
12.189991
15.262067
12.644974
12.674124
12.924028
11.562701
10.417397
14.854835
14.502793
1.841175
2.09808
12.713727
13.765859
15.359278
15.727988
15.880324
15.74839
15.510429
15.050808
14.493189
-0.041477
-0.065383
12.554741
0.310243
-9.030381
-7.991204
-13.226685
-12.667314
-12.334765
-15.409513
-15.748993
-10.803633
-9.990293
-4.475112
-5.894206
-6.320696
-3.013188
-15.808667
-16.606987
-16.492464
-16.961136
-17.0805
-3.755746
-1.795047
-1.828124
-3.965363
-16.126761
-16.441024
-15.573374
-15.058005
-7.180525
-7.19635
-12.958856
-13.544177
-14.046798
-5.918365
-6.760788
-8.972269
-10.555039
-2.748219
-16.065862
-11.472532
-14.934629
-12.002845
-11.933892
-10.782046
-12.002465
-13.440833
-14.377233
-14.58184
-13.937598
-1.446687
-1.208063
-14.35008
-13.231049
-15.138263
-15.692405
-16.075804
-16.100794
-15.995593
-15.600097
-15.072803
-10.384706
-9.456092
-8.347463
-11.820801
-11.162594
