10.163496
9.07603
8.338216
14.147997
13.315833
13.655593
15.892839
11.909274
11.144624
5.394393
7.376375
6.850167
3.815781
16.538807
17.064558
17.066267
16.610973
3.507883
3.784594
1.719798
1.615223
16.255358
15.841881
14.650008
15.326139
8.244115
8.158219
13.912855
14.835615
14.412727
5.586749
6.444809
8.595557
16.3828
12.368768
12.529687
15.565586
12.970756
13.060085
12.928463
11.489477
10.347465
15.090606
15.238266
14.742071
1.831287
2.082839
12.697944
13.828883
15.659228
16.078197
16.24426
16.115949
15.7838
15.254937
14.643968
-0.043496
-0.081353
10.366284
11.309762
9.291239
12.788488
12.114515
0.213446
-9.579622
-8.490905
-13.595326
-13.13615
-12.73277
-15.699826
-11.34769
-10.561196
-4.839882
-6.284624
-6.781946
-3.325285
-16.737522
-16.68422
-17.119076
-17.190848
-3.606211
-1.726662
-1.753878
-3.820527
-16.134923
-16.515386
-17.078149
-15.60255
-14.980187
-7.561659
-7.641198
-13.91973
-5.726219
-6.573889
-8.731047
-10.329335
-3.008668
-16.296476
-11.992229
-15.206959
-12.582246
-12.434683
-10.511551
-11.749365
-13.214791
-15.701747
-14.647389
-14.845907
-14.25109
-1.657229
-1.394331
-14.191571
-13.044466
-15.394805
-15.960801
-16.297962
-16.242153
-16.049568
-15.566708
-14.968797
-10.762394
-9.837601
-8.735042
-12.192566
-11.537381
