9.934994
8.861761
8.064337
14.005956
13.166706
13.43039
15.858933
15.755668
11.680698
10.914087
5.213733
7.155876
6.684284
3.644704
15.666943
16.461338
17.00336
16.994695
16.525412
3.439113
3.706776
1.654076
1.555414
16.205561
15.813065
14.618291
15.25753
8.055109
13.596557
14.575005
14.1724
5.508664
6.372644
8.525534
16.277183
12.031081
12.303339
15.370061
12.751216
12.763109
12.928078
11.459877
10.30453
14.873447
15.040392
14.553029
1.719946
1.970484
12.666743
13.81951
15.48393
15.964095
16.149394
16.030252
15.7281
15.225115
14.635872
-0.100817
-0.132389
12.663374
11.989568
0.162524
-9.360998
-8.277164
-13.523502
-12.989189
-12.631426
-15.715689
-11.160082
-10.36016
-4.678868
-6.122971
-6.562716
-3.208039
-16.103415
-16.860704
-16.755309
-17.179026
-17.295626
-3.690347
-1.780901
-1.81599
-3.912532
-16.307814
-16.66991
-17.207622
-15.796088
-15.214365
-7.422867
-7.450007
-13.234184
-13.797487
-14.23131
-5.848413
-6.717523
-8.916334
-10.544592
-2.924389
-16.307583
-11.817971
-15.152928
-12.364405
-12.271659
-10.736805
-12.008885
-13.485307
-14.560525
-14.770652
-14.178648
-1.626048
-1.373171
-14.454012
-13.311421
-15.348595
-15.979253
-16.383665
-16.386615
-16.221365
-15.768782
-15.198006
-10.654575
-9.717896
-8.599886
-12.101015
-11.43976
