9.681289
8.635877
7.808502
8.915211
12.976497
13.188047
15.734296
15.602733
11.418051
10.646044
9.96372
10.867466
5.069989
5.742227
6.951166
6.526679
3.531343
15.552292
16.367303
16.424556
3.460635
3.717618
1.633787
1.54882
16.141637
14.619172
15.20008
7.860011
13.33825
14.400613
13.973266
5.555945
6.411572
8.591562
10.130879
16.161616
11.679735
12.046542
15.214045
12.503021
12.455534
13.011328
11.548682
10.395417
14.72836
1.646525
1.886672
12.730732
13.869079
15.33742
15.83551
16.042292
15.929214
15.667206
15.208417
14.658507
-0.146873
-0.157565
0.131287
0.105195
-9.200021
-7.333487
-8.130373
-13.468884
-12.868797
-12.557244
-15.717624
-16.12451
-11.004249
-10.197131
-4.591493
-6.020387
-6.432707
-3.154229
-16.167031
-16.903816
-16.776418
-17.197986
-17.334706
-3.810062
-1.848432
-1.905762
-4.049444
-16.385684
-16.729835
-15.896869
-15.352959
-7.328624
-13.091744
-13.728428
-14.185536
-6.014278
-6.904335
-9.135311
-10.77902
-16.311228
-11.390951
-11.672236
-15.149155
-12.175837
-12.138835
-10.976607
-12.254543
-13.699246
-14.553662
-14.157575
-1.621938
-1.361514
-14.633925
-13.530628
-15.347416
-15.981759
-16.41028
-16.441886
-16.295846
-15.873194
-15.334636
-10.586209
-12.039904
-11.375586
