11.349022
11.629073
11.391704
10.926913
8.731939
7.937309
-1.504541
0.33233
10.252984
10.884746
10.416035
9.842361
11.959124
11.604224
11.775631
11.940843
11.677786
-3.271254
-3.53116
-2.026465
-9.979193
-9.728627
-9.279471
-9.535527
-4.821306
-6.175324
-4.810608
11.77847
6.895256
4.699143
6.070752
-10.157201
-9.699994
-9.731902
-8.956804
-0.405075
9.211109
9.601489
2.165605
9.049827
8.588645
-8.408966
-8.753665
-9.63121
3.848081
11.100795
11.247253
-7.636514
-7.363944
1.603608
-0.102924
-1.813316
-3.401806
-4.815721
-6.059829
-7.135709
-8.994282
-9.238372
10.698843
11.009012
10.805253
10.834178
11.082275
6.992217
7.631447
8.407477
0.327982
-1.451369
9.788075
10.378591
11.464172
11.450222
11.26525
11.235118
-3.205913
-3.611171
-2.074961
-2.24211
-3.709632
-10.168856
-9.798604
-9.629862
-10.005689
-6.039742
-4.901298
-4.798291
-6.226863
11.258985
6.576455
5.864274
4.519591
-10.243021
-9.909347
-9.832883
-9.079708
-0.419607
8.751365
9.193044
2.120633
8.189956
8.67856
-9.619417
-8.807072
-8.487673
3.746537
5.120616
11.006786
10.775717
-7.461606
-7.74297
1.589401
-0.100987
-1.797563
-3.324901
-4.844605
-6.131245
-7.218204
10.366857
9.105303
9.751334
