10.025433
8.961704
14.050142
13.216612
13.521615
15.705948
11.754945
10.986046
5.336489
7.27737
6.78554
3.781124
15.570795
16.316417
16.841889
16.840836
16.392732
3.527975
3.815701
1.743334
1.630206
16.070053
15.676887
14.534864
15.176056
8.150394
8.088201
13.748999
14.677368
14.273319
5.575095
8.561155
3.433938
16.181019
12.388221
15.380121
12.835388
12.891298
12.854061
11.448969
10.295652
14.9316
15.072314
14.612744
1.840634
12.637482
13.73729
15.479099
15.88065
16.029159
15.898093
15.613951
15.109913
14.514531
-0.033787
-0.076288
10.290362
11.223185
9.219051
12.701103
12.02502
0.280424
-9.213585
-8.150136
-13.344585
-12.830636
-12.462163
-12.936324
-15.503193
-10.997687
-10.191244
-4.57154
-6.010939
-6.450838
-3.088913
-16.675868
-16.570223
-17.024595
-17.136828
-3.654395
-1.746315
-1.762912
-3.854992
-16.156311
-16.495732
-17.057368
-15.600818
-15.043193
-7.300418
-7.329405
-13.649178
-5.785479
-6.623191
-8.813527
-10.403966
-2.824525
-16.13767
-11.657914
-14.989971
-12.219044
-12.108682
-10.618413
-11.85758
-13.337071
-15.521178
-14.416788
-14.621741
-14.010043
-1.262216
-14.291177
-13.132651
-15.190907
-15.78045
-16.165857
-16.174047
-16.041132
-15.610367
-15.049154
-10.497562
-9.567015
-8.470755
-11.934499
-11.276524
