11.402729
11.699971
7.180144
8.68025
7.972741
0.32441
10.264638
10.904595
11.986174
11.916206
11.903539
11.77775
-3.261196
-3.46579
-3.502248
-2.099332
-1.999998
-9.787837
-9.474458
-9.048578
-9.335868
-4.705729
-5.781018
-6.05233
-4.750116
11.81656
11.698121
7.003503
4.754917
6.121462
-10.045699
-9.537056
11.507503
-0.397948
9.618742
2.197069
9.062605
8.697573
-8.139706
-8.512601
-9.36467
3.900289
3.246937
5.260763
10.98868
-7.447456
-7.174092
1.630422
-0.105643
-1.811276
-3.363676
-4.726512
-5.907808
-6.922031
-8.771228
-9.041409
11.131644
10.61682
11.487786
9.364673
10.01134
10.566168
10.806823
11.07281
7.013346
7.701288
8.411402
7.868045
0.472819
9.80016
10.371315
11.421551
11.332707
11.320491
11.270809
-3.330532
-1.835881
-1.969114
-3.394276
-9.910357
-9.5214
-9.294088
-9.668316
-5.707176
-4.590217
-4.608608
-4.563318
-5.951206
11.138561
11.21686
5.946536
-10.061724
-9.632951
-9.552717
-8.772109
11.053807
-0.21569
9.220437
2.268083
8.312815
8.723602
-9.261377
-8.442866
-8.097055
1.337612
3.868754
3.269438
5.186978
10.648648
-7.129999
-7.415033
1.747172
0.072175
-1.59764
-3.087782
-4.572302
-5.82496
-6.874243
10.214985
10.678342
10.952956
9.040982
9.637906
