10.266479
9.207457
8.591912
9.788559
14.144935
13.316825
13.777607
15.979437
15.928204
11.98539
11.212524
11.799046
5.635813
6.494192
7.588183
7.002504
4.108374
15.807833
16.510988
16.594587
3.808028
4.091103
1.901461
1.809865
16.21833
14.735251
15.379833
8.372539
14.303363
15.251747
14.69842
6.798306
9.00277
10.488296
16.401909
12.585749
12.616321
15.796423
13.057505
13.254069
11.813724
15.431484
14.94064
2.030248
2.261197
12.958488
13.968534
15.845637
16.094017
16.244775
16.099652
15.77889
15.280756
14.700123
0.038637
0.032072
12.764001
0.325488
0.254996
-9.834909
-8.150415
-8.772102
-13.643567
-13.261907
-12.828179
-15.602734
-15.723014
-11.512201
-10.748987
-5.109258
-6.515408
-7.128182
-3.537176
-15.578373
-16.406067
-16.464425
-1.718094
-1.773186
-3.864382
-16.128551
-13.825556
-15.190384
-14.540288
-7.916855
-13.693354
-14.101224
-14.632812
-6.571282
-8.674966
-10.207214
-16.229408
-12.140254
-15.333489
-12.763756
-12.579149
-11.510364
-14.876942
-15.049124
-14.390999
-1.71669
-1.406178
-13.769432
-12.706035
-15.503972
-15.860069
-16.037288
-15.866689
-15.643119
-15.145093
-14.545227
-10.896836
-10.001822
-12.290856
-11.648175
