11.924011
12.214448
7.39823
8.979544
8.24604
0.356604
10.708137
11.411272
12.516952
12.464313
12.415142
12.26703
-3.510013
-3.535513
-2.091125
-2.003985
-9.81011
-9.51397
-9.011573
-9.298262
-4.743677
-4.784515
-5.901413
-6.11912
-4.80052
12.327761
12.171871
7.212879
4.857846
6.279956
-10.051415
-9.505713
11.986618
-0.356419
9.997112
2.245635
9.400346
9.034422
-8.228154
-8.521047
-9.374118
3.972598
3.315104
5.3877
11.415102
-7.482659
-7.248914
1.676516
-0.078349
-1.819055
-3.410341
-4.799224
-6.007642
-7.042991
-8.658918
-8.943417
11.521773
10.999756
11.930574
9.694034
10.37274
10.964263
11.368967
11.639612
7.269247
8.004598
8.733348
8.156907
10.258332
10.905653
12.01925
11.907346
11.925988
11.82714
-3.407459
-1.86615
-1.990661
-3.466432
-9.96553
-9.519926
-9.302023
-9.755797
-5.839666
-4.704773
-4.724225
-4.651394
-6.044984
11.663688
11.779255
6.1453
-10.071571
-9.6962
-9.536268
-8.773412
11.59817
-0.203214
-0.410398
9.621347
2.322851
8.677748
9.085275
-9.282299
-8.485481
-8.19932
1.388788
3.967063
3.370983
5.351184
11.128748
-7.226196
-7.476874
1.802519
0.086607
-1.625818
-3.156024
-4.673334
-5.938296
-6.990077
10.621572
11.109044
11.418927
9.385953
10.010274
