10.08018
9.007503
8.30215
9.482139
14.064603
13.22814
13.584367
16.013656
15.906605
11.82201
11.053458
10.569815
11.484707
5.386583
6.178283
7.338155
6.809577
3.831847
15.832687
16.607226
16.67424
3.599356
3.8615
1.739839
1.656261
16.320211
15.930386
14.755369
15.398428
8.185802
13.927583
14.92307
14.428659
5.748245
6.576994
8.792702
10.305801
16.432914
12.273926
12.441406
15.632914
12.885372
12.980244
13.106985
11.685384
10.567267
15.180752
1.822436
2.051047
12.868621
13.973934
15.717717
16.113695
16.305142
16.178825
15.849826
15.349154
14.768653
-0.064173
-0.072476
0.174051
0.109463
-9.775054
-7.996732
-8.688093
-13.738064
-13.285274
-12.886925
-15.809238
-16.052103
-11.509745
-10.737937
-5.032406
-6.457048
-7.005263
-3.506531
-15.947793
-16.718933
-16.716363
-17.146989
-17.179834
-3.680172
-1.766182
-1.827216
-3.922255
-16.069094
-16.465388
-15.566401
-14.922255
-7.837632
-13.617681
-14.103208
-14.576546
-6.692882
-8.837944
-10.435108
-16.389869
-12.032214
-12.146923
-15.391073
-12.731439
-12.593217
-10.595593
-11.806999
-13.202269
-14.868473
-15.058819
-14.44152
-1.782708
-1.47968
-14.14752
-13.065141
-15.56692
-16.058345
-16.335243
-16.225196
-15.998064
-15.499356
-14.902001
-10.928739
-12.349646
-11.697522
