11.940144
12.310184
12.393361
11.859716
7.293447
8.91289
8.173641
-1.7876
0.142643
10.698616
11.405362
11.228071
10.515667
12.922029
12.843867
12.723998
12.696338
12.911273
-3.601166
-3.839297
-2.318437
-11.085254
-10.787853
-10.335081
-10.631737
-5.104812
-6.229041
-6.488738
-5.136791
12.506481
7.185971
4.819504
6.234908
-11.244857
-10.651099
-10.524359
-9.55847
-0.626476
9.760299
9.974643
2.11761
9.363638
8.987344
-8.728107
-9.164637
-10.188499
3.913887
12.200898
12.645751
-7.971655
-7.667855
1.537274
-0.309797
-2.099747
-3.713133
-5.114952
-6.349859
-7.416019
-10.056585
-10.303263
11.977238
12.459979
11.843672
12.269112
12.230469
7.353146
8.12678
8.871436
0.377987
-1.486411
10.560278
11.27241
12.822462
12.623786
12.6307
12.805984
-3.266675
-3.541328
-2.013843
-2.134994
-3.582714
-11.050392
-10.735718
-10.554449
-10.856673
-5.915451
-4.807861
-4.85034
-6.221262
12.43096
7.111726
6.260352
4.869043
-10.560107
-10.305738
-9.368189
-0.302883
9.609242
9.863225
2.307865
8.86397
9.270393
-9.882275
-8.905177
-8.453223
4.050439
3.441445
5.449898
12.601218
12.132305
-7.402466
-7.746345
1.792046
-0.02247
-1.785298
-3.329755
-4.825561
-6.064434
-7.110071
11.034429
9.620079
10.336856
