9.526112
8.494728
7.638924
8.713008
13.037699
15.654864
15.506563
11.259473
10.484993
9.743479
10.642166
4.967379
5.604321
6.815538
3.442204
15.476648
16.307315
16.360029
3.447785
3.69886
1.608187
1.529252
16.100789
13.756916
14.606912
15.156713
7.737062
12.271189
13.15473
14.261416
13.832479
5.547936
6.403015
8.591503
10.13249
11.458559
11.890898
15.09953
14.826608
12.352397
12.26143
13.036582
11.567981
10.411126
14.611714
1.58949
1.826244
12.740854
13.880116
15.232196
15.753926
15.973025
15.864597
15.626015
15.190134
14.660046
-0.178819
-0.180899
0.107666
0.08067
-9.072124
-7.190477
-8.009276
-13.422774
-12.777212
-12.495376
-15.717673
-16.157207
-10.887709
-10.073688
-4.507586
-5.931144
-6.315756
-3.095252
-16.230622
-16.952996
-16.801443
-17.377288
-3.875776
-1.887315
-1.954017
-4.122785
-16.463333
-16.795007
-15.987574
-15.469944
-7.223378
-12.975975
-13.662025
-14.125146
-6.106796
-7.009855
-9.264703
-10.922202
-16.311445
-11.227079
-11.563414
-15.125972
-12.039176
-12.037827
-11.125402
-12.415501
-13.853425
-14.519322
-1.606959
-1.347816
-14.773899
-13.68456
-15.327768
-15.983207
-16.440977
-16.501225
-16.37125
-15.96886
-15.449964
-11.985589
