11.877421
12.305654
12.613787
7.166295
8.757993
8.107571
-1.933787
0.020524
10.60024
11.301865
13.024876
13.173323
12.86168
12.67876
13.214823
-3.741638
-3.928876
-2.448344
-11.528101
-11.16432
-10.777277
-11.109712
-5.132429
-6.185653
-6.536514
-5.233179
12.511906
7.229222
4.830754
6.224678
-11.00876
-10.848551
-9.782878
-0.764012
9.817306
9.890736
2.073141
9.277862
8.991004
-8.692157
-9.246965
-10.330759
3.918731
3.202563
5.263624
12.381728
13.041084
-8.021594
-7.67269
1.483231
-0.434371
-2.235899
-3.815663
-5.167616
-6.347642
-7.363631
-10.561305
-10.811344
11.477862
10.886376
9.475782
10.201236
12.257902
12.85155
11.948802
12.381592
7.355111
8.184429
8.86789
0.459362
-1.405903
10.614197
11.321601
13.039629
12.729609
12.892969
13.197434
-3.154878
-3.314349
-1.845613
-1.933858
-3.314009
-11.070304
-10.847576
-11.053798
-5.595357
-4.526727
-4.698012
-6.016334
12.331488
12.58141
7.266006
6.35141
5.011498
-10.704648
-10.418357
-9.362539
-0.155351
9.915778
2.432177
8.991015
9.32126
-8.746843
-8.172135
4.188723
3.573571
5.525383
13.041109
12.394347
-7.142031
-7.544136
1.928606
0.089713
-1.661887
-3.167441
-4.610211
-5.799794
-6.804786
10.994918
11.604641
12.014206
9.591976
10.300165
