10.015703
8.980959
8.301048
9.446442
13.983036
13.148946
13.531301
15.771162
15.713473
11.725025
10.948299
10.50524
11.420733
5.465928
6.254441
7.365021
6.840909
3.958651
15.602022
16.318007
16.398181
3.765001
4.048359
1.865362
1.772358
16.068329
13.922877
14.639103
15.236384
8.176908
13.967731
14.958651
14.434362
6.741982
8.922551
10.418877
12.222768
12.365319
15.536759
12.81514
12.933448
11.760285
10.649802
15.170481
1.952485
2.190689
12.892891
13.901743
15.604663
15.889488
16.043333
15.903387
15.633606
15.16866
0.0021
-0.003577
0.328507
0.281384
-9.445824
-7.723012
-8.401652
-13.435266
-12.964342
-12.585468
-15.493705
-15.698749
-11.157164
-10.371462
-4.821676
-6.224897
-6.758409
-3.301904
-15.647032
-16.462603
-16.448848
-3.725219
-1.769099
-1.822563
-3.950316
-16.234758
-14.035295
-15.336059
-14.755797
-7.580612
-13.342793
-13.841782
-14.378222
-6.704202
-8.859354
-10.409489
-16.13989
-11.663963
-11.804847
-15.157134
-12.378621
-12.256988
-11.767616
-13.134824
-14.666482
-14.85151
-14.186271
-1.592933
-1.308591
-14.027444
-12.958298
-15.341716
-15.7631
-16.021731
-15.935314
-15.76903
-15.325316
-14.767647
-10.652255
-12.062856
-11.413844
