10.196327
9.135464
14.137751
13.31095
13.695053
15.758376
11.913512
11.142935
5.525748
7.479553
6.940492
3.981857
16.286059
16.792162
16.804172
16.373883
3.65989
3.96195
1.850212
1.730563
16.028436
15.630062
14.531392
15.185073
8.309242
8.206011
14.046961
14.931744
14.491076
5.720257
6.588312
8.692155
3.594635
16.194793
12.552396
15.525888
12.995964
13.130039
12.862373
11.523603
10.387495
15.130682
15.240103
14.770313
1.986746
12.692224
13.734354
15.599698
15.903385
16.023593
15.879553
15.590853
15.079914
14.477379
0.039482
-0.004527
10.391108
11.313476
9.330443
12.773396
12.101503
0.378509
-9.307573
-8.255727
-13.312045
-12.858987
-12.457605
-12.870716
-11.051934
-10.253878
-4.657587
-6.08754
-6.57866
-3.137048
-16.469791
-16.411762
-16.89236
-16.962039
-3.60389
-1.703271
-1.71364
-3.794155
-15.927815
-16.267902
-16.863
-15.33982
-14.767249
-7.34998
-7.425678
-13.681072
-5.702829
-6.512042
-8.667732
-10.214042
-2.845549
-16.045542
-11.703366
-14.971327
-12.298762
-12.146692
-10.430579
-11.618092
-13.070046
-15.506611
-14.44305
-14.634845
-14.000606
-1.227033
-14.008624
-12.857786
-15.16725
-15.665544
-15.977981
-15.936834
-15.798352
-15.359218
-14.788526
-10.509257
-9.593104
-8.513287
-11.926935
-11.275834
