11.584193
11.988371
12.148126
11.604141
7.094605
8.653441
7.967628
-1.867417
0.05648
10.375295
11.040055
10.965071
10.262313
12.655847
12.663512
12.451668
12.383361
12.771882
-3.664779
-3.871079
-2.391693
-11.343162
-11.006844
-10.633578
-10.946324
-5.088023
-6.491353
-5.167984
12.196521
7.069517
4.756356
6.127033
-10.862207
-10.749128
-9.727764
-0.728819
9.525574
9.697846
2.059486
9.110869
8.77203
-8.690577
-9.237245
3.866099
12.059343
12.593487
-8.00326
-7.650652
1.475939
-0.395062
-2.170947
-3.747024
-5.112234
-6.308656
-7.342405
-10.434126
-10.670586
11.910917
12.413724
11.563245
12.079837
11.974242
7.197294
7.966836
8.675023
0.392898
-1.447947
10.312642
10.978838
12.588702
12.352012
12.404311
12.683547
-3.192811
-3.406155
-1.93389
-11.203743
-10.959191
-10.756998
-10.958203
-4.623984
-6.296208
-4.743854
-6.087525
12.181346
7.029131
6.180288
4.854468
-10.638942
-10.41535
-9.405064
-0.255509
9.431067
9.647291
2.324358
8.698416
9.074816
-8.83988
4.051812
3.437307
5.38411
12.558203
12.005503
-7.243865
-7.640289
1.813624
0.008173
-1.726302
-3.229954
-4.681221
-5.889816
-6.916373
10.787722
9.40521
10.107228
