11.690893
12.047997
12.002182
11.464684
8.045382
-1.760235
0.150511
10.507142
11.182619
10.862952
10.198393
12.652577
12.44541
12.396341
12.600072
-3.570827
-3.830597
-2.306358
-11.079968
-10.810023
-10.372554
-10.651476
-5.109984
-6.707683
-6.4991
-5.122261
12.257135
7.920029
7.040797
4.748723
6.144166
-11.209039
-10.663646
-10.563834
-9.615865
9.499889
9.808403
2.090111
9.218015
8.789989
-8.799559
-9.242677
-10.266576
3.859516
12.363124
-8.022135
-7.707739
1.514262
-0.30135
-2.075314
-3.690519
-5.108516
-6.364532
-7.453335
-10.115402
-10.344723
11.803015
12.202217
11.569574
11.292319
11.864363
11.951268
7.227634
7.951548
8.723418
0.299547
-1.552041
10.337677
10.002593
11.023407
12.531699
12.290623
12.327271
12.475491
-3.333683
-3.652952
-2.121039
-11.083399
-10.792354
-10.636476
-10.91829
-4.922922
-6.491997
-4.926985
-6.319715
12.16675
6.917312
6.122651
4.737727
-11.051054
-10.617134
-10.405733
-9.489726
-0.412447
9.319144
9.66096
2.204939
8.628647
9.079361
-10.022946
-9.054475
-8.605238
3.935348
12.315327
-7.530705
-7.879554
1.682838
-0.115176
-1.870879
-3.417894
-4.921038
-6.175535
-7.241354
