10.319346
9.221141
14.248077
13.4209
13.808102
12.065649
11.302668
5.51158
7.5224
6.961147
3.924318
16.582962
17.097755
17.105644
16.660819
3.542893
3.826809
1.759925
1.64951
16.851381
16.281889
15.852474
14.660532
15.363839
8.371867
8.258445
14.115531
14.99525
14.566329
5.62096
6.47804
8.621165
3.545059
16.446755
12.684664
15.685532
13.121037
13.259758
12.911373
11.48926
10.353505
15.222052
15.357908
14.863079
1.903676
2.158094
12.701365
13.820983
15.767023
16.149037
16.300307
16.165919
15.813928
15.265505
14.637466
-0.004653
-0.049461
10.459217
11.399903
9.389976
12.877875
12.202041
0.249736
-9.702634
-8.610474
-13.628622
-13.217388
-12.784009
-13.159054
-11.454
-10.674782
-4.925649
-6.372824
-6.902398
-3.383874
-16.66052
-16.635933
-17.078268
-17.124883
-3.544542
-1.687777
-1.706629
-3.751115
-16.030231
-16.421141
-16.999363
-15.481763
-14.835105
-7.636993
-7.746197
-13.981488
-5.637306
-6.469505
-8.60092
-10.180098
-3.052018
-16.280893
-12.090607
-15.224535
-12.709332
-12.525417
-10.357879
-11.576286
-13.041537
-15.717112
-14.682468
-14.874302
-14.279997
-1.665649
-1.400144
-14.026757
-12.870381
-15.408477
-15.940198
-16.239868
-16.151346
-15.944312
-15.443296
-14.827699
-10.816552
-9.898491
-8.808143
-12.237155
-11.585582
