10.171145
9.103883
14.13814
13.310467
13.665261
15.74545
11.89428
11.125604
5.468511
7.428949
6.904561
3.912718
16.285678
16.796649
16.802991
16.371066
3.588496
3.889682
1.808105
1.684744
16.031149
15.626549
14.506399
15.167369
8.2786
8.189266
14.421083
5.625137
8.592116
3.542281
16.184432
12.531047
15.466335
12.974663
13.082921
12.80995
11.442717
10.294366
15.045656
15.167324
14.720888
1.940972
12.626259
13.696339
15.550797
15.894234
16.016982
15.876734
15.586442
15.068282
14.458347
0.021127
-0.030958
10.379347
11.30421
9.316999
12.779063
12.100607
0.354996
-9.235069
-8.177758
-13.291575
-12.81908
-12.425445
-12.864481
-11.001677
-10.197399
-4.584174
-6.023439
-6.485196
-3.078002
-16.545753
-16.459365
-16.931731
-17.025134
-3.596345
-1.704786
-1.707631
-3.782371
-16.021448
-16.358455
-16.940679
-15.436348
-14.872253
-7.29986
-7.349694
-13.628229
-5.697185
-6.510986
-8.680159
-10.241647
-2.811673
-16.055176
-11.65748
-14.93249
-12.101737
-10.462507
-11.674768
-13.155974
-15.474277
-14.379095
-14.57735
-13.957948
-1.219159
-14.110034
-12.937956
-15.133037
-15.682392
-16.03453
-16.022826
-15.893759
-15.459745
-14.890355
-10.46788
-9.544454
-8.465873
-11.894332
-11.240189
