11.39096
11.705242
7.141966
8.627479
7.96108
0.295102
10.236526
10.876009
12.003941
11.968761
11.879771
11.857973
-3.46858
-3.494807
-2.11508
-2.021899
-9.83778
-9.494283
-9.090048
-9.392751
-4.682058
-5.724924
-6.031522
-4.755447
11.816119
11.645281
6.128157
-10.124455
-9.561346
11.471411
-0.427176
9.596537
2.193946
9.039769
8.717636
-8.06465
-8.471948
-9.330921
3.912476
3.252519
5.255029
10.99196
-7.411767
-7.127506
1.624129
-0.134122
-1.840387
-3.375854
-4.714842
-5.868325
-6.856172
-8.829872
-9.106813
11.055588
10.536758
11.418869
9.294087
9.932317
10.586893
10.818243
11.09151
7.013462
7.724388
8.404735
7.836513
9.805143
10.368949
11.445993
11.315126
11.378368
11.353237
-3.211189
-1.740457
-1.858453
-3.25749
-9.906443
-9.52735
-9.276565
-9.627724
-5.553695
-4.450848
-4.453555
-4.47114
-5.837536
11.099434
11.227585
5.982177
-10.082812
-9.596166
-9.509732
-8.696231
11.027559
-0.134231
9.230051
2.329868
8.737962
-9.161569
-8.318992
-7.938664
1.412171
3.926548
3.326076
5.21609
10.664918
-6.990568
-7.289954
1.814127
0.138403
-1.521559
-2.993321
-4.457013
-5.690388
-6.721591
10.160862
10.617039
10.908848
9.011901
9.594453
