11.471857
11.746699
11.549419
11.096404
7.255821
8.792227
8.010661
-1.481628
0.357337
10.352526
10.999374
10.581012
9.991711
12.042695
11.900017
12.018217
11.745576
-3.245966
-3.49684
-1.992895
-9.826855
-9.56704
-9.101575
-9.3631
-4.784837
-5.920714
-6.130169
-4.778005
11.88091
6.965748
4.73664
6.119866
-10.025444
-9.55857
-9.590786
-0.369746
9.336339
9.689257
2.194479
9.129154
8.688793
-8.32601
-8.646025
-9.502769
3.880062
11.09768
11.268826
-7.559745
-7.302047
1.632007
-0.076288
-1.78877
-3.376136
-4.783855
-6.018308
-7.083074
-8.794862
-9.05098
10.664403
10.883912
11.148963
7.044439
7.7006
8.465458
0.3726
-1.40686
9.862252
10.459296
11.511121
11.484519
11.343367
11.273281
-3.160313
-3.557
-2.018066
-2.176555
-3.6488
-10.027144
-9.628659
-9.44637
-9.853058
-5.992135
-4.851771
-4.750084
-6.173489
11.314591
11.312308
6.647019
5.913989
4.565293
-10.119056
-9.785969
-9.700108
-8.961124
-0.365189
9.263513
2.16466
8.277654
8.749416
-9.494087
-8.701739
-8.405017
3.785703
3.18743
5.161017
11.005947
10.761107
-7.397084
-7.663189
1.635292
-0.051696
-1.747301
-3.274261
-4.795717
-6.080335
-7.16054
10.385434
10.874088
11.127157
9.145211
9.778439
