10.120268
9.07365
8.433133
9.59923
13.212901
13.636224
15.919326
15.848482
11.837105
11.062022
10.670994
11.588147
5.537428
6.36408
7.459393
4.022126
15.751598
16.472402
16.550913
3.795783
4.071518
1.874106
1.789931
16.195598
14.02087
14.736127
15.351603
8.255496
14.1336
15.128124
14.569544
6.7929
9.0112
10.497522
12.377353
12.469809
15.699559
12.915582
13.071496
11.84217
15.330722
1.971707
2.197526
12.978791
13.991852
15.757412
16.030542
16.195979
16.055842
15.754456
15.277942
0.005015
0.008353
0.294597
0.219551
-9.74429
-8.046301
-8.686112
-13.623543
-13.201165
-12.794377
-15.62344
-15.771083
-11.430668
-10.662694
-5.054101
-6.454805
-7.046217
-5.90516
-3.503954
-15.648974
-16.46064
-16.500754
-1.756583
-1.822997
-3.937959
-16.194603
-13.950662
-15.280928
-14.650896
-7.84421
-13.610679
-14.063652
-14.600446
-6.676417
-8.800839
-10.347653
-16.246448
-11.976795
-12.064886
-15.334665
-12.662786
-12.511012
-11.664376
-14.869113
-14.382602
-1.719496
-1.406581
-13.900293
-12.853756
-15.507205
-15.880396
-16.081098
-15.932121
-15.718429
-15.235703
-14.652365
-12.263616
