11.602708
12.020074
12.188734
11.627998
8.65418
7.962612
-1.915536
0.019829
10.388404
11.055629
10.976522
10.265543
12.745144
12.751959
12.51067
12.899139
-3.722028
-3.934136
-2.449007
-11.579486
-11.246301
-10.878209
-11.191335
-5.152882
-6.814928
-6.56491
-5.232285
12.244336
7.067193
4.750627
6.122252
-11.073568
-10.938065
-9.884047
9.52787
9.706152
2.036975
9.115433
8.770486
-9.362782
3.855841
12.218973
12.768995
-8.099896
-7.736213
1.451549
-0.435226
-2.221304
-3.804248
-5.17491
-6.37975
-10.68902
-10.91809
12.11094
12.612271
11.667148
12.208318
12.099481
7.220147
7.996002
8.710566
0.366995
-1.486873
10.381719
11.062942
12.754292
12.504645
12.548321
12.73191
12.875548
-3.23855
-3.445004
-1.971761
-11.187899
-10.995133
-11.172161
-4.659989
-6.349092
-4.792671
-6.134291
12.318709
7.056943
6.204027
4.869987
-10.807171
-10.56417
-9.524587
-0.281803
9.486365
9.703017
2.317093
8.738786
9.1183
-8.932134
4.064682
5.404445
12.775031
12.206434
-7.293175
-7.704852
1.806729
-0.018376
-1.764479
-3.273689
-4.723806
-5.929674
-6.95688
9.461658
