10.175406
9.133501
8.51081
9.682583
14.073218
13.243595
13.691826
15.872208
15.827411
11.883619
11.107343
11.674424
5.608961
6.449293
7.531304
6.962632
4.100873
15.705506
16.399496
16.484714
3.846633
4.133119
1.924058
1.832299
16.126605
14.006711
14.694602
15.31201
8.312092
14.226163
15.193138
14.632049
6.837991
9.035385
10.517398
16.299643
12.466928
12.521856
15.71303
12.967043
13.149191
11.840217
15.370768
2.039577
2.272042
12.96683
13.950695
15.762132
15.991071
16.136677
15.989918
15.697003
15.219371
0.042323
0.040055
0.358337
0.293162
-9.677038
-8.000128
-8.629496
-13.533468
-13.124729
-12.71066
-15.511893
-15.638426
-11.353877
-10.58315
-5.005904
-6.403861
-6.998187
-5.854559
-3.44774
-15.524477
-16.357995
-16.400603
-1.736826
-1.793631
-3.905525
-16.096007
-13.838659
-15.16992
-14.550843
-7.790154
-13.55687
-13.992206
-14.543794
-6.622844
-8.741075
-10.266749
-16.157394
-11.916844
-11.988737
-15.252959
-12.595948
-12.432956
-11.575517
-14.799307
-14.972662
-14.298672
-1.65367
-1.349815
-13.803806
-12.749568
-15.427832
-15.775836
-15.963159
-15.814033
-15.615969
-15.143455
-14.564187
-10.786168
-12.181033
-11.537778
