10.593983
9.504339
14.374856
13.557639
14.091708
12.31912
11.55208
5.840715
7.865548
7.218252
4.280677
16.582597
17.066136
17.098934
16.677716
3.80612
4.107532
1.949981
1.837948
16.256707
15.825977
14.710478
15.425289
8.631415
8.442672
14.963081
6.772017
8.932447
10.421874
3.825361
16.512684
12.946017
15.984401
13.376744
13.656046
13.007678
11.703513
10.608536
15.619488
15.699821
15.153258
2.150874
2.397965
12.872971
13.885829
16.018275
16.223896
16.338778
16.183145
15.819517
15.268266
14.63889
0.112036
0.077386
10.61589
11.541661
9.561838
12.976138
12.315128
0.395364
0.344536
-9.984552
-8.910444
-13.658344
-13.36053
-12.86881
-11.65186
-10.895309
-5.182317
-6.605434
-7.250509
-3.567122
-16.304109
-16.388205
-16.871922
-16.82474
-1.627898
-1.651175
-3.684812
-15.606768
-16.009746
-15.017042
-14.328718
-7.813769
-8.026722
-14.141289
-6.322069
-8.385226
-9.8887
-3.156996
-16.177677
-12.268591
-15.291807
-12.947162
-12.691285
-11.175915
-12.563091
-15.774312
-14.843935
-15.009015
-14.368311
-1.684959
-1.388921
-13.510859
-12.395812
-15.460741
-15.801725
-15.945485
-15.742626
-15.505333
-14.977792
-14.342195
-10.933817
-10.045099
-8.972759
-12.316659
-11.678502
