10.189329
9.114389
8.451508
9.647763
14.122978
13.289901
13.694907
16.066617
15.972719
11.927892
11.159054
10.742588
11.660763
5.494493
6.322756
7.458747
6.898825
3.942689
15.888219
16.642535
16.714181
3.669635
3.935724
1.791138
1.707595
16.3419
15.947073
14.78528
15.439331
8.281637
14.11444
15.092109
14.569642
6.657209
8.881798
10.383545
16.485132
12.444253
12.547439
15.750519
12.988541
13.130601
13.14019
11.74685
10.641673
15.321916
1.894456
2.119859
12.922077
14.002344
15.820696
16.168498
16.35104
16.218814
15.877897
15.370782
14.785776
-0.030334
-0.036185
0.207393
0.131561
-9.913049
-8.171424
-8.826973
-13.783778
-13.373794
-12.951876
-15.797245
-15.981709
-11.621595
-10.859286
-5.146111
-6.565478
-7.155524
-6.004457
-3.59346
-15.837491
-16.624896
-16.661263
-17.100793
-3.650195
-1.743213
-1.805839
-3.891945
-15.942968
-16.349226
-15.430694
-14.76398
-7.96576
-13.747751
-14.189016
-14.677795
-6.635167
-8.754811
-10.33096
-16.382529
-12.182886
-12.250503
-15.440149
-12.858013
-12.691589
-11.666962
-13.039897
-14.946112
-15.127792
-14.500712
-1.810569
-1.495335
-13.979439
-12.908301
-15.609833
-16.044106
-16.269225
-16.116706
-15.871853
-15.356982
-14.747312
-11.001743
-12.410717
-11.76291
