11.87159
12.234417
7.262901
8.840318
8.161782
0.18333
10.624643
11.323734
12.741051
12.645809
12.508702
12.725874
-3.710561
-3.736021
-2.328735
-2.225168
-10.653394
-10.31381
-9.878002
-10.191877
-4.940371
-6.013753
-6.310005
-5.008249
12.390783
12.167273
7.220652
4.844221
6.247614
-10.885746
-10.245345
-10.162399
-9.236584
12.204931
-0.564593
9.919567
2.159052
9.316862
9.003309
-8.422423
-8.856934
-9.823421
3.947067
3.259317
5.319663
11.860645
12.371341
-7.728755
-7.433923
1.578988
-0.260713
-2.029182
-3.607355
-4.969232
-6.153388
-7.169603
-9.600672
-9.870092
11.45588
10.899419
11.865525
9.548985
10.245817
11.574583
11.624043
11.975001
7.297862
8.083745
8.779868
8.141419
0.492364
10.408549
11.078576
12.489148
12.268995
12.380854
12.486949
-3.319165
-1.823092
-1.925511
-3.344011
-10.616366
-10.269041
-10.040558
-10.363417
-5.664414
-4.567028
-4.542807
-4.638881
-5.98879
11.946238
12.141215
6.246497
-10.68454
-10.166769
-9.947879
-9.032059
12.034727
-0.153758
9.746362
2.393284
8.826974
9.185663
-9.509681
-8.568206
-8.128575
1.482824
4.088124
3.482309
5.436567
12.235467
11.719979
-7.134586
-7.46471
1.882714
0.109347
-1.616556
-3.126784
-4.599628
-5.821257
-6.844371
10.76319
11.305983
11.667838
9.458331
10.116928
