9.559363
8.52829
7.686389
8.764797
13.071629
15.663794
15.521428
11.290735
10.515949
9.796786
10.696571
5.003956
5.652264
6.85479
3.480944
15.48664
16.309029
16.363654
3.474225
3.727324
1.628044
1.548646
16.099373
13.772822
14.611872
15.164042
7.767581
12.342719
13.214847
14.315117
13.877043
5.579441
6.432211
8.621852
10.158924
11.511643
11.922854
15.133142
14.872
12.383601
12.308206
13.044578
11.587937
10.43519
14.655186
1.616288
1.852526
12.75696
13.885594
15.260751
15.764076
15.978988
15.868259
15.627693
15.190615
14.659577
-0.165923
-0.167412
0.123263
0.093631
-9.10392
-7.235213
-8.042643
-13.426698
-12.794047
-12.505316
-15.703278
-16.123754
-10.910831
-10.099256
-4.535353
-5.95677
-6.353693
-3.114848
-16.186649
-16.915633
-16.775585
-17.345763
-3.867023
-1.879796
-1.946469
-4.113161
-16.418478
-16.75172
-15.937999
-15.415385
-7.254253
-13.007053
-13.679514
-14.149151
-6.092467
-6.99091
-9.238145
-10.88758
-16.300663
-11.262087
-11.58431
-15.132691
-12.067057
-12.057223
-11.089799
-12.369552
-13.80019
-14.535709
-1.608847
-1.346777
-14.717535
-13.631573
-15.332914
-15.968826
-16.410221
-16.458258
-16.324851
-15.919176
-15.397597
-11.994724
