11.166487
11.441182
11.13665
10.67045
7.842631
-1.49173
0.331981
10.107678
10.716804
10.177388
9.633151
11.766385
11.346378
11.552197
11.470013
-3.254013
-3.522382
-2.020722
-9.976495
-9.737296
-9.304658
-9.552156
-4.81523
-6.375991
-6.173279
-4.798278
11.597386
7.540641
6.7999
4.652503
6.007861
-10.141394
-9.70547
-9.756806
-8.989893
9.036639
9.476087
2.14626
2.925354
8.939207
8.452883
-8.43443
-8.791986
-9.669766
3.812988
10.964945
11.059575
-7.657962
-7.37545
1.586719
-0.102451
-1.801039
-3.385907
-4.804686
-6.055965
-7.140473
-9.038837
-9.272713
10.569259
10.833663
10.606712
10.56728
10.880927
6.90122
7.51073
8.297879
0.287359
-1.480704
9.62648
10.195332
11.253984
11.27074
11.029909
11.010741
-3.231577
-3.656858
-2.123978
-3.766819
-10.180608
-9.828765
-9.671375
-10.027641
-6.083649
-4.944196
-4.825743
-6.264237
11.065582
6.452938
5.774082
4.440833
-10.253206
-9.931436
-9.885071
-9.139981
-0.474688
8.55977
9.047952
2.064003
8.032847
8.543428
-9.686733
-8.875705
-8.550324
3.679069
10.813549
10.61862
-7.513222
-7.801213
1.529648
-0.148095
-1.836308
-3.360231
-4.879633
-6.172401
-7.268897
9.003093
