9.97618
8.89912
8.127247
9.29832
14.025399
13.186118
13.473663
15.942699
15.827818
11.725151
10.958777
11.296633
5.249662
7.198885
6.710416
3.680232
15.753397
16.552075
17.093664
16.614484
3.469513
3.730945
1.661817
1.571025
16.281675
15.888096
14.685121
15.328598
8.086758
13.684988
14.676708
14.245074
5.569801
6.41988
8.602524
10.138166
16.36033
12.096431
12.343702
15.465082
12.789935
12.822229
13.001755
11.533135
10.389669
14.970757
14.615313
1.728599
1.969115
12.738106
13.888994
15.572338
16.042775
16.238054
16.119119
15.801082
15.29653
14.709436
-0.102514
-0.124771
12.677133
0.138818
0.10309
-9.546417
-7.705083
-8.455608
-13.643473
-13.135352
-12.763898
-15.80004
-11.327299
-10.538876
-4.829606
-6.269241
-6.747014
-3.341244
-16.103415
-16.856649
-16.787167
-17.205682
-17.29404
-3.688836
-1.780601
-1.827711
-3.922081
-16.260813
-16.641117
-15.761692
-15.150748
-7.617517
-13.401527
-13.941303
-14.380394
-5.847354
-6.721762
-8.902729
-10.529065
-16.377421
-11.97705
-15.273841
-12.53514
-12.42822
-10.70475
-11.964311
-13.41457
-14.700279
-14.904765
-14.3103
-1.711331
-1.437338
-14.381044
-13.260344
-15.46138
-16.055294
-16.420179
-16.382161
-16.186914
-15.711621
-15.127627
-10.789919
-9.859108
-8.734343
-12.229722
-11.570897
