9.843368
8.805492
8.041949
9.167148
13.902933
13.063208
13.353155
15.701201
15.618688
11.563243
10.788675
11.129765
5.265668
5.988247
7.153708
6.684983
3.743414
15.524054
16.281562
16.352649
3.604971
3.880906
1.755263
1.660116
16.051836
14.584422
15.173207
8.017195
13.628942
14.640683
14.181127
5.704073
6.558057
8.717209
10.238998
16.129867
11.942043
12.200765
15.329938
12.654466
12.685239
12.994451
11.611137
10.473001
14.90737
1.809573
2.055827
12.768341
13.837907
15.427312
15.815328
15.985794
15.857751
15.601068
15.138593
14.582574
-0.063127
-0.078103
0.255847
-9.212537
-7.411517
-8.161069
-13.370492
-12.824969
-12.484625
-15.538096
-15.861068
-10.978431
-10.175362
-4.616819
-6.035261
-6.488516
-3.145514
-15.881832
-16.664939
-16.575635
-17.030516
-17.13146
-3.761088
-1.803289
-1.849611
-3.984604
-16.142921
-16.477961
-15.611723
-15.066744
-7.355465
-13.118856
-13.69427
-14.190249
-5.930915
-6.786527
-8.98736
-10.58093
-16.170177
-11.64059
-15.07116
-12.175816
-12.100623
-10.789051
-12.011975
-13.433326
-14.520009
-14.722359
-14.084087
-1.548112
-1.289303
-14.347701
-13.246826
-15.267432
-15.810744
-16.172938
-16.167302
-16.030084
-15.610501
-15.069527
-10.532045
-9.605473
-8.486015
-11.966567
-11.309024
