11.678422
12.046019
12.041446
11.500777
8.032992
-1.786309
0.12863
10.488286
11.162705
10.890104
10.216615
12.669336
12.50391
12.420038
12.653176
-3.595656
-3.845926
-2.329264
-11.157315
-10.875065
-10.4497
-10.735207
-5.113827
-6.722423
-6.506515
-5.138815
12.256708
7.940209
7.048571
4.750782
6.142189
-11.294396
-10.725742
-10.620226
-9.654454
9.509895
9.792371
2.082265
9.201751
8.790312
-8.790983
-9.255596
-10.289972
3.86051
12.432331
-8.029573
-7.70702
1.504689
-0.323615
-2.09949
-3.708335
-5.117019
-6.362744
-7.442121
-10.203968
-10.434024
11.850708
12.27032
11.586458
11.355029
11.92742
11.976239
7.227301
7.961308
8.721769
0.31498
-1.536486
10.345864
11.030369
12.568084
12.406934
12.335692
12.399488
12.54356
-3.3122
-3.610356
-2.089337
-11.130176
-10.849919
-10.686223
-10.950693
-4.870358
-6.460722
-4.897952
-6.281021
12.191387
6.944961
6.13878
4.763552
-10.640692
-10.423846
-9.486552
-0.384812
9.352032
9.669198
2.227909
8.650922
9.08755
-9.023612
-8.552162
3.960484
12.391965
11.965539
-7.481738
-7.841081
1.708057
-0.094051
-1.847431
-3.387134
-4.880491
-6.125943
-7.184259
9.485783
