9.865088
8.82924
8.08238
9.208527
13.909099
13.070007
13.376883
15.713902
15.63366
11.582582
10.807276
10.260395
11.171232
5.299241
6.033521
7.186279
6.70818
3.78178
15.539159
16.290054
16.36239
3.640292
3.916555
1.776388
1.683116
16.057093
14.60048
15.187699
8.039271
13.68696
14.700761
14.224634
5.751895
6.600477
8.767838
10.283648
16.14325
11.981085
12.220693
15.368648
12.674027
12.720051
13.021691
11.651761
10.520144
14.958057
1.833999
2.077246
12.802434
13.858966
15.460265
15.828222
15.997494
15.867486
15.60944
15.149063
14.595598
-0.053186
-0.06432
0.266456
0.236554
-9.263201
-7.478739
-8.213503
-13.389274
-12.856503
-12.51031
-15.535993
-15.834247
-11.01721
-10.218027
-4.663679
-6.077832
-6.548229
-3.183487
-15.83931
-16.627263
-16.554338
-17.100185
-3.761218
-1.800646
-1.850678
-3.98696
-16.093164
-16.431314
-15.560727
-15.00882
-7.405555
-13.167403
-13.730377
-14.236192
-5.928867
-6.782032
-8.974418
-10.560199
-16.16984
-11.468759
-11.676494
-15.097323
-12.217621
-12.135562
-10.765077
-11.975259
-13.381927
-14.559408
-14.75819
-14.113229
-1.563349
-1.297388
-14.289743
-13.19925
-15.290811
-15.807388
-16.147513
-16.124478
-15.980361
-15.556076
-15.01275
-10.562138
-9.63951
-11.99186
-11.336005
