11.20627
11.537884
11.462272
10.975134
7.060006
8.55736
7.829701
-1.639208
0.21524
10.097102
10.713505
10.426543
9.822793
11.976341
11.782565
11.797228
11.862493
11.872214
-3.401625
-3.62395
-2.153721
-10.434869
-10.134034
-9.751709
-10.034262
-4.862711
-6.238966
-4.907818
11.704544
6.882308
4.682809
6.027794
-10.635912
-10.078551
-10.084528
-9.217282
-0.541332
9.170459
9.466853
2.110065
8.920048
8.520895
-8.424504
-8.884646
-9.824042
3.830768
11.237201
11.546601
-7.721595
-7.401477
1.540495
-0.222827
-1.940334
-3.500189
-4.875426
-6.078685
-7.118691
-9.533699
-9.773018
10.937414
11.318892
10.826105
11.04557
11.148115
6.954037
7.627833
8.358968
0.368701
-1.409713
9.77283
10.352852
11.595229
11.497161
11.415194
11.517371
-3.137589
-3.451827
-1.967628
-3.519751
-10.477264
-10.175646
-9.980104
-10.255366
-5.797315
-4.692958
-4.696973
-6.084735
11.332249
6.654175
5.903524
4.606402
-10.562828
-10.099162
-10.0046
-9.144379
-0.329536
8.830334
9.180906
2.195998
8.23082
8.666214
-9.644547
-8.73585
-8.299204
3.834762
3.227915
5.153649
11.354859
10.984273
-7.279874
-7.619706
1.673813
-0.037306
-1.723598
-3.217442
-4.690945
-5.937441
-6.994549
10.308521
10.826566
9.046172
9.691582
