12.008089
12.319328
12.340368
7.403114
9.007955
8.267559
0.30227
10.773716
11.487476
12.710897
12.618877
12.572679
12.519913
-3.60924
-3.639391
-2.188762
-2.092313
-10.170475
-9.877571
-9.37681
-9.665713
-4.851063
-4.887318
-6.013644
-6.233879
-4.902568
12.455665
12.296083
7.236097
4.862248
6.29114
-10.385358
-9.840705
-9.786632
-0.425114
9.837759
10.048969
2.217108
9.442049
9.071687
-8.384608
-8.704634
-9.605664
3.966674
3.298796
5.384567
11.700733
12.054933
-7.626674
-7.379596
1.644562
-0.138372
-1.898232
-3.502185
-4.899432
-6.120317
-7.168391
-9.03302
-9.308839
11.616969
11.080325
12.031576
9.737361
10.4362
11.308916
11.58746
11.891242
7.331698
8.084271
8.821287
0.460457
10.412661
11.090012
12.335105
12.196655
12.214246
12.18423
-3.460644
-1.915364
-2.038098
-3.51451
-10.27912
-9.861416
-9.656002
-10.079982
-5.886058
-4.755664
-4.765562
-4.723695
-6.112471
11.92123
12.047585
6.206687
4.818853
-10.342377
-9.949942
-9.751549
-8.943326
11.921959
-0.23198
9.749939
2.324957
8.783925
9.191793
-9.457427
-8.613982
-8.291371
1.392627
4.003571
3.404389
5.402939
11.864115
11.48335
-7.294881
-7.566088
1.805815
0.055984
-1.677405
-3.218297
-4.735212
-5.995328
-7.046345
10.801168
11.323578
11.652846
9.50512
10.160067
