9.944152
8.885746
8.124208
13.986086
13.148104
13.446857
15.816346
15.727479
11.676898
10.906557
11.263069
5.287313
7.210904
6.725654
3.740831
15.632431
16.401459
16.470641
3.547622
3.82034
1.723208
1.62672
16.15052
15.771151
14.620751
15.242156
8.082189
13.699635
14.686351
14.243446
5.640992
6.49561
8.65736
10.185695
16.238966
12.07
12.306088
15.41019
12.755241
12.797898
12.978094
11.56091
10.419922
14.957786
14.595384
1.792983
2.039452
12.741521
13.845287
15.50966
15.926036
16.101381
15.975607
15.687788
15.200299
14.624351
-0.068921
-0.091202
12.638213
0.217961
-9.367185
-8.297975
-13.482448
-12.963691
-12.602533
-15.635576
-15.961087
-11.13839
-10.342023
-4.711256
-6.141047
-6.608009
-3.227207
-15.954122
-16.730017
-16.651593
-17.093109
-17.186082
-3.709269
-1.78098
-1.822734
-3.932698
-16.174039
-16.529488
-15.650137
-15.073153
-7.423896
-7.47513
-13.250688
-13.798395
-14.267662
-5.865441
-6.723879
-8.911181
-10.514287
-16.246774
-11.794013
-15.145841
-12.346271
-12.248123
-10.709403
-11.945625
-13.385318
-14.586093
-14.788475
-14.170943
-1.608861
-1.346426
-14.326631
-13.209515
-15.3385
-15.901698
-16.261352
-16.238835
-16.076433
-15.63016
-15.066602
-10.640469
-9.712871
-8.596058
-12.075773
-11.418276
