9.646321
8.627361
7.815546
8.90027
12.930121
13.160041
15.54712
15.45707
11.359129
10.581504
9.929379
10.834285
5.132818
5.802088
6.978942
6.557507
3.626651
15.37237
16.141416
16.209348
3.574089
3.849066
1.726406
1.631509
15.944016
13.734509
14.518117
15.069334
7.86315
13.370145
14.418854
13.978201
5.655296
6.519208
8.664159
10.19342
11.657559
12.003463
15.135009
12.463891
12.434202
12.965585
11.579611
10.429098
14.711229
1.746877
1.99728
12.726881
13.795726
15.246594
15.663325
15.838233
15.714527
15.496348
15.06045
14.524618
-0.093598
-0.106277
0.25335
-8.928888
-7.099537
-7.89117
-13.22292
-12.609195
-12.311122
-15.465461
-15.851049
-10.719578
-9.900217
-4.409308
-5.824728
-6.219932
-2.977625
-15.939597
-16.711864
-16.569956
-17.170785
-3.833277
-1.844804
-1.891892
-4.056124
-16.254212
-16.561012
-15.725995
-15.232589
-7.111416
-12.863212
-13.508822
-14.009279
-6.031069
-6.895548
-9.135239
-10.743345
-16.110586
-11.096815
-11.396292
-14.949383
-11.893026
-11.866659
-10.970831
-12.214341
-13.64703
-14.373448
-14.585341
-13.941136
-1.462881
-1.221697
-14.546327
-13.444417
-15.155712
-15.746405
-16.168343
-16.224214
-16.128226
-15.748723
-15.239663
-10.357358
-9.421391
-11.804328
-11.14202
