10.108314
9.019445
14.12395
13.290094
13.597984
15.858302
11.857561
11.093749
5.327545
7.30671
6.79944
3.743176
16.520659
17.05209
17.048405
16.5901
3.450863
3.725923
1.68266
1.576301
16.819638
16.24448
15.830647
14.625529
15.299895
8.19256
8.123089
13.797618
14.724032
14.326143
5.511785
6.377792
8.51795
3.400905
16.354349
12.277475
12.47727
15.491444
12.919574
12.979165
12.891773
11.430491
10.278062
14.997091
15.155575
14.677139
1.784398
2.03983
12.648012
13.799859
15.595338
16.049369
16.219554
16.095065
15.767748
15.238741
14.626624
-0.064063
-0.10642
10.335944
11.28134
9.25867
12.770787
12.092452
0.192022
-9.48846
-8.397575
-13.564004
-13.079064
-12.688697
-13.135899
-11.276367
-10.483177
-4.759571
-6.210213
-6.677822
-3.261991
-16.804695
-16.723316
-17.151583
-17.24694
-3.61536
-1.736456
-1.759614
-3.8277
-16.223601
-16.59811
-17.148535
-15.695646
-15.086837
-7.500293
-7.553404
-13.858831
-5.74272
-6.596406
-8.76971
-10.382358
-2.968433
-16.300162
-11.926253
-15.167153
-12.503352
-12.371259
-10.569832
-11.829227
-13.316013
-15.66846
-14.585639
-14.790363
-14.2053
-1.382287
-14.301157
-13.140411
-15.359599
-15.969773
-16.344688
-16.319005
-16.138431
-15.664988
-15.073073
-10.711412
-9.779853
-8.675932
-12.150035
-11.491842
