9.948202
8.869729
8.063623
14.022684
13.183737
13.4408
15.766849
11.697314
10.93197
5.203883
7.154359
6.684045
3.627261
16.473606
17.016479
17.006009
16.537167
3.408925
3.676838
1.638607
1.5376
16.215836
15.81757
14.610999
15.258484
8.060557
13.583335
14.552084
14.163739
5.467842
8.481816
16.286763
12.042375
12.318373
15.363141
12.765454
12.772637
12.902606
11.422024
10.26196
14.855065
15.026494
14.549521
1.707543
1.960831
12.637156
13.802737
15.480324
15.97508
16.16008
16.042012
15.73499
15.225128
14.629529
-0.104616
-0.1409
10.24088
11.189181
12.680878
12.003714
0.154242
-9.353449
-8.265781
-13.525413
-12.989881
-12.630735
-15.72599
-11.160504
-10.359155
-4.662963
-6.112042
-6.543708
-3.194412
-16.888531
-16.77491
-17.195124
-17.318544
-3.676866
-1.775733
-1.806354
-3.896341
-16.337972
-16.701196
-17.234856
-15.826099
-15.243267
-7.416554
-7.436749
-13.224585
-13.788268
-14.211446
-5.831794
-6.70128
-8.902105
-10.535284
-2.919302
-16.314657
-11.818961
-15.14286
-12.366151
-12.271811
-10.728045
-12.009353
-13.499446
-14.54114
-14.75328
-14.168984
-1.621923
-1.373972
-14.477423
-13.323652
-15.339843
-15.989734
-16.406754
-16.417568
-16.253158
-15.799055
-15.225426
-10.649676
-9.710579
-8.594659
-12.098837
-11.436691
