9.724506
8.685079
7.900029
9.006489
13.237117
15.770319
15.640684
11.455499
10.681419
10.052636
10.957087
5.147645
5.848394
7.023788
3.622332
15.595133
16.396149
16.455734
3.551733
3.807884
1.684619
1.606229
16.162253
13.855573
14.668308
15.24254
7.906179
12.649775
13.47595
14.550465
14.077183
5.68351
6.523453
8.729497
10.252823
11.762461
12.085128
15.31253
12.54099
12.529779
13.093485
11.663341
10.527749
14.856707
1.702201
1.932911
12.827852
13.933644
15.421592
15.870964
16.07774
15.960333
15.695019
15.24374
14.702715
-0.126016
-0.12473
0.151226
0.103833
-9.341076
-7.516988
-8.275469
-13.529469
-12.960151
-12.635203
-15.725827
-16.068711
-11.114164
-10.317756
-4.722479
-6.139419
-6.597265
-5.454273
-3.263134
-16.068534
-16.815103
-16.731394
-3.817452
-1.846146
-1.915642
-4.064969
-16.26331
-16.616692
-14.506398
-15.774878
-15.212041
-7.467924
-13.226015
-13.833564
-14.316599
-6.019313
-6.905586
-9.115409
-10.741005
-16.321524
-11.522976
-11.774575
-15.230765
-12.291587
-12.239249
-10.928536
-12.174199
-13.577534
-14.669889
-14.246975
-1.671668
-1.390272
-14.493991
-13.421507
-15.421215
-15.985684
-16.356378
-16.341459
-16.175302
-15.739621
-15.195304
-12.117132
