11.377466
11.694489
11.529723
11.031452
7.918743
-1.623433
0.239845
10.261368
10.897577
10.486162
9.88472
12.150263
11.851278
11.924191
11.983153
-3.404934
-3.66242
-2.157071
-10.494563
-10.2331
-9.807438
-10.073111
-4.940921
-6.525201
-6.314566
-4.945851
11.873826
7.715485
6.907193
4.694665
6.063838
-10.650774
-10.151389
-10.13525
-9.279366
9.239112
9.603734
2.11716
9.04423
8.595048
-8.579632
-8.98896
-9.935512
3.833521
11.429131
11.656918
-7.814958
-7.513103
1.549491
-0.202144
-1.933698
-3.526414
-4.937748
-6.18311
-7.262157
-9.553661
-9.786317
11.120553
11.457086
11.022671
11.158189
11.347795
7.037914
7.703052
8.475058
0.304611
-1.498262
9.930644
10.547476
11.815941
11.751347
11.591669
11.534241
11.674755
-3.257492
-3.622394
-2.09814
-10.591779
-10.273214
-10.110391
-10.422737
-6.018436
-4.894975
-6.419622
-4.845551
-6.257552
11.544937
6.668666
5.932475
4.584934
-10.624508
-10.234501
-10.114951
-9.28247
-0.427177
8.903073
9.311086
2.140756
8.299604
8.774323
-9.816232
-8.92592
-8.532201
3.805608
5.17826
11.499114
11.196279
-7.482761
-7.803969
1.613244
-0.117821
-1.832465
-3.360496
-4.86571
-6.135615
-7.213539
9.20298
