10.466776
9.350324
8.698149
14.339888
13.51449
13.954959
12.224709
11.464463
5.604961
7.650187
7.046071
4.003797
16.799167
17.311144
17.32557
16.874504
3.5731
3.846607
1.765603
1.666426
17.041753
16.460242
16.015996
14.790679
15.521955
8.480852
8.335291
14.336406
15.2176
14.747248
5.69924
6.533379
8.725531
10.242547
16.64923
12.832709
15.905246
13.263254
13.451361
13.022313
11.586818
10.470662
15.43371
15.568017
15.020588
1.924688
2.163171
12.807623
13.938087
15.97433
16.346254
16.513412
16.379224
15.982134
15.415308
14.777942
-0.002413
-0.036643
10.538533
11.487956
9.466635
12.956051
12.287048
0.199744
0.141229
-10.10814
-8.995303
-13.887338
-13.541863
-13.069879
-11.828495
-11.072983
-5.237595
-6.683239
-7.288842
-3.655245
-16.669218
-16.7151
-17.143969
-17.134929
-3.50505
-1.668879
-1.703809
-3.728358
-15.94605
-16.378934
-16.966917
-15.418709
-14.703537
-7.925691
-8.101789
-14.281736
-6.425821
-8.51606
-10.092739
-16.429896
-12.446914
-15.46396
-13.098816
-12.873203
-10.236058
-11.436123
-12.866673
-15.916336
-14.952563
-15.13372
-14.54528
-1.837555
-1.534801
-13.862678
-12.733021
-15.631928
-16.105292
-16.330696
-16.159674
-15.888055
-15.333073
-14.681288
-11.103268
-10.195801
-9.097963
-12.511318
-11.86452
