12.523322
12.917434
13.223431
7.474974
9.161216
8.469147
11.16074
11.939954
13.571377
13.459096
13.245395
13.629692
-3.895532
-3.910309
-2.464262
-2.363925
-11.203664
-10.869605
-10.368654
-10.693605
-5.101961
-5.151394
-6.262921
-6.526723
-5.204976
13.099085
12.802169
7.487976
4.965046
6.43161
-11.398352
-10.730899
-10.532523
-9.524411
-0.632949
10.372265
2.168274
9.712909
9.41632
-8.689009
-9.097216
-10.13504
4.020855
3.310717
5.444061
12.701368
13.323069
-7.944822
-7.666601
1.579117
-0.331435
-2.163246
-3.789898
-5.177073
-6.391104
-7.432127
-10.034944
-10.311013
11.950655
11.364213
12.427082
9.911815
10.665109
12.477385
13.107606
12.517418
12.923195
7.650434
8.522332
9.232596
11.101367
11.888044
13.561632
13.257194
13.441956
13.606037
-3.405925
-1.869253
-1.951606
-3.408962
-11.105871
-10.743832
-10.529276
-10.880627
-5.780393
-4.678504
-4.633362
-4.778928
-6.116053
12.826898
13.10349
6.558107
-10.563357
-10.204875
-9.22624
-0.134988
10.346603
2.487752
9.381303
9.717203
-9.718069
-8.721077
-8.273626
1.583116
4.273267
3.66587
5.695257
13.314355
12.719308
-7.251588
-7.582476
1.982328
0.119043
-1.674668
-3.231044
-4.725755
-5.942658
-6.957179
11.404264
12.016492
12.451493
9.965689
10.68713
