10.020301
8.989291
8.337351
9.478216
13.135792
13.541155
15.822769
15.753311
11.72849
10.95037
10.534008
11.448505
5.495923
6.301704
7.388759
3.997735
15.65943
16.376671
16.455451
3.821387
4.098473
1.885427
1.802314
16.118594
14.004194
14.702918
15.291796
8.184961
14.037577
15.054941
14.490551
6.820044
9.034614
10.518761
12.242933
12.367244
15.613237
12.817034
12.953069
11.865113
15.260706
1.966676
2.193
12.986422
13.98033
15.672997
15.936751
16.100849
15.960466
15.684684
15.228106
0.001118
0.009339
0.314193
0.243081
-9.599297
-7.903605
-8.553884
-13.531463
-13.079374
-12.693423
-15.555515
-15.714921
-11.287864
-10.512797
-4.958878
-6.352454
-6.924123
-5.788193
-3.424362
-15.622333
-16.435348
-16.458472
-1.778519
-1.848038
-3.983539
-16.184339
-13.987484
-15.284954
-14.683585
-7.727136
-13.484185
-13.96794
-14.520726
-6.736437
-8.876738
-10.421575
-16.19261
-11.804071
-11.928793
-15.269207
-12.508756
-12.380503
-11.746407
-14.803309
-14.305868
-1.669012
-1.361476
-13.955457
-12.918397
-15.445802
-15.817723
-16.03233
-15.905553
-15.714332
-15.254887
-12.169957
