11.355174
11.765419
11.875217
11.320738
8.533296
7.838906
-1.888995
0.025998
10.185834
10.822615
10.692531
10.016701
12.462645
12.419534
12.213751
12.601108
-3.683439
-3.895545
-2.423269
-11.486956
-11.15698
-10.815086
-11.12215
-5.108142
-6.783932
-6.522431
-5.189405
11.989345
6.955727
4.697664
6.045543
-10.995446
-10.893762
-9.857041
9.3168
9.533361
2.021063
8.963162
8.602842
-9.342474
3.819252
11.973524
12.477975
-8.072419
-7.697238
1.438587
-0.42615
-2.19266
-3.762215
-5.128756
-6.329799
-10.652005
-10.873466
11.861319
12.321569
11.368519
11.843281
11.790117
7.092649
7.83503
8.551149
0.343732
-1.487979
10.144152
10.788272
12.417396
12.199117
12.199802
12.349113
12.527885
-3.226556
-3.446724
-1.98619
-11.126467
-10.936288
-11.09122
-4.652707
-6.344054
-4.775483
-6.123645
12.011505
6.906402
6.089019
4.781354
-10.74813
-10.550547
-9.523521
-0.313886
9.238044
9.494243
2.267941
8.534798
8.929425
-8.938035
3.991219
5.309378
12.45705
11.919451
-7.29116
-7.709345
1.755109
-0.045145
-1.771978
-3.268169
-4.711465
-5.920021
9.294939
