9.98896
8.945035
8.26001
9.405735
13.135055
13.504476
15.878464
15.785944
11.710583
10.93569
10.468688
11.381445
5.410817
6.197848
7.316901
3.893158
15.708995
16.457195
16.529089
3.721139
3.989285
1.812772
1.732012
16.193296
13.977405
14.723347
15.324121
8.139856
13.923351
14.948452
14.412856
6.712871
8.932174
10.429238
12.174885
12.3419
15.58168
12.791006
12.893401
11.79688
15.185152
1.882735
2.108424
12.941543
13.984115
15.655607
15.985402
16.166383
16.033876
15.743309
15.276201
-0.039392
-0.034766
0.243574
0.174226
-9.633556
-7.896908
-8.572435
-13.607842
-13.139127
-12.758575
-15.668614
-15.875277
-11.34583
-10.56996
-4.964209
-6.369102
-6.921398
-5.780999
-3.442283
-15.787754
-16.576988
-16.581038
-3.741817
-1.787874
-1.857669
-3.985023
-16.330085
-14.130852
-15.440348
-14.829351
-7.741016
-13.504064
-14.006474
-14.527214
-6.757623
-8.908419
-10.481136
-16.280754
-11.847474
-11.987774
-15.317501
-12.559573
-12.440004
-11.832139
-13.186808
-14.823399
-14.356042
-1.715641
-1.409824
-14.089366
-13.038661
-15.49483
-15.925378
-16.176756
-16.066685
-15.864923
-15.395319
-14.823882
-12.231841
