11.543529
11.931474
11.994893
11.450206
8.675055
7.95204
-1.832627
0.082751
10.35835
11.017252
10.829603
10.151176
12.583643
12.491455
12.344777
12.642096
-3.633722
-3.862288
-2.368478
-11.286065
-10.97721
-10.590354
-10.888178
-5.101467
-6.740307
-6.502967
-5.156081
12.145061
7.018489
4.732918
6.104972
-10.826829
-10.723534
-9.725779
9.44205
9.68174
2.058321
9.099498
8.719244
-9.272506
3.847382
12.009639
12.459344
-8.031831
-7.686186
1.478148
-0.369016
-2.140541
-3.729031
-5.11468
-6.335206
-10.381396
-10.610073
11.845982
12.294293
11.493708
11.910146
11.896595
7.171237
7.91359
8.648673
0.340748
-1.500565
10.260588
10.925978
12.50133
12.308091
12.284274
12.394387
12.543234
-3.25703
-3.513412
-2.022558
-11.196507
-10.947381
-10.766801
-10.983195
-4.747044
-6.386131
-4.823353
-6.187391
12.111555
6.9423
6.125355
4.783647
-10.663869
-10.454712
-9.475409
-0.335157
9.318536
9.596767
2.25912
8.61281
9.023896
-8.953492
-8.429269
3.985597
5.33903
12.423057
11.936754
-7.368444
-7.753916
1.743297
-0.056867
-1.796381
-3.313771
-4.782055
-6.008235
-7.052088
9.397788
