10.040089
8.968507
8.236519
9.411772
14.048182
13.211304
13.541715
15.953679
15.852195
11.781447
11.013217
11.411509
5.342265
6.113139
7.28999
6.778003
3.784724
15.769518
16.545802
16.613003
3.557717
3.82344
1.721251
1.631658
16.269942
15.879653
14.703912
15.345244
8.151479
13.834818
14.821042
14.355181
5.679666
6.520443
8.71262
10.234763
16.372895
12.207458
12.402981
15.548978
12.848218
12.920471
13.044246
11.614178
10.484528
15.087622
14.694215
1.800996
2.037688
12.802777
13.917712
15.641617
16.0567
16.242862
16.117717
15.799453
15.298487
14.715104
-0.069741
-0.086208
12.691897
0.181582
0.13465
-9.627873
-7.827083
-8.54407
-13.652101
-13.174755
-12.78874
-15.758894
-16.042117
-11.381495
-10.600081
-4.909165
-6.339306
-6.852944
-3.399929
-15.975714
-16.746123
-16.710785
-17.142207
-17.201321
-3.681325
-1.768267
-1.819566
-3.915218
-16.130595
-16.513647
-15.62104
-14.999432
-7.701909
-13.483014
-13.991277
-14.455025
-5.830065
-6.693703
-8.855303
-10.45877
-16.347276
-12.025567
-15.299847
-12.598973
-12.474068
-10.63152
-11.858935
-13.279749
-14.757046
-14.953192
-14.34172
-1.720459
-1.435027
-14.230561
-13.128084
-15.482501
-16.013916
-16.329519
-16.256023
-16.051838
-15.570201
-14.982571
-10.82593
-9.904395
-12.254059
-11.599334
