11.825551
12.170723
12.199669
11.691662
7.284414
8.878584
8.137786
-1.702488
0.202956
10.611622
11.303804
10.405657
12.688197
12.571676
12.520426
12.510845
12.604858
-3.500133
-3.735292
-2.223254
-10.706276
-10.411959
-9.956924
-10.247571
-5.001572
-6.121668
-6.373414
-5.028916
12.345294
7.14176
4.805265
6.212108
-10.886576
-10.317349
-10.235559
-9.3272
-0.552205
9.670172
9.904133
2.14429
9.306091
8.923766
-8.582565
-8.988057
-9.96154
3.912408
5.304085
11.884165
12.271917
-7.832304
-7.542255
1.568363
-0.243619
-2.011826
-3.614143
-5.011756
-6.23921
-7.297672
-9.669868
-9.92279
9.615248
11.598128
12.056981
11.584581
11.930201
11.935705
7.273973
8.021542
8.764012
0.395049
-1.443907
10.37425
11.053041
12.459268
12.299297
12.286746
12.389246
-3.213078
-3.512103
-1.985629
-2.112881
-3.563265
-10.730078
-10.388198
-10.199479
-10.53267
-5.898095
-4.783574
-4.794346
-6.175098
12.121509
7.003752
6.177029
4.802012
-10.751334
-10.308068
-10.099147
-9.214603
-0.294597
9.705688
2.287094
8.721459
9.136489
-9.728093
-8.802852
-8.392669
3.993086
3.387322
5.380088
12.159832
11.739133
-7.361294
-7.68295
1.768758
-0.008664
-1.750037
-3.285717
-4.785033
-6.032813
-7.083531
10.840568
11.403295
9.485106
10.172691
