10.177285
9.098969
8.437223
9.632812
13.281468
13.683528
16.118734
16.008242
11.920972
11.152728
10.728913
11.645748
5.47384
6.303395
7.440071
3.918817
15.940955
16.709402
16.777277
3.657809
3.916517
1.770868
1.693888
16.401725
14.829507
15.483774
8.265829
14.102861
15.098902
14.566484
6.654503
8.900118
10.400654
16.536722
12.424609
12.536484
15.778694
12.97731
13.114454
13.185443
11.775998
10.674425
15.338802
2.084326
12.954916
14.047803
15.850499
16.215151
16.410752
16.281705
15.931256
15.424435
14.842234
-0.048539
-0.048136
0.168874
0.080439
-10.012307
-8.268052
-8.918831
-13.869858
-13.46288
-13.039559
-15.880311
-16.059931
-11.718454
-10.96167
-5.224183
-6.643011
-7.245765
-6.098086
-3.66892
-15.895362
-16.671009
-16.719528
-3.660345
-1.752762
-1.824513
-3.911609
-15.966264
-16.384325
-15.469745
-14.787329
-8.052545
-13.834184
-14.275349
-14.759487
-6.66299
-8.779052
-10.364345
-16.4498
-12.278376
-12.344095
-15.523151
-12.951337
-12.78522
-11.693198
-13.055933
-15.030683
-15.211796
-14.588627
-1.872875
-1.545477
-13.997979
-12.938934
-15.68873
-16.120838
-16.337478
-16.169883
-15.906728
-15.378875
-14.762635
-12.496573
-11.848731
