12.152983
12.560747
12.743962
12.174192
8.981262
8.250132
-1.914121
0.055338
10.861163
11.594852
11.494993
10.732814
13.309157
13.308081
13.077899
13.408918
-3.751312
-3.990245
-2.456831
-11.629087
-11.322818
-10.869745
-11.178012
-5.252733
-6.65293
-5.294345
12.78593
7.276517
4.853186
6.284922
-11.127164
-10.930803
-9.87951
-0.732338
9.938578
10.108499
2.084675
9.474931
9.116053
-8.925454
-9.404328
-10.500332
3.926132
13.234486
-8.163047
-7.841846
1.497234
-0.405659
-2.229888
-3.859293
-5.264706
-6.507031
-7.580626
-10.598955
-10.839818
12.55458
13.086252
12.268144
12.830601
12.706945
7.490984
8.310968
9.05436
0.367109
-1.536437
10.870101
11.635396
13.399267
13.135069
13.188431
13.375612
13.465702
-3.332812
-3.565154
-2.036399
-11.504121
-11.223693
-11.048894
-11.311219
-5.921277
-4.824494
-4.918578
-6.271789
12.925864
7.30241
6.405502
4.988901
-10.912091
-10.584363
-9.567476
-0.295979
9.927621
10.128094
2.355767
9.1125
9.499032
-9.026853
-8.515357
4.153326
3.539903
5.571106
13.287696
12.737024
-7.440812
-7.815246
1.844628
-0.026309
-1.821594
-3.378675
-4.86861
-6.092225
-7.127188
9.839286
10.596806
