10.125772
9.058082
8.366161
9.550449
14.087233
13.253767
13.630178
15.958775
15.877429
11.859094
11.089375
11.555062
5.448585
6.250285
7.399408
6.86114
3.900765
15.778474
16.527463
16.600934
3.643299
3.916234
1.785571
1.693978
16.246023
15.855721
14.708281
15.352408
8.234152
14.002381
14.970763
14.47748
5.778626
6.613541
8.806123
10.316205
16.378896
12.348415
12.484194
15.63325
12.927846
13.044542
13.063902
11.674881
10.557089
15.205724
14.781766
1.884627
2.120655
12.848889
13.927048
15.710709
16.066583
16.23832
16.105801
15.786838
15.285479
14.701467
-0.029214
-0.04383
12.722242
0.236517
0.183733
-9.688687
-7.927738
-8.612593
-13.638783
-13.195291
-12.791984
-15.69445
-15.922501
-11.416706
-10.64088
-4.96842
-6.390982
-6.937145
-3.437324
-15.831491
-16.623507
-16.618773
-17.065551
-17.097725
-3.661056
-1.747979
-1.798624
-3.891236
-15.993267
-16.376858
-15.467096
-14.836943
-7.765969
-13.546191
-14.018378
-14.505006
-6.642917
-8.784499
-10.362168
-16.297929
-12.055524
-15.299702
-12.647161
-12.500392
-10.535096
-11.730226
-13.12882
-14.785914
-14.9739
-14.346683
-1.710584
-1.418605
-14.066851
-12.974719
-15.478743
-15.951123
-16.220448
-16.11541
-15.906669
-15.420426
-14.828628
-10.839919
-9.927403
-12.256279
-11.605719
