11.813549
12.244655
12.601278
7.130351
8.699621
8.07968
0.022232
10.536608
11.230932
12.935157
12.809681
12.577759
13.143358
-3.721424
-3.888571
-2.426526
-11.41335
-11.028051
-10.657594
-10.999123
-5.072094
-6.098762
-6.473694
-5.19311
12.438019
12.143186
7.231116
4.833514
6.21773
-10.895759
-10.751703
-9.691448
-0.756827
9.839258
2.08062
9.231821
8.974538
-8.576436
-9.145892
-10.214665
3.925936
3.209884
5.255787
12.24991
12.949513
-7.938636
-7.586405
1.490156
-0.429613
-2.222292
-3.784317
-5.116352
-6.272187
-7.265063
-10.452337
-10.709656
11.373495
10.785654
11.784621
9.398565
10.109038
12.11464
12.736534
11.843691
12.267556
7.31898
8.154161
8.814231
0.505014
10.535359
11.222597
12.901954
12.576505
12.787769
13.082294
-3.0773
-3.212349
-1.762674
-1.842158
-3.203004
-10.935772
-10.692402
-10.892402
-5.471674
-4.411108
-4.605352
-5.911487
12.179439
12.455635
6.341111
-10.575303
-10.303986
-9.244537
-0.091549
9.852806
2.468943
8.96466
9.271975
-8.612839
-8.028053
4.207108
3.592329
5.516239
12.918927
12.240683
-7.019938
-7.424463
1.968207
0.144336
-1.590581
-3.078215
-4.506282
-5.684839
-6.678344
10.869815
11.459706
11.871029
9.510185
10.1955
