10.202751
9.120218
8.408431
14.160273
13.329816
13.697798
15.899589
11.942298
11.176166
5.457086
7.436282
6.895316
3.887768
16.520857
17.040334
17.047262
16.596747
3.569971
3.850598
1.762934
1.658361
16.235641
15.825196
14.655106
15.32838
8.285943
8.186341
14.009928
14.927788
14.482924
5.661207
6.514081
8.668284
10.192807
16.37969
12.438846
12.565556
15.613711
13.006202
13.121957
12.95132
11.541262
10.408006
15.163188
15.298254
14.790745
1.883362
2.133277
12.737458
13.841615
15.697428
16.076549
16.234715
16.101807
15.772088
15.246635
14.638613
-0.019321
-0.053854
10.388238
11.327827
9.316358
12.795691
12.125606
0.24821
-9.613752
-8.531372
-13.585056
-13.144594
-12.732711
-15.657802
-11.363951
-10.581069
-4.878107
-6.316175
-6.834879
-3.350656
-16.655984
-16.623125
-17.068297
-17.122238
-3.602207
-1.718279
-1.747276
-3.815729
-16.044833
-16.424699
-17.000361
-15.503244
-14.877272
-7.58169
-7.680387
-13.936991
-5.715391
-6.554551
-8.700005
-10.281644
-3.019273
-16.264636
-12.005455
-15.210147
-12.604852
-12.446404
-10.463944
-11.679485
-13.126041
-14.671002
-14.864099
-14.25668
-1.652575
-1.383869
-14.091018
-12.955057
-15.395462
-15.919723
-16.225638
-16.149145
-15.954127
-15.469921
-14.871443
-10.770364
-9.85167
-8.752186
-12.192788
-11.540305
