10.209936
9.138323
8.475914
9.674261
14.135157
13.304057
13.714644
16.0114
15.936997
11.94276
11.173323
11.688257
5.523161
6.351806
7.486464
6.924967
3.974631
15.83224
16.569727
16.645859
3.68481
3.959483
1.815834
1.724708
16.276161
15.880354
14.736413
15.391407
8.305221
14.136996
15.092221
14.580444
5.83385
6.662176
8.86298
10.365808
16.430355
12.476723
12.566769
15.724705
13.007968
13.157882
13.089079
11.714661
10.605798
15.309379
15.429167
14.86267
1.929963
2.163197
12.885845
13.951338
15.792461
16.119546
16.286801
16.150728
15.819589
15.311303
14.722432
-0.00813
-0.021245
12.762732
0.252233
0.190405
-9.807932
-8.070493
-8.730005
-13.689096
-13.278007
-12.856268
-15.703351
-15.891066
-11.518293
-10.750162
-5.063022
-6.483053
-7.060486
-3.511996
-15.768019
-16.569458
-16.593671
-17.044493
-17.052424
-3.63611
-1.730775
-1.782859
-3.866892
-15.911715
-16.305256
-15.381079
-14.730794
-7.873802
-13.656554
-14.095499
-14.589644
-6.599361
-8.721783
-10.286766
-16.306533
-12.150477
-15.348299
-12.75962
-12.591169
-11.629541
-13.013724
-14.853426
-15.035405
-14.403897
-1.741361
-1.43955
-13.950764
-12.865792
-15.522375
-15.957262
-16.189974
-16.052694
-15.827614
-15.326421
-14.723298
-10.908606
-10.002388
-12.316857
-11.669268
