11.893649
12.288313
12.4693
11.929294
7.231112
8.834442
8.136143
-1.847257
0.091393
10.639342
11.341532
10.545895
12.940996
12.963042
12.761254
12.664584
13.016574
-3.656441
-3.870731
-2.369712
-11.255238
-10.927435
-10.50574
-10.818278
-5.107404
-6.198122
-6.499709
-5.170917
12.487356
7.198802
4.821869
6.225854
-11.43591
-10.785914
-10.648548
-9.641865
-0.683732
9.772511
9.924402
2.098791
9.314272
8.97844
-8.697805
-9.187066
-10.234041
3.914879
3.212427
5.285111
12.250059
12.78804
-7.982036
-7.658154
1.514487
-0.361594
-2.154448
-3.750892
-5.129113
-6.33783
-7.380027
-10.256293
-10.504829
9.567744
12.067205
12.59804
11.86104
12.39499
12.265771
7.343358
8.13954
8.855695
0.416445
-1.445497
10.56204
11.267987
12.881674
12.63567
12.712103
12.94106
-3.209907
-3.433683
-1.933904
-2.04064
-3.456869
-11.147675
-10.859175
-10.658133
-10.917831
-5.765328
-4.675262
-4.774422
-6.122008
12.464761
7.169359
6.291886
4.926604
-10.603724
-10.339845
-9.352402
-0.234786
9.867678
2.362189
8.90438
9.276699
-8.823224
-8.31772
4.107362
3.495775
5.475984
12.757551
12.211288
-7.278178
-7.647344
1.851756
0.02988
-1.725316
-3.250591
-4.721906
-5.938779
-6.966197
10.993509
11.593423
9.590375
10.300297
