10.231134
9.152687
8.503747
9.707871
14.148114
13.315925
13.73661
16.106656
16.012517
11.971096
11.202718
10.807167
11.726327
5.52616
6.367969
7.498386
6.926874
3.972171
15.92855
16.680807
16.752875
3.683609
3.948947
1.799642
1.717479
16.372154
15.973763
14.808451
15.469248
8.314838
14.178065
15.151815
14.619804
6.67592
8.908388
10.406897
16.52422
12.506415
12.58895
15.80218
13.028632
13.185719
13.159464
11.768088
10.667563
15.375545
1.90915
2.131977
12.943916
14.022475
15.868292
16.207437
16.390615
16.257463
15.907523
15.395972
14.808218
-0.02432
-0.028681
0.205454
0.122977
-9.994738
-8.262703
-8.905507
-13.828962
-13.435886
-13.004118
-15.821998
-15.987063
-11.694957
-10.937584
-5.209329
-6.628014
-7.235592
-6.085103
-3.646328
-15.8228
-16.611973
-16.664548
-17.090275
-3.637904
-1.73591
-1.800678
-3.881714
-15.911307
-16.325431
-15.400308
-14.719696
-8.038028
-13.82175
-14.246217
-14.736213
-6.617044
-8.72647
-10.298974
-16.403098
-12.271036
-12.319851
-15.482034
-12.936273
-12.75871
-11.621977
-12.987294
-14.996579
-15.175381
-14.548128
-1.83962
-1.517376
-13.928243
-12.86184
-15.648468
-16.066056
-16.27255
-16.101443
-15.844308
-15.318716
-14.701415
-11.055142
-12.460456
-11.814016
