12.114406
12.526865
12.742987
12.177113
7.295073
8.943067
8.230336
-1.919098
0.048468
10.821816
11.551158
11.495688
10.730565
13.269165
13.305996
13.055551
12.953513
13.388912
-3.750555
-3.977791
-2.455126
-11.606135
-11.286681
-10.845591
-11.159776
-5.22771
-6.339304
-6.628217
-5.282291
12.747249
7.276601
4.853416
6.278959
-11.099969
-10.909326
-9.854492
-0.737941
9.931439
10.076114
2.084494
9.445353
9.104141
-8.873262
-9.366409
-10.459551
3.928334
12.638557
13.212085
-8.130464
-7.804631
1.496302
-0.411311
-2.231946
-3.851327
-5.245052
-6.473582
-7.534203
-10.584106
-10.82801
12.504409
13.053755
12.221318
12.814855
12.65896
7.471938
8.296896
9.026594
0.390781
-1.505846
10.832969
11.588322
13.344686
13.067877
13.150027
13.35449
13.431373
-3.29267
-3.507822
-1.991227
-3.525184
-11.463598
-11.186486
-11.00044
-11.253342
-5.848548
-4.757701
-4.869345
-6.21428
12.872964
7.307408
6.403391
5.001647
-10.865033
-10.542986
-9.517426
-0.260728
9.91956
10.098447
2.37763
9.103157
9.475656
-8.960558
-8.436768
4.167588
3.553914
5.56911
13.254414
12.680127
-7.372777
-7.752142
1.868388
0.002992
-1.783958
-3.330613
-4.810771
-6.026688
-7.054414
11.276074
9.79789
10.544853
