10.111569
9.038588
8.360093
9.542761
13.237845
13.618928
16.075347
15.960212
11.853903
11.084843
10.631766
11.546677
5.426074
6.237819
7.379453
3.875234
15.898156
16.672642
16.738935
3.643052
3.900518
1.75715
1.680865
16.374604
14.812443
15.455068
8.213151
14.014082
15.023811
14.497801
6.637639
8.880538
10.383883
16.494964
12.328675
12.471003
15.716867
12.91395
13.029909
13.179159
11.765539
10.659851
15.273992
2.059354
12.942445
14.037979
15.79393
16.171727
16.370453
16.243362
15.904
15.40537
14.82961
-0.061377
-0.059872
0.162276
0.077847
-9.930078
-8.174902
-8.839842
-13.83208
-13.402707
-12.993114
-15.867871
-16.069114
-11.644942
-10.883314
-5.163704
-6.581949
-7.166253
-6.019824
-3.621494
-15.924973
-16.69527
-16.727063
-3.684306
-1.767274
-1.840012
-3.936304
-16.009209
-16.419515
-14.153207
-15.515691
-14.848282
-7.981308
-13.759409
-14.223922
-14.707901
-6.701187
-8.829899
-10.421682
-16.439345
-12.183399
-12.275053
-15.492368
-12.869547
-12.719536
-11.763854
-13.130393
-14.990948
-14.551479
-1.85216
-1.52954
-14.068664
-13.009729
-15.66089
-16.110358
-16.347001
-16.198679
-15.946954
-15.430599
-14.823836
-12.45349
