12.056436
12.452674
12.58767
12.025846
8.948458
8.208409
-1.878546
0.077909
10.787353
11.508866
11.363627
10.622265
13.166924
13.123091
12.932754
13.232128
-3.709573
-3.952438
-2.421289
-11.497377
-11.198458
-10.748111
-11.050247
-5.218367
-6.615593
-5.253871
12.673317
7.228042
4.83207
6.256287
-11.015113
-10.840397
-9.813019
-0.706733
9.847899
10.046145
2.087564
9.421762
9.048958
-8.891703
-9.361398
-10.440063
3.913169
13.041025
-8.126624
-7.807731
1.502669
-0.380936
-2.194017
-3.820026
-5.227697
-6.47229
-7.548421
-10.479261
-10.718299
12.384132
12.888444
12.116149
12.621195
12.541497
7.434974
8.234596
8.983468
0.355019
-1.536833
10.75506
11.502827
13.207608
12.969972
12.992101
13.146677
13.246505
-3.329704
-3.580657
-2.051237
-11.401382
-11.116998
-10.945449
-11.213763
-5.94314
-4.842485
-6.4604
-4.916852
-6.278443
12.758793
7.220702
6.345271
4.935743
-10.838364
-10.536128
-9.542426
-0.31822
9.797745
10.027521
2.325041
9.009529
9.40917
-9.025814
-8.529324
4.107217
5.521147
13.070227
12.55333
-7.456007
-7.823927
1.811596
-0.042789
-1.829054
-3.383698
-4.876524
-6.106784
-7.14812
9.763556
