9.737256
8.724432
7.96243
9.054811
12.970404
13.255445
15.556419
15.486913
11.440212
10.660439
10.084355
10.992329
5.255764
5.961744
7.102259
6.650108
3.763435
15.387426
16.125693
16.200447
3.68314
3.965135
1.803554
1.708371
15.921619
13.795777
14.533118
15.08412
7.953295
13.56623
14.601403
14.121731
5.786765
6.641002
8.792698
10.305871
11.811556
12.088671
15.239063
12.547571
12.570105
13.005919
11.669733
10.535376
14.857157
1.8436
2.091004
12.797366
13.820598
15.332088
15.677372
15.837891
15.705767
15.487336
15.053916
-0.048333
-0.055932
0.313852
0.295515
-9.017413
-7.238361
-7.988993
-13.220313
-12.646432
-12.32887
-15.400174
-15.715541
-10.774993
-9.963511
-4.496228
-5.900777
-6.338696
-3.038087
-15.770426
-16.566661
-16.465237
-3.817251
-1.825178
-1.874818
-4.038463
-16.396364
-14.306957
-15.542807
-15.037597
-7.204107
-12.953299
-13.557322
-14.087779
-5.999789
-6.848417
-9.063724
-10.641583
-16.061509
-11.18729
-11.444926
-14.966441
-11.962229
-11.911481
-10.867278
-12.070504
-13.470355
-14.427962
-14.629556
-13.964657
-1.463033
-1.210364
-14.351484
-13.268032
-15.167426
-15.681946
-16.044144
-16.058147
-15.95371
-15.567524
-15.053847
-10.388885
-9.464349
-11.821238
-11.164078
