10.805495
11.124721
10.969276
10.497468
8.356077
7.632756
-1.588356
0.23114
9.76657
10.333792
9.986896
9.438124
11.503594
11.248134
11.316778
11.438103
11.374001
-3.327701
-3.543966
-2.099185
-10.224647
-9.922773
-9.584207
-9.859667
-4.767861
-6.400085
-6.145557
-4.821083
11.284965
6.711368
4.602812
5.908576
-10.437975
-9.895038
-9.960894
-9.126994
8.842229
9.186089
2.091104
8.672903
8.258573
-8.318513
-8.807226
-9.719911
3.777875
10.799415
11.046235
-7.642433
-7.305547
1.526242
-0.201098
-1.884538
-3.418128
-4.781061
-5.970944
-9.407491
-9.638138
10.483721
10.809308
10.322207
10.445607
10.621933
6.744621
7.36729
8.093836
0.348672
-1.389676
9.375391
9.890655
11.014039
10.9625
10.827862
10.921028
-3.091931
-3.422214
-1.962609
-10.289071
-10.009559
-9.811222
-10.054775
-4.646468
-6.223976
-4.638974
-6.03405
10.80444
6.41754
5.719786
4.471158
-10.416555
-9.947912
-9.930316
-9.093288
-0.358478
8.431231
8.83405
2.130775
7.903154
8.3555
-9.587208
-8.695859
-8.249437
3.724122
3.116988
5.001493
10.798436
10.470201
-7.237692
-7.585691
1.605448
-0.060353
-1.71081
-3.179125
-4.638561
-5.886839
-6.950128
9.959758
10.44707
8.759229
9.376695
