12.166406
12.494829
7.43398
9.054282
8.341243
10.891246
11.625121
12.919831
12.855788
12.732127
12.783574
-3.64426
-3.6631
-2.219616
-2.130314
-10.292463
-9.97863
-9.474989
-9.777767
-4.863474
-4.909758
-6.021456
-6.257717
-4.942193
12.629727
12.412212
7.329381
4.905332
6.3455
-10.522728
-9.936166
-9.854589
12.354506
-0.45242
10.149999
2.222865
9.52866
9.195045
-8.375114
-8.707562
-9.624481
3.997355
3.32038
5.415909
11.884595
12.325022
-7.633952
-7.386166
1.64612
-0.167451
-1.941894
-3.544745
-4.930186
-6.136888
-7.170352
-9.126156
-9.410402
11.682456
11.137279
12.119879
9.779679
10.4844
11.511612
11.8048
12.122935
7.418815
8.208928
8.926728
8.296499
10.581278
11.280305
12.593603
12.406055
12.49908
12.490039
-3.388222
-1.84967
-1.956051
-3.42428
-10.353875
-9.933886
-9.712961
-10.133867
-5.798349
-4.676078
-4.67054
-4.682302
-6.052807
12.090869
12.274257
6.308301
-10.417517
-9.986168
-9.751434
-8.910352
12.121704
-0.162099
-0.357865
9.900845
2.395915
8.955409
9.331073
-9.410075
-8.542469
-8.199554
1.474162
4.09052
3.490646
5.4868
12.154587
11.708003
-7.213409
-7.491337
1.881743
0.112616
-1.628653
-3.167115
-4.675122
-5.920838
-6.956465
10.907545
11.437569
11.79615
9.60367
10.259981
