10.009516
8.975335
8.315004
9.456518
13.133385
13.52919
15.838809
15.762321
11.721283
10.943953
10.513873
11.427777
5.472236
6.273021
7.367941
3.969285
15.674079
16.40008
16.476852
3.795976
4.070279
1.865943
1.783955
16.140376
13.999827
14.710824
15.302147
8.171042
14.00624
15.027443
14.469332
6.793656
9.010987
10.498215
12.2217
12.357987
15.605842
12.807667
12.934524
11.850859
15.24178
1.943389
2.169021
12.977972
13.984621
15.669301
15.95066
16.11997
15.981796
15.702094
15.243317
-0.010496
-0.00258
0.293946
0.222361
-9.612725
-7.90666
-8.563071
-13.555426
-13.098827
-12.714534
-15.588885
-15.759931
-11.307059
-10.532084
-4.964431
-6.360642
-6.928083
-5.791408
-3.433164
-15.667601
-16.473787
-16.492768
-3.746108
-1.782047
-1.852417
-3.98638
-16.223238
-14.026812
-15.326859
-14.722433
-7.735065
-13.493392
-13.982413
-14.527166
-6.745125
-8.888082
-10.440551
-16.218798
-11.818922
-11.94812
-15.286463
-12.525663
-12.400075
-11.77151
-14.813649
-14.323752
-1.684526
-1.376569
-13.991424
-12.952105
-15.463
-15.849343
-16.072733
-15.949383
-15.754547
-15.292016
-12.190256
