11.407019
11.812085
11.909395
11.35636
8.571711
7.868955
-1.876996
0.038861
10.233176
10.876059
10.72944
10.05248
12.501161
12.444118
12.252595
12.620382
-3.673907
-3.891007
-2.412424
-11.449233
-11.125351
-10.771614
-11.076118
-5.111041
-6.777634
-6.52249
-5.184917
12.034404
6.972158
4.706612
6.061087
-10.964788
-10.861137
-9.832752
9.350202
9.573858
2.029501
9.000176
8.633781
-9.332763
3.825988
11.9943
12.484578
-8.068532
-7.700572
1.447533
-0.413435
-2.181994
-3.757223
-5.129435
-6.336484
-10.596832
-10.819663
11.870997
12.327574
11.409221
11.869365
11.82724
7.115298
7.857947
8.579805
0.340752
-1.494478
10.180129
10.831048
12.451249
12.239078
12.232056
12.371717
12.544785
-3.238437
-3.468155
-1.999257
-11.309914
-11.094371
-10.90759
-11.077472
-4.681492
-6.359736
-4.792372
-6.144799
12.047808
6.917505
6.100154
4.782623
-10.737536
-10.535544
-9.5195
-0.322001
9.262962
9.525529
2.264629
8.558158
8.957666
-8.949492
3.990196
5.318532
12.462444
11.93797
-7.316303
-7.726682
1.750984
-0.05061
-1.781722
-3.284112
-4.734173
-5.9474
9.326639
