9.642687
8.597798
7.76511
8.865
13.150752
15.751692
15.606204
11.382126
10.610037
9.910817
10.812706
5.0358
5.701633
6.911825
3.497586
15.570752
16.398031
16.451956
3.449542
3.700652
1.615234
1.535577
16.171699
14.64454
15.219561
7.825283
12.436035
13.293349
14.376025
13.942503
5.556037
6.406929
8.601758
10.140803
11.622895
12.008596
15.208549
12.465889
12.406333
13.044341
11.56986
10.418003
14.714892
1.61641
1.851572
12.752667
13.899632
15.334945
15.848992
16.066549
15.956465
15.692983
15.23879
14.694463
-0.165018
-0.170151
0.10178
0.067677
-9.236937
-7.365289
-8.163841
-13.514282
-12.906867
-12.600388
-15.770718
-16.181608
-11.042199
-10.237147
-4.62358
-6.051214
-6.465738
-3.189774
-16.217627
-16.943952
-16.819117
-17.233764
-17.369654
-3.829358
-1.862192
-1.927066
-4.076236
-16.417166
-16.766325
-15.940991
-15.392389
-7.362015
-13.122902
-13.76952
-14.224549
-6.043721
-6.942815
-9.176411
-10.828875
-16.35422
-11.418503
-11.70969
-15.196845
-12.207516
-12.177868
-11.020457
-12.303773
-13.741073
-14.599787
-14.206008
-1.65834
-1.390611
-14.674772
-13.581613
-15.393257
-16.031119
-16.460583
-16.488665
-16.33428
-15.907432
-15.368586
-12.083367
-11.418413
