11.120132
11.411024
11.194706
10.731267
8.581811
7.81371
-1.522662
0.303385
10.051014
10.655424
10.225559
9.666546
11.74461
11.419975
11.56394
11.716656
11.509149
-3.276353
-3.51939
-2.038937
-10.012546
-9.743219
-9.336124
-9.598413
-4.784531
-6.145733
-4.79726
11.561266
6.816195
4.659211
6.004066
-10.206956
-9.721517
-9.773876
-8.985703
9.052666
9.429574
2.141059
8.894924
8.45003
-8.352151
-8.746986
-9.629934
3.82036
10.933073
11.107485
-7.617225
-7.322151
1.578726
-0.129777
-1.826218
-3.392004
-4.785982
-6.00846
-7.065916
-9.091261
-9.330995
10.554196
10.576154
10.626829
10.856105
6.883508
7.511648
8.268772
0.337623
-1.421862
9.598113
10.154258
11.230867
11.20944
11.039261
11.044748
-3.15469
-3.535751
-2.0289
-3.629389
-10.164196
-9.824559
-9.643646
-9.973636
-5.926448
-4.801551
-4.729494
-6.147111
11.032878
6.496171
5.794127
4.488797
-10.26492
-9.884672
-9.838455
-9.061962
-0.396306
8.596195
9.028371
2.119922
8.054831
8.53151
-9.584328
-8.750174
-8.38895
3.72742
3.12496
5.06261
10.853427
10.593858
-7.371142
-7.674477
1.590466
-0.084425
-1.759887
-3.263321
-4.760661
-6.034263
-7.113243
10.179062
10.669602
8.950081
9.58066
