10.355406
9.257151
8.581114
14.261041
13.434259
13.847017
16.028864
12.101412
11.337897
5.555743
7.568744
6.991628
3.972494
16.636573
17.149114
17.161275
16.714469
3.587588
3.868342
1.780726
1.676147
16.325547
15.897516
14.708759
15.412324
8.403899
8.277083
14.20565
15.095078
14.637202
5.692258
6.537549
8.703328
10.222823
16.500014
12.718811
15.7649
13.154127
13.31514
12.973219
11.561701
10.437485
15.312383
15.442231
14.919719
1.92695
2.173528
12.767252
13.875233
15.838392
16.19938
16.355234
16.219453
15.85847
15.311452
14.687087
0.00186
-0.03468
10.47654
11.418499
9.40686
12.885392
12.215357
0.245336
-9.83932
-8.74507
-13.706435
-13.318468
-12.873729
-11.571585
-10.801476
-5.041862
-6.483043
-7.04614
-3.484101
-16.628661
-16.635934
-17.078431
-17.099419
-3.545333
-1.686335
-1.714795
-3.759752
-15.966403
-16.369213
-16.955595
-15.423888
-14.756692
-7.734882
-7.873447
-14.085637
-5.63716
-6.470455
-8.586056
-10.158155
-3.121143
-16.317581
-12.201707
-15.309404
-12.8308
-12.634572
-10.324663
-11.526295
-12.965535
-15.787654
-14.787884
-14.973933
-14.372718
-1.722908
-1.440408
-13.943886
-12.807906
-15.486846
-15.977727
-16.239083
-16.115294
-15.887104
-15.370681
-14.746607
-10.911403
-9.999561
-8.905057
-12.324733
-11.675762
