11.640887
12.009042
7.156973
8.686512
8.045906
0.173642
10.419266
11.090829
12.483886
12.418958
12.246292
12.500859
-3.658586
-3.679902
-2.304752
-2.204078
-10.540431
-10.174407
-9.779672
-10.102594
-4.857752
-5.891955
-6.229075
-4.95453
12.154337
11.913131
6.189341
-10.80691
-10.132795
-10.083059
11.924271
-0.572237
9.74701
2.150019
9.162675
8.878022
-8.283777
-8.759012
-9.711348
3.930371
3.243924
5.270602
11.598124
12.143594
-7.639055
-7.327866
1.57017
-0.265931
-2.014674
-3.563156
-4.89735
-6.049393
-7.036503
-9.537436
-9.80911
11.228872
10.678067
11.621449
9.367327
10.039492
11.31112
11.3421
11.683397
7.180307
7.956672
8.624162
7.989273
10.185012
10.8111
12.165535
11.937535
12.08576
12.199321
-3.195986
-1.733556
-1.830298
-3.213578
-10.475211
-10.144352
-9.892977
-10.18339
-5.501978
-4.418331
-4.387494
-4.521416
-5.857573
11.631462
11.839925
6.172613
-10.591874
-10.024638
-9.845674
-8.919841
11.695939
-0.096408
9.556492
2.411098
8.684001
9.021525
-9.373281
-8.426353
-7.956925
1.509312
4.074442
3.467885
5.374929
11.419828
-6.985877
-7.329872
1.903107
0.15713
-1.53902
-3.018965
-4.466849
-5.673697
-6.684846
10.512012
11.028247
11.3806
9.268318
9.896271
