10.099407
9.020205
8.298967
9.487859
14.089779
13.254222
13.598995
16.007337
15.906099
11.844565
11.077722
11.497484
5.374165
6.159376
7.336988
6.812013
3.808987
15.821522
16.597533
16.665022
3.554406
3.819656
1.721652
1.631895
16.310986
15.912524
14.725146
15.38011
8.195393
13.90232
14.876664
14.409387
5.679529
6.518144
8.714194
10.235819
16.424312
12.290076
12.463145
15.60507
12.906156
12.993353
13.048487
11.612949
10.485541
15.138703
15.286008
14.741174
1.811158
2.04687
12.807729
13.928856
15.695036
16.10906
16.295329
16.169693
15.83768
15.326749
14.735685
-0.064493
-0.082584
12.729621
0.174992
0.124199
-9.716972
-7.919708
-8.627062
-13.704424
-13.246359
-12.847684
-15.792576
-16.062668
-11.466117
-10.689447
-4.971268
-6.403978
-6.932665
-3.451292
-15.976601
-16.747908
-16.725957
-17.154589
-17.202861
-3.657165
-1.755712
-1.806233
-3.891357
-16.112348
-16.505157
-15.603673
-14.965247
-7.776318
-13.56198
-14.050425
-14.508587
-5.797701
-6.660092
-8.810966
-10.413089
-16.37432
-12.105888
-15.340229
-12.690467
-12.551159
-10.579259
-11.804577
-13.225886
-14.80133
-14.995416
-14.388816
-1.750239
-1.46018
-14.184565
-13.079767
-15.520032
-16.044591
-16.346753
-16.256882
-16.039217
-15.544186
-14.945733
-10.88348
-9.963801
-8.844088
-12.309067
-11.655375
