11.956503
12.309252
12.377791
11.863413
7.323752
8.937277
8.200003
-1.728284
0.190351
10.716958
11.425357
10.5404
12.853342
12.770328
12.689832
12.652765
12.79028
-3.533426
-3.767789
-2.249451
-10.804128
-10.506427
-10.040501
-10.335556
-5.035557
-6.158432
-6.408144
-5.064074
12.486695
7.201482
4.832659
6.25144
-10.982485
-10.401179
-10.297204
-9.371697
-0.565902
9.783436
9.993562
2.147906
9.384109
9.01188
-8.617063
-9.019891
-10.00603
3.930311
3.244829
5.329993
12.042695
12.463731
-7.862606
-7.575513
1.569841
-0.258352
-2.038732
-3.648013
-5.046978
-6.275887
-7.334911
-9.743246
-9.999195
9.679218
11.768039
12.251895
11.760438
12.152847
12.121844
7.344495
8.112418
8.85302
0.406121
-1.446439
10.511185
11.211559
12.667979
12.485977
12.499861
12.613169
-3.22249
-3.509543
-1.978146
-2.099068
-3.553933
-10.810701
-10.465048
-10.275008
-10.613152
-5.897362
-4.783575
-4.805627
-6.180927
12.308273
7.092077
6.244002
4.855565
-10.819019
-10.368588
-10.131873
-9.232568
-0.276791
9.825462
2.315928
8.838873
9.243935
-9.745267
-8.80818
-8.394062
4.03813
3.432092
5.43556
12.373361
11.928235
-7.361153
-7.683519
1.799342
0.005159
-1.7477
-3.289787
-4.790801
-6.035164
-7.081514
10.956139
11.530054
11.882346
9.580236
10.27689
