10.183148
9.099085
8.398434
14.142199
13.309403
13.681318
15.950426
11.92778
11.161618
5.440884
7.418045
6.873713
3.872353
15.853161
16.616188
17.140766
16.687069
3.578962
3.848501
1.747116
1.654191
16.320695
15.914422
14.729717
15.398217
8.265204
14.015829
14.967211
14.494899
5.704456
6.542262
8.734162
10.252483
16.455026
12.413656
12.546061
15.67025
12.986646
13.101852
13.040793
11.617296
10.493867
15.212586
15.352409
14.807663
1.854213
2.091421
12.812558
13.924795
15.752962
16.143575
16.321114
16.191818
15.850235
15.329687
14.730151
-0.041693
-0.063167
12.77608
12.112851
0.198183
0.146901
-9.780168
-8.689376
-13.71777
-13.285948
-12.871167
-15.775596
-11.519045
-10.746287
-5.016549
-6.449829
-6.996757
-3.481493
-15.916516
-16.698958
-16.693368
-17.127152
-17.16103
-3.625054
-1.734769
-1.780945
-3.854941
-16.049097
-16.446814
-15.530813
-14.880112
-7.708622
-7.831233
-13.621086
-14.081084
-14.541934
-5.750793
-6.604134
-8.740804
-10.331216
-16.36112
-12.154562
-15.347045
-12.754729
-12.595785
-10.495471
-11.708497
-13.128079
-14.81911
-15.009253
-14.401502
-1.752201
-1.460579
-14.089768
-12.981038
-15.524722
-16.027605
-16.307719
-16.199515
-15.974786
-15.470757
-14.863435
-10.909336
-9.993698
-8.880759
-12.329247
-11.677673
