12.02348
12.388346
12.514753
7.328795
8.948413
8.227759
0.16794
10.763573
11.48066
12.958584
12.806544
12.727542
12.934646
-3.568792
-3.79408
-3.829855
-2.27889
-10.904933
-10.594495
-10.131654
-10.434895
-5.052887
-6.165727
-6.428064
-5.092886
12.56722
7.244456
4.851568
6.274084
-11.090734
-10.483133
-10.363156
-9.415523
-0.590186
9.860273
10.033401
2.14574
9.417214
9.065699
-8.620312
-9.037484
-10.036959
3.943026
3.25165
5.340059
12.148031
12.620708
-7.877548
-7.586479
1.56511
-0.282022
-2.070369
-3.677819
-5.069204
-6.289474
-7.339996
-9.83682
-10.095961
9.687589
10.41189
11.891147
12.407509
11.870812
12.243128
7.384655
8.172787
8.901999
0.42844
10.594135
11.305048
12.808515
12.597387
12.652554
12.786987
-3.205494
-3.468185
-1.943086
-2.055002
-3.502198
-10.878282
-10.537213
-10.338837
-10.667783
-5.843302
-4.735648
-4.783091
-6.147148
12.259293
12.428438
7.166118
6.295801
4.908231
-10.885712
-10.408252
-10.152051
-9.228793
-0.240067
9.899395
2.353494
8.924751
9.311585
-9.732542
-8.776137
-8.343546
4.085326
3.478419
5.478397
12.545616
12.059896
-7.314839
-7.644954
1.839828
0.034008
-1.722687
-3.261934
-4.755841
-5.990781
-7.028093
11.008776
11.588733
11.957441
9.626677
10.32521
