10.079809
9.015746
8.324057
9.497875
14.052427
13.216846
13.587229
15.970393
15.875046
11.813792
11.043232
10.579662
11.495011
5.420831
6.218008
7.361588
6.828939
3.878005
15.79295
16.551853
16.622289
3.650759
3.917607
1.776457
1.691669
16.270769
14.738796
15.372141
8.196608
13.966606
14.961256
14.452878
5.804017
6.631498
8.843533
10.350298
16.392034
12.285698
12.437778
15.633087
12.882701
12.990435
13.113065
11.719676
10.606272
15.204528
1.862143
2.091419
12.889445
13.968472
15.711486
16.074388
16.257178
16.127003
15.809305
15.31665
14.742059
-0.045056
-0.051177
0.211765
0.147489
-9.732326
-7.973643
-8.655012
-13.684397
-13.234644
-12.837067
-15.742263
-15.965038
-11.456359
-10.683594
-5.011844
-6.430102
-6.983785
-3.482615
-15.863797
-16.64677
-16.649979
-17.118794
-3.688401
-1.764815
-1.825822
-3.927827
-16.005968
-16.3941
-15.492653
-14.858128
-7.809306
-13.585097
-14.066682
-14.557701
-6.691137
-8.833905
-10.417328
-16.337426
-11.981051
-12.094243
-15.354822
-12.679803
-12.541159
-11.778526
-13.161192
-14.845305
-15.032771
-14.402431
-1.750428
-1.44794
-14.092638
-13.017616
-15.531126
-15.995
-16.257201
-16.143415
-15.925476
-15.435685
-14.845155
-10.886163
-12.302528
-11.651899
