11.808239
12.187332
12.282926
11.746265
7.226286
8.82481
8.099143
-1.808485
0.117783
10.581893
11.272913
11.115253
10.410162
12.814006
12.751418
12.610036
12.578993
12.837748
-3.616507
-3.846461
-2.338315
-11.157359
-10.850166
-10.423131
-10.72324
-5.098081
-6.488185
-5.143238
12.387898
7.137648
4.794114
6.193954
-11.321877
-10.711011
-10.591477
-9.610954
-0.656685
9.665432
9.874607
2.097975
9.272906
8.903973
-8.719418
-9.189916
-10.223969
3.894785
12.136954
12.600136
-7.982784
-7.663323
1.517087
-0.334223
-2.118149
-3.719941
-5.11165
-6.336197
-7.39399
-10.170589
-10.412853
11.935769
12.417639
11.730402
12.172146
12.123597
7.293546
8.061482
8.796984
0.376702
-1.478922
10.462602
11.157817
12.720322
12.51521
12.527294
12.734082
-3.248146
-3.507851
-1.997097
-3.546355
-11.094333
-10.802684
-10.61682
-10.886798
-5.858791
-4.7597
-4.822449
-6.186865
12.327041
7.068758
6.223126
4.852867
-10.584217
-10.343622
-9.386307
-0.296768
9.527716
9.777496
2.304413
8.791473
9.192291
-8.894894
-8.412859
4.040659
3.429951
5.419282
12.556925
12.068973
-7.36284
-7.722929
1.78962
-0.020085
-1.773182
-3.305067
-4.787758
-6.018681
-7.060118
10.945058
9.541011
10.253326
