10.372149
9.285599
8.651169
14.245814
13.419702
13.871463
16.035224
12.108618
11.341861
5.628669
7.62696
7.032028
4.06544
16.628902
17.135324
16.709872
3.694623
3.975875
1.841321
1.743253
16.315816
15.899894
14.745228
15.433344
8.433451
14.324701
15.231834
14.724284
5.83617
6.666115
8.855868
10.357727
16.505456
12.707048
12.729646
15.839778
13.165588
13.359894
13.056736
11.687758
10.581711
15.425781
15.538023
14.97919
1.988738
2.226277
12.869285
13.934803
15.898329
16.202038
16.355756
16.214847
15.85954
15.326724
14.716409
0.025361
0.002343
10.481502
11.419832
12.863477
12.203932
0.277827
0.218466
-9.932194
-8.847212
-13.731356
-13.36669
-12.914279
-15.69947
-11.632121
-10.870545
-5.142219
-6.568458
-7.172481
-3.566025
-15.703104
-16.51978
-16.566943
-17.021486
-17.009226
-3.566012
-1.68946
-1.730712
-3.787973
-15.834512
-16.240299
-15.28943
-14.612949
-7.800322
-7.974765
-13.768868
-14.157086
-14.643876
-6.486817
-8.585184
-10.13608
-16.303033
-12.25665
-15.365519
-12.894552
-12.689185
-11.462366
-12.856047
-14.880742
-15.057668
-14.43302
-1.752267
-1.450585
-13.808818
-12.707186
-15.536399
-15.952368
-16.15726
-15.99255
-15.752215
-15.230789
-14.60746
-10.966022
-10.064576
-8.96654
-12.36701
-11.722272
