12.086999
12.495609
12.77544
7.280668
8.903984
8.230834
0.073533
10.787688
11.514171
13.172861
13.026337
12.850211
13.291837
-3.898296
-3.925461
-2.397707
-11.337658
-10.990593
-10.558928
-10.88475
-5.125422
-6.204596
-6.516708
-5.203248
12.690454
7.306665
4.872938
6.292289
-11.534733
-10.846827
-10.6818
-9.650992
-0.699237
9.968265
10.05215
2.111939
9.425304
9.125832
-8.679647
-9.170836
-10.228263
3.952136
3.241527
5.327693
12.437953
13.057898
-7.976784
-7.657262
1.523671
-0.38107
-2.189319
-3.786858
-5.154994
-6.350955
-7.379402
-10.296724
-10.555751
11.640876
11.054788
9.63449
10.367773
12.264564
12.85709
12.101333
12.51695
7.445181
8.280558
8.978713
0.466141
10.752117
11.482969
13.154951
12.861669
13.014851
13.252405
-3.175625
-3.364065
-1.867047
-1.957176
-3.369939
-11.191931
-10.893013
-10.676297
-10.943461
-5.686549
-4.602311
-4.734117
-6.064863
12.463437
12.708817
7.323925
6.402804
5.029749
-10.617485
-10.314938
-9.301866
-0.162147
10.037988
2.436396
9.093974
9.434443
-8.743218
-8.227225
4.197463
3.585831
5.567421
13.0437
12.436533
-7.199782
-7.570172
1.93075
0.089931
-1.674592
-3.199984
-4.665613
-5.870039
-6.882706
11.11524
11.721021
12.1317
9.705368
10.415809
