11.353444
11.68721
11.645745
11.157536
7.113519
8.630643
7.905583
-1.647432
0.217501
10.217898
10.852369
9.973155
12.133166
11.969696
11.967692
12.003717
12.032205
-3.41568
-3.63709
-2.159976
-10.452461
-10.149206
-9.750117
-10.036268
-4.879322
-6.252784
-4.923355
11.851458
6.950274
4.715857
6.075103
-10.655869
-10.091494
-10.080609
-9.208215
-0.536316
9.298084
9.570357
2.123388
9.011713
8.62283
-8.431148
-8.876572
-9.817807
3.854622
11.360113
11.694472
-7.722572
-7.411246
1.552338
-0.221759
-1.949476
-3.516356
-4.893234
-6.09746
-7.137055
-9.514576
-9.759706
11.056258
11.462836
10.990345
11.245977
11.315384
7.027667
7.720715
8.449905
0.386969
-1.402774
9.905704
10.505797
11.772624
11.657687
11.603114
11.696926
-3.137506
-3.444602
-1.952823
-2.091816
-3.506889
-10.491281
-10.175665
-9.977046
-10.269679
-5.797765
-4.691681
-4.699563
-6.083716
11.496244
6.7409
5.969388
4.657575
-10.570032
-10.10763
-9.988683
-9.125654
-0.305888
9.29848
2.226927
8.347942
8.773703
-9.625598
-8.717396
-8.289599
3.877165
3.270977
5.207978
11.512362
11.125641
-7.273235
-7.606618
1.706171
-0.016822
-1.712923
-3.213783
-4.691638
-5.93697
-6.990369
10.41196
10.935095
11.226097
9.138161
9.787857
