11.044881
11.413936
11.411294
10.899112
8.413491
7.716117
-1.746296
0.120037
9.94176
10.539689
10.327915
9.714378
11.953239
11.826771
11.742967
11.781413
11.974665
-3.509843
-3.716892
-2.26549
-10.863398
-10.539188
-10.20881
-10.503776
-4.926662
-6.587524
-6.323976
-5.002586
11.604666
6.828001
4.647195
5.968856
-10.447808
-10.432733
-9.492109
9.064916
9.3308
2.052596
8.791531
8.414555
-9.063092
-10.060617
3.797096
11.358761
11.753535
-7.845543
-7.484586
1.478349
-0.321611
-2.044429
-3.589465
-4.946833
-6.13388
-10.04756
-10.274425
11.15023
11.552811
10.811839
11.131334
11.173683
6.902465
7.587438
8.300442
0.357894
-1.422964
9.73161
10.304629
11.682324
11.538998
11.488185
11.707123
-3.137165
-3.400775
-1.949318
-10.80349
-10.566701
-10.36615
-10.555247
-4.608817
-6.255101
-4.679189
-6.045359
11.373855
6.661323
5.900238
4.632319
-10.333249
-10.229379
-9.288773
-0.317228
8.823774
9.140814
2.21076
8.207651
8.622853
-8.783649
3.865165
5.151907
11.615401
11.166364
-7.224619
-7.613079
1.692872
-0.037542
-1.721046
-3.19636
-4.640739
-5.863832
-6.907596
8.998005
9.656019
