11.922715
12.343922
12.670487
7.19144
8.781449
8.141198
0.045541
10.636834
11.34399
13.024475
12.893666
12.682034
13.194514
-3.887299
-3.911568
-2.410467
-11.363853
-10.99322
-10.597918
-10.933341
-5.087849
-6.134719
-6.484593
-5.191951
12.536429
12.253404
7.262568
4.850255
6.248509
-10.858781
-10.708019
-9.661984
-0.730101
9.924506
2.095148
9.309495
9.036438
-8.608164
-9.144729
-10.206393
3.93766
3.224203
5.285778
12.31292
12.980525
-7.945343
-7.607097
1.505671
-0.407113
-2.205269
-3.7808
-5.126564
-6.297435
-7.303485
-10.369031
-10.627792
11.477113
10.890656
11.896423
9.492092
10.210674
12.159146
12.770251
11.939754
12.35863
7.368273
8.203451
8.877863
0.492426
10.617622
11.321156
12.991228
12.679099
12.868981
13.136857
-3.111937
-3.268341
-1.800003
-1.883462
-3.264981
-10.89942
-10.665621
-10.894444
-5.553142
-4.48297
-4.651726
-5.967601
12.282481
12.547078
6.364847
-10.57764
-10.295155
-9.256334
-0.116414
9.923464
2.457543
9.014715
9.334533
-8.655622
-8.100276
4.203239
3.589901
5.535868
12.953057
12.30366
-7.086078
-7.475757
1.954884
0.125766
-1.619999
-3.122131
-4.56513
-5.754036
-6.754911
10.960457
11.554802
11.965436
9.58409
10.277684
