10.358832
9.276526
14.253657
13.43059
13.851299
12.086636
11.320051
5.609619
7.605742
7.032499
4.043571
16.421348
16.922079
16.937219
16.510118
3.643665
3.945171
1.848696
1.727392
16.135345
15.713599
14.58204
15.274266
8.428929
8.301438
14.63311
5.708079
6.572204
8.682556
3.643964
16.329807
12.717567
15.670738
13.155017
13.327948
12.862655
11.507257
10.375489
15.259969
15.369786
14.893883
2.012767
12.694313
13.75541
15.738224
16.041724
16.16101
16.015692
15.689881
15.150489
14.525507
0.053941
0.00376
10.486412
11.412943
9.427295
12.87923
12.204173
0.361974
-9.533941
-8.465418
-13.444367
-13.041994
-12.606673
-12.974785
-11.268827
-10.482516
-4.811631
-6.249855
-6.777659
-3.263387
-16.478354
-16.452593
-16.925616
-16.969078
-3.534988
-1.667613
-1.67388
-3.724476
-15.885706
-16.251048
-16.851823
-15.298658
-14.682389
-7.503577
-7.612449
-13.828417
-5.610579
-6.415714
-8.543742
-10.087066
-2.947662
-16.113679
-11.909258
-15.068805
-12.343755
-10.287224
-11.471384
-12.929348
-15.588235
-14.548168
-14.735098
-14.115633
-1.289859
-13.891228
-12.730055
-15.257863
-15.743478
-16.024413
-15.9432
-15.770668
-15.296599
-14.696883
-10.653618
-9.74169
-8.667943
-12.065276
-11.416677
