9.944698
8.870593
8.088114
9.253114
14.006321
13.166446
13.442261
15.908878
15.795143
11.692252
10.925473
11.247183
5.226772
7.169659
6.690044
3.659312
15.719358
16.518735
17.061605
16.581047
3.459945
3.722375
1.656709
1.564516
16.254908
15.864124
14.664932
15.303116
8.06219
13.637167
14.630962
14.207001
5.55242
6.406252
8.581751
10.11987
16.32729
12.049841
12.312356
15.424019
12.759702
12.780852
12.984754
11.515745
10.36858
14.929009
14.583449
1.719195
1.962043
12.719922
13.871198
15.534244
16.010116
16.204155
16.085729
15.775219
15.274144
14.689082
-0.106005
-0.129696
12.66087
0.142655
-9.478266
-8.390355
-13.60388
-13.082666
-12.71885
-15.776134
-11.265542
-10.473043
-4.776938
-6.217054
-6.680793
-3.296614
-16.110861
-16.863459
-16.78099
-17.200594
-17.299418
-3.697849
-1.785711
-1.830718
-3.929004
-16.28325
-16.656835
-15.782242
-15.18286
-7.509499
-7.557381
-13.340032
-13.892663
-14.331246
-5.859695
-6.734252
-8.923216
-10.55174
-16.35768
-11.918546
-15.237125
-12.469821
-12.37143
-10.73277
-11.997204
-13.453685
-14.657041
-14.863734
-14.269062
-1.685548
-1.417554
-14.418803
-13.293941
-15.42737
-16.033897
-16.413342
-16.390307
-16.205507
-15.739192
-15.161458
-10.744165
-9.811122
-8.686731
-12.186718
-11.526861
