11.775911
12.081781
12.009331
11.531544
7.326142
8.908765
8.144213
-1.582021
0.295818
10.590127
11.275049
10.318874
12.479353
12.337364
12.376506
12.272258
-3.367139
-3.612235
-3.65812
-2.096276
-10.217591
-9.942796
-9.462866
-9.739397
-4.896521
-6.032252
-6.250103
-4.901011
12.23121
7.108804
4.799048
6.207627
-10.408608
-9.894536
-9.860856
-9.034314
-0.440447
9.607455
9.889652
2.186976
9.301149
8.892966
-8.448353
-8.787165
-9.695244
3.917583
5.323849
11.560798
11.843945
-7.680108
-7.418459
1.61746
-0.144642
-1.891457
-3.49375
-4.900644
-6.135207
-7.198851
-9.145183
-9.405414
9.642408
11.18502
11.352309
11.65677
7.218604
7.932
8.687526
0.397065
10.218039
10.871327
12.098014
12.000119
11.936539
11.92983
-3.188407
-3.53938
-1.996149
-2.135984
-3.609297
-10.342743
-9.953299
-9.766864
-10.16176
-5.963986
-4.831833
-4.778686
-6.181744
11.759604
11.826954
6.884333
6.091793
4.714871
-10.395492
-10.020942
-9.857733
-9.056049
-0.316763
9.573287
2.244273
8.58461
9.024847
-9.582262
-8.735373
-8.401834
3.91381
3.313098
5.3086
11.655835
11.324252
-7.38549
-7.66763
1.72071
-0.017174
-1.74323
-3.282552
-4.800598
-6.069712
-7.134843
10.691007
11.217157
11.51905
9.387757
10.049759
