9.976096
8.929672
8.250237
9.39414
13.493227
15.93749
15.826478
11.702506
10.927925
10.457612
11.368824
5.394515
6.185366
7.301066
3.875426
15.769672
16.532125
16.60003
3.719104
3.978865
1.796054
1.723501
16.260106
14.024203
14.777542
15.376709
8.124282
13.168699
13.921841
14.970033
14.417758
6.723559
8.969429
10.463229
12.156465
12.329638
15.621103
12.778528
12.878638
11.843733
15.215851
2.073272
12.989959
14.04234
15.695333
16.038297
16.233993
16.104582
15.803917
15.338812
-0.057786
-0.044535
0.20307
0.117227
-9.755755
-9.193262
-8.021018
-8.687248
-13.708235
-13.245168
-12.862377
-15.760681
-15.955127
-11.461891
-11.168986
-10.693186
-5.063363
-7.036997
-5.901629
-3.536635
-15.840985
-16.618081
-16.640106
-3.755998
-1.799321
-1.880936
-4.010893
-16.356584
-14.159425
-15.470908
-14.841197
-7.850062
-13.611756
-14.112033
-14.631109
-6.791704
-8.936717
-10.517648
-16.355775
-11.963248
-12.09956
-15.417884
-12.671831
-12.551849
-11.856123
-14.92945
-1.789638
-14.096811
-13.063652
-15.589856
-16.010015
-16.24585
-16.114392
-15.890588
-15.405791
-14.827076
