11.678458
12.077834
12.150853
11.586507
8.007168
-1.882194
0.052284
10.471854
11.147266
10.947462
10.250225
12.795427
12.697657
12.524141
12.880821
-3.699565
-3.940631
-2.43008
-11.544911
-11.245901
-10.846107
-11.142855
-5.191652
-6.831144
-6.599795
-5.236906
12.308828
7.975317
7.058832
4.747874
6.133706
-11.060761
-10.921143
-9.890125
9.528961
9.775272
2.04457
9.180137
8.789219
-9.415204
3.850853
12.739613
-8.148323
-7.800168
1.462084
-0.404466
-2.194726
-3.800699
-5.200093
-6.438194
-10.630438
-10.853558
12.14965
12.601182
11.728862
11.577551
12.172796
12.155451
7.252004
8.009565
8.758313
0.311791
-1.55384
10.435564
10.189713
11.134639
12.810536
12.568629
12.696781
12.867176
-3.327332
-3.583205
-2.078997
-11.434695
-11.196609
-11.030462
-11.2398
-4.823701
-6.467641
-4.904076
-6.269013
12.383411
7.021107
6.191496
4.823122
-10.864853
-10.617647
-9.613086
-0.368384
9.467126
9.744252
2.257658
8.732108
9.149022
-9.074599
4.015996
12.75701
-7.455651
-7.849043
1.741909
-0.088601
-1.850988
-3.384815
-4.86083
-6.088414
-7.135119
