12.041486
12.431397
12.540658
11.981584
8.952828
8.20456
-1.861495
0.090742
10.779504
11.498934
11.326221
10.592527
13.131772
13.063074
12.894142
13.176119
-3.691791
-3.939158
-2.405522
-11.442002
-11.149349
-10.694939
-10.993282
-5.210225
-6.60552
-5.239578
12.650611
7.215062
4.826897
6.251126
-10.969494
-10.801286
-9.785473
-0.692315
9.825405
10.039536
2.091036
9.417109
9.035019
-8.888713
-9.348383
-10.419648
3.910055
12.975694
-8.116876
-7.801527
1.507317
-0.367534
-2.17765
-3.805452
-5.217204
-6.466278
-7.546613
-10.422159
-10.660492
12.331968
12.822787
12.079031
12.554653
12.498634
7.423721
8.21531
8.969739
0.346429
-1.543145
10.728673
11.4734
13.155214
12.930756
12.935269
13.072802
13.17642
-3.337618
-3.600482
-2.066727
-11.363544
-11.074334
-10.906521
-11.182589
-5.970817
-4.86664
-6.473484
-4.927975
-6.294995
12.715801
7.193426
6.326821
4.914966
-10.815188
-10.52017
-9.539245
-0.333595
9.758715
10.004008
2.309834
8.980024
9.387802
-9.038056
-8.553036
4.088138
5.505855
12.997356
12.499807
-7.478286
-7.840924
1.795052
-0.054475
-1.839852
-3.396843
-4.894022
-6.129113
-7.174651
9.750857
