11.089151
11.441862
11.364351
10.853171
8.477412
7.746182
-1.710649
0.151971
9.99436
10.596855
10.294557
9.694102
11.962728
11.757065
11.730914
11.924777
-3.479986
-3.707349
-2.238672
-10.785569
-10.486211
-10.132065
-10.41458
-4.940526
-6.582632
-6.333222
-4.99125
11.634238
6.818587
4.644588
5.975827
-10.961427
-10.391815
-10.379457
-9.463278
9.058276
9.374732
2.06239
8.833636
8.423258
-9.075307
-10.062105
3.79431
11.360517
11.685636
-7.860555
-7.513057
1.490815
-0.290111
-2.013273
-3.573554
-4.951008
-6.160898
-9.949867
-10.173594
11.12921
11.493733
10.826256
11.066193
11.179046
6.91718
7.586142
8.323277
0.32148
-1.464682
9.749431
10.331369
11.678601
11.569416
11.461854
11.47243
11.649542
-3.193248
-3.495468
-2.021621
-10.776163
-10.523647
-10.341006
-10.558405
-4.722761
-6.332051
-4.751274
-6.135413
11.383261
6.623941
5.882196
4.591341
-10.83178
-10.339228
-10.237764
-9.329685
-0.37717
8.789788
9.152987
2.166476
8.187565
8.630412
-8.870558
-8.378956
3.823885
5.137146
11.546473
11.154728
-7.335056
-7.706974
1.644427
-0.0851
-1.777655
-3.269678
-4.733316
-5.973202
-7.03152
9.036976
