9.707762
8.675702
7.875844
8.977253
12.976323
13.219133
15.660166
15.555222
11.430406
10.655209
10.018202
10.923841
5.149517
5.83631
7.01688
6.580353
3.629904
15.483449
16.265882
16.330604
3.553358
3.821082
1.705261
1.615702
16.049067
14.582089
15.151192
7.901471
13.436371
14.485959
14.037386
5.651373
6.506726
8.67404
10.202561
11.739092
12.067258
15.225407
12.524657
12.507122
13.006869
11.597261
10.451742
14.783123
1.730196
1.973676
12.75683
13.847059
15.335995
15.769795
15.956709
15.835545
15.591499
15.142769
14.599193
-0.104822
-0.114636
0.208726
0.186348
-9.122996
-7.293025
-8.070562
-13.363583
-12.775055
-12.460524
-15.583101
-15.951722
-10.907814
-10.098804
-4.550605
-5.969549
-6.392474
-3.104349
-15.999578
-16.761673
-16.644991
-17.214009
-3.811431
-1.837727
-1.89135
-4.042788
-16.26005
-16.589349
-15.747243
-15.219465
-7.275692
-13.033259
-13.65553
-14.143044
-6.005892
-6.878184
-9.102379
-10.718243
-16.205329
-11.306027
-11.576591
-15.070788
-12.086383
-12.043026
-10.927789
-12.174442
-13.601115
-14.499021
-14.708374
-14.075015
-1.554072
-1.297304
-14.51381
-13.417995
-15.270271
-15.854751
-16.255632
-16.280015
-16.151597
-15.744158
-15.215783
-10.502408
-9.56852
-11.947131
-11.285828
