11.122837
11.419109
11.217279
10.750055
8.575006
7.810885
-1.538682
0.290775
10.050327
10.655241
10.239337
9.675846
11.768119
11.456391
11.584707
11.73
11.549898
-3.293671
-3.53485
-2.055522
-10.075678
-9.803178
-9.400168
-9.664554
-4.796967
-6.16063
-4.813346
11.572471
6.819624
4.659594
6.00373
-10.269376
-9.775819
-9.822334
-9.023267
9.058866
9.42853
2.135238
8.892916
8.45214
-8.367268
-8.771783
-9.663197
3.819459
10.971595
11.160865
-7.63573
-7.336569
1.572044
-0.143119
-1.842072
-3.407287
-4.799458
-6.020325
-7.076481
-9.160028
-9.398865
10.604681
10.92226
10.602326
10.671637
10.888337
6.888902
7.521527
8.276299
0.338242
-1.423653
9.61514
10.173901
11.273506
11.243514
11.081073
11.101276
-3.156024
-3.529506
-2.025551
-3.620452
-10.213166
-9.880152
-9.69844
-10.019603
-5.914268
-4.792005
-4.729168
-6.143495
11.066979
6.510987
5.804377
4.500208
-10.310642
-9.920184
-9.868539
-9.080738
-0.392016
8.618417
9.042823
2.126197
8.070848
8.54366
-9.600899
-8.756154
-8.38411
3.737985
3.134838
5.071208
10.916186
10.643949
-7.364784
-7.673655
1.597502
-0.082178
-1.759128
-3.261488
-4.755829
-6.026265
-7.103047
10.194457
10.689369
8.959694
9.593084
