11.919556
12.305696
7.243655
8.826911
8.169726
0.132071
10.65048
11.356247
12.874619
12.777284
12.593887
12.934205
-3.773184
-3.794986
-2.398099
-2.292804
-10.904693
-10.548347
-10.126505
-10.451382
-4.988864
-6.048007
-6.367493
-5.074234
12.472503
12.213618
7.256031
4.856354
6.259862
-11.13885
-10.458905
-10.348744
-9.376991
12.318427
-0.624489
9.940228
2.14007
9.330618
9.04123
-8.471526
-8.943522
-9.943599
3.951651
3.253396
5.315145
12.040257
12.625518
-7.794521
-7.485036
1.55591
-0.31496
-2.095783
-3.671376
-5.023615
-6.198161
-7.205777
-9.864757
-10.133228
11.46933
10.901381
11.8874
9.533749
10.237825
11.80091
11.768852
12.144623
7.33802
8.149178
8.831837
8.166259
10.509376
11.193709
12.701787
12.438931
12.597668
12.760752
-3.277433
-1.793562
-1.885282
-3.288197
-10.805643
-10.481078
-10.245579
-10.536426
-5.59758
-4.511642
-4.625917
-5.959467
12.082912
12.315994
6.307819
-10.299004
-10.052148
-9.08818
12.220031
-0.120171
9.833945
2.433705
8.925798
9.262449
-9.554143
-8.569314
-8.086284
1.532278
4.14737
3.538963
5.487656
12.527317
11.950221
-7.089872
-7.441245
1.927105
0.132273
-1.600576
-3.106117
-4.565925
-5.772613
-6.783952
10.841997
11.401792
11.786519
9.515486
10.183974
