10.184069
9.131095
8.467653
14.10554
13.276917
13.691505
15.839774
15.804494
11.89864
11.125534
5.560361
7.499999
6.946232
4.032553
15.663327
16.363489
16.44887
3.74637
4.038554
1.879533
1.77544
16.095959
14.624886
15.261476
8.306859
14.131859
15.06186
14.559773
5.864989
6.708137
8.863972
10.364938
16.263236
12.454852
12.535854
15.626863
12.980055
13.136245
13.005636
11.68589
10.571868
15.253554
15.354606
14.824291
2.003539
2.250927
12.835535
13.853649
15.689163
15.961995
16.098614
15.954249
15.660114
15.165096
14.581453
0.035253
0.01336
10.374859
11.300511
12.735305
12.077476
0.356402
0.321421
-9.520098
-8.467825
-13.447783
-13.017648
-12.609332
-15.473223
-15.666208
-11.230922
-10.447961
-4.852436
-6.266817
-6.812284
-3.312575
-15.599232
-16.430342
-16.425196
-16.904276
-16.932319
-3.642657
-1.722163
-1.757848
-3.853555
-15.837836
-16.195622
-15.269505
-14.669012
-7.508903
-7.631439
-13.408106
-13.860465
-14.380459
-6.573471
-8.709614
-10.248795
-16.121641
-11.873187
-15.134875
-12.474526
-12.316867
-11.604265
-12.998031
-14.643292
-14.825932
-14.173842
-1.577953
-1.302954
-13.91414
-12.813773
-15.319242
-15.743979
-15.992855
-15.894269
-15.720814
-15.261061
-14.683843
-10.671835
-9.765878
-8.670821
-12.078479
-11.43119
