11.459106
11.841671
11.993165
7.071404
8.593337
7.929627
-1.779937
0.117225
10.271068
10.920395
12.397074
12.254162
12.159583
12.456731
-3.554178
-3.742198
-2.283739
-10.89056
-10.540441
-10.173489
-10.488082
-4.945603
-6.33459
-5.036073
12.018299
7.043942
4.752397
6.110783
-11.116084
-10.454
-10.393002
-9.4307
-0.649651
9.460385
9.614774
2.094365
9.041743
8.721772
-8.462673
-8.986567
-9.98638
3.87577
3.184855
5.202316
11.679747
12.194421
-7.804773
-7.465181
1.514354
-0.32657
-2.07697
-3.630523
-4.976987
-6.148107
-7.156799
-9.969583
-10.21902
11.176924
10.61675
9.287135
9.97022
11.460785
11.967544
11.26995
11.640087
7.110225
7.863313
8.551253
0.448359
-1.359062
10.103075
10.726265
12.172275
11.957736
12.033687
12.232331
-3.081901
-3.298927
-1.840226
-1.950718
-3.326032
-10.794575
-10.518209
-10.292431
-10.52333
-5.591819
-4.512721
-4.61986
-5.963079
11.658975
11.823207
6.94404
6.106805
4.812696
-10.297159
-10.123456
-9.161539
-0.193645
9.473883
2.339172
8.567206
8.93242
-8.634422
-8.117174
4.019754
3.408843
5.321952
12.072344
11.539149
-7.109947
-7.484951
1.828458
0.06775
-1.635515
-3.118743
-4.563382
-5.772082
-6.794052
10.528587
11.075501
11.417731
9.233553
9.890816
