10.32921
9.227314
8.546396
14.247199
13.418329
13.821169
16.05883
12.081322
11.318558
5.519047
7.533041
6.960017
3.931497
16.704022
17.222354
17.232588
16.777263
3.563887
3.836279
1.751449
1.653707
16.387137
15.959667
14.751525
15.454419
8.374925
14.168126
15.078826
14.614919
5.683152
6.52186
8.70843
10.228428
16.548808
12.615347
12.694299
15.779164
13.129643
13.278969
13.015476
11.582317
10.459952
15.31081
15.449287
14.909891
1.886272
2.126079
12.793377
13.918896
15.856508
16.242667
16.413578
16.282023
15.91212
15.365811
14.744612
-0.022191
-0.05269
10.458136
11.405853
9.383874
12.872767
12.204917
0.199413
0.148358
-9.926636
-8.824139
-13.792335
-13.401919
-12.958665
-15.813456
-11.660264
-10.894715
-5.109226
-6.55084
-7.121512
-3.552315
-16.691841
-16.706462
-17.137314
-17.154131
-3.559183
-1.699169
-1.736857
-3.78361
-16.009598
-16.423759
-17.002885
-15.48511
-14.804047
-7.803842
-7.94839
-14.165869
-14.611676
-5.661067
-6.506571
-8.621796
-10.206694
-16.390679
-12.288017
-15.390815
-12.91388
-12.72155
-10.362162
-11.572518
-13.004679
-14.866646
-15.053349
-14.458073
-1.785411
-1.491854
-13.987039
-12.861763
-15.56477
-16.062025
-16.321901
-16.188085
-15.942753
-15.414502
-14.784848
-10.992836
-10.080074
-8.976342
-12.408132
-11.758503
