12.275363
12.650007
12.861548
7.409369
9.060303
8.35445
0.159755
10.965132
11.713425
13.243121
13.120327
12.971863
13.245713
-3.824685
-3.848503
-2.406833
-2.302112
-10.9758
-10.653508
-10.16825
-10.481839
-5.082582
-6.194314
-6.454731
-5.128432
12.825067
7.36934
4.911387
6.356614
-11.171224
-10.537277
-10.384728
-9.418176
-0.59481
10.09178
10.206273
2.1652
9.569142
9.246045
-8.623648
-9.027226
-10.035351
3.986091
3.287457
5.397738
12.378535
12.918672
-7.880832
-7.600678
1.580963
-0.292441
-2.099679
-3.715463
-5.103917
-6.319379
-7.36317
-9.849071
-10.119153
11.794222
11.220942
12.24132
9.803081
10.5387
12.123991
12.697158
12.168078
12.55001
7.513844
8.341935
9.060576
0.470894
10.831761
11.576932
13.13899
12.886135
13.007566
13.139735
-3.428326
-1.896489
-1.993668
-3.447784
-10.92516
-10.565237
-10.356381
-10.706213
-5.80679
-4.700326
-4.67031
-4.768516
-6.120385
12.506986
12.728957
6.421253
5.013873
-10.92443
-10.43238
-10.130377
-9.190113
-0.180676
10.11043
2.42233
9.143993
9.505147
-9.687518
-8.721937
-8.292279
4.175134
3.568793
5.581888
12.863849
12.330357
-7.271822
-7.596454
1.912547
0.083858
-1.688398
-3.235424
-4.731103
-5.95857
-6.984748
11.182919
11.77226
12.171236
9.78348
10.487793
