9.874607
8.818544
8.039347
9.181624
13.943894
13.103293
13.378256
15.805298
15.702314
11.609603
10.83904
10.247893
11.15819
5.226174
7.139762
6.670431
3.680527
15.621751
16.405629
16.470982
3.520344
3.787654
1.694988
1.60249
16.159838
15.786105
14.627712
15.239288
8.021922
13.602334
14.611264
14.171793
5.616338
6.470216
8.63992
10.1713
16.22891
11.965744
12.237753
15.363612
12.688699
12.706603
12.992807
11.559858
10.415933
14.899559
1.748655
1.992458
12.742191
13.858295
15.469874
15.911774
16.097636
15.975831
15.692615
15.212087
14.642902
-0.092819
-0.111343
0.18776
-9.340917
-7.510399
-8.269943
-13.49459
-12.955092
-12.606487
-15.672769
-16.019807
-11.120948
-10.322659
-4.692825
-6.122696
-6.577051
-3.220679
-16.0225
-16.785891
-16.696224
-17.130524
-17.233946
-3.736239
-1.799844
-1.846931
-3.965314
-16.23585
-16.590577
-15.723914
-15.152622
-7.451524
-13.22408
-13.794975
-14.25936
-5.906036
-6.774556
-8.972754
-10.588488
-16.276272
-11.779249
-15.160836
-12.318849
-12.23655
-10.782261
-12.030852
-13.471139
-14.591293
-14.797013
-14.182513
-1.623159
-1.359461
-14.41194
-13.299681
-15.354323
-15.937247
-16.314349
-16.303859
-16.142489
-15.699902
-15.141436
-10.64137
-9.710257
-8.586067
-12.081729
-11.422375
