11.904983
12.296826
12.418825
11.866858
8.865573
8.136232
-1.855235
0.086838
10.65948
11.362544
11.218355
10.495144
12.9782
12.93134
12.755032
13.036972
-3.674474
-3.909055
-2.39208
-11.374604
-11.06887
-10.637196
-10.939592
-5.16418
-6.560398
-5.208232
12.510237
7.172735
4.807135
6.215611
-10.903798
-10.755343
-9.743332
-0.695203
9.737183
9.938515
2.08548
9.327053
8.958327
-8.814472
-9.295857
-10.358659
3.898801
12.344427
12.835129
-8.068271
-7.743896
1.502134
-0.368907
-2.167372
-3.779055
-5.176474
-6.408973
-7.474414
-10.384072
-10.623013
12.176497
12.670746
11.911491
12.394515
12.325085
7.353883
8.137872
8.877941
0.363877
-1.509389
10.595944
11.315345
12.9628
12.737117
12.75653
12.899055
13.000896
-3.288364
-3.538151
-2.022372
-11.283483
-11.00367
-10.82443
-11.08268
-5.887921
-4.790772
-6.413753
-4.86685
-6.22751
12.5374
7.140554
6.279964
4.894426
-10.736715
-10.465738
-9.481173
-0.307022
9.65364
9.890737
2.314881
8.890935
9.289256
-8.965989
-8.465705
4.075098
3.462786
5.466828
12.833497
12.322818
-7.402672
-7.772625
1.80119
-0.032279
-1.800965
-3.341587
-4.825666
-6.053575
-7.093571
9.640935
10.372809
