9.821401
8.790128
8.009766
13.891157
13.052657
13.329821
15.597742
15.536856
11.534058
10.758556
5.259581
7.139184
6.68202
3.741938
15.418875
16.161005
16.236437
3.600158
3.886393
1.769829
1.664375
15.947674
14.503398
15.087186
8.006706
13.579547
14.569262
14.134865
5.666665
6.535509
8.658375
10.185918
16.027645
11.909804
12.178076
15.242185
12.633331
12.654907
12.91191
11.544781
10.396477
14.829785
14.486179
1.829604
2.087861
12.698443
13.756164
15.342108
15.719925
15.872863
15.741849
15.505117
15.045049
14.486683
-0.046278
-0.071785
12.551548
0.305609
-9.003944
-7.964234
-13.216218
-12.650222
-12.320898
-15.409271
-15.760409
-10.78271
-9.967434
-4.451578
-5.872459
-6.290626
-2.994136
-15.827946
-16.62399
-16.501563
-16.968684
-17.094623
-3.756931
-1.796898
-1.828407
-3.965593
-16.150014
-16.462476
-15.597226
-15.085688
-7.16236
-7.170819
-12.933788
-13.525638
-14.024113
-5.920968
-6.764603
-8.980363
-10.56673
-2.736004
-16.065068
-11.453086
-14.921434
-11.980214
-11.915035
-10.795444
-12.021681
-13.466524
-14.357943
-14.564241
-13.92277
-1.438774
-1.203502
-14.37833
-13.254844
-15.126428
-15.692835
-16.086703
-16.120182
-16.018621
-15.625808
-15.100059
-10.368927
-9.438463
-8.329872
-11.807292
-11.148281
