10.961884
11.258117
11.111891
7.012896
8.457554
7.739169
-1.510382
0.301874
9.902098
10.488005
11.546372
11.421235
11.50312
11.34414
-3.242931
-3.453109
-2.005622
-9.836473
-9.532166
-9.159449
-9.435764
-4.683531
-6.042405
-4.730638
11.38914
6.794793
4.651447
5.974973
-10.078698
-9.547618
-9.630974
-8.850567
-0.433382
8.990369
9.306805
2.146658
8.785168
8.385685
-8.165481
-8.592301
-9.452428
3.822917
5.148576
10.683113
10.917741
-7.486915
-7.182022
1.58374
-0.126077
-1.804985
-3.339122
-4.699579
-5.881888
-6.901532
-8.939869
-9.189032
9.133134
10.290403
10.350823
10.616774
6.798646
7.43035
8.149497
0.405249
-1.326354
9.424773
9.941307
10.952123
10.909559
10.809201
10.80566
-3.028843
-3.370763
-1.898555
-2.05126
-3.451119
-9.957505
-9.620808
-9.407238
-9.718195
-5.721684
-4.611274
-4.57765
-5.975886
10.768052
10.776178
6.467207
5.755532
4.497626
-10.117562
-9.680719
-9.666507
-8.882068
10.675504
-0.300154
8.885867
2.169897
7.972511
8.414423
-9.373939
-8.540644
-8.156755
3.744364
3.142077
5.029758
10.612827
10.304604
-7.173207
-7.484403
1.644728
-0.002584
-1.647637
-3.11899
-4.589958
-5.845187
-6.906261
9.940997
10.398554
10.633233
8.785201
9.377721
