10.384001
9.301587
14.263175
13.440431
13.878287
12.111569
11.344647
5.639754
7.63757
7.053646
4.076262
16.456064
16.955177
16.973169
16.544952
3.67323
3.972821
1.862838
1.745211
16.163469
15.74246
14.613125
15.305792
8.451227
8.31473
14.680837
5.754799
6.61131
8.736134
3.667773
16.364639
12.741472
15.723358
13.178188
13.36618
12.902317
11.554141
10.429914
15.319949
15.425679
14.931944
2.028925
2.288313
12.736931
13.790218
15.785497
16.074774
16.196771
16.050453
15.718678
15.18
14.55721
0.058748
0.013819
10.498729
11.426012
9.43942
12.885096
12.21377
0.359843
-9.623233
-8.553385
-13.494547
-13.107779
-12.664772
-13.013454
-11.345538
-10.565179
-4.887419
-6.321769
-6.871605
-3.328516
-16.456395
-16.451551
-16.924847
-16.951449
-3.534783
-1.66619
-1.678541
-3.72921
-15.84287
-16.215953
-16.822238
-15.259385
-14.629647
-7.567347
-7.695534
-13.896028
-5.609415
-6.415011
-8.532517
-10.070952
-2.992556
-16.136768
-11.981697
-15.123449
-12.614091
-12.41485
-10.263834
-11.436836
-12.877961
-15.633665
-14.616351
-14.799452
-14.175458
-1.576801
-1.315655
-13.83543
-12.687327
-15.308275
-15.766974
-16.022666
-15.918304
-15.732026
-15.247865
-14.642514
-10.715106
-9.807291
-8.73104
-12.12193
-11.475062
