10.002798
8.935881
8.164134
14.037632
13.202203
13.499507
15.735296
11.737788
10.969516
5.305256
7.246921
6.758058
3.746351
15.618466
16.380263
16.910903
16.908335
16.452337
3.509204
3.789128
1.71795
1.61141
16.128131
15.7357
14.576418
15.216785
8.125242
8.066437
13.719242
14.667781
14.256479
5.571199
6.438737
8.570837
3.40339
16.227861
12.143072
12.366987
15.397051
12.814152
12.860541
12.896278
11.472226
10.321268
14.934871
15.083073
14.606491
1.804856
2.061854
12.665248
13.780203
15.499089
15.922283
16.084783
15.957487
15.664901
15.161765
14.569622
-0.055374
-0.091838
10.274087
11.212204
9.198569
12.689433
12.015709
0.238448
-9.300009
-8.229025
-13.426714
-12.911642
-12.544035
-15.587897
-11.084251
-10.282441
-4.638991
-6.078371
-6.52698
-3.156335
-15.947768
-16.731404
-16.634188
-17.078014
-17.185052
-3.667464
-1.758125
-1.78373
-3.877653
-16.192017
-16.542345
-17.097834
-15.653292
-15.08206
-7.368214
-7.404229
-13.727652
-14.181878
-5.807787
-6.656706
-8.845905
-10.447585
-2.877081
-16.206034
-11.741994
-15.068649
-12.300631
-12.193304
-10.651396
-11.897509
-13.368942
-14.494253
-14.69948
-14.092682
-1.556163
-1.311118
-14.326143
-13.178658
-15.266057
-15.859004
-16.24093
-16.238091
-16.088493
-15.646235
-15.079601
-10.576585
-9.645551
-8.540601
-12.014906
-11.356475
