10.473961
9.385929
8.78363
14.303386
13.481091
13.973216
16.072984
12.205748
11.438785
5.727594
7.737775
7.117161
4.166419
16.623138
17.119492
17.145903
16.710001
3.751042
4.039937
1.891209
1.788665
16.302205
15.880248
14.742295
15.441891
8.524054
8.357869
14.483101
15.361849
14.840949
6.72361
8.906436
10.400999
16.521842
12.828774
15.919303
13.262254
13.497311
13.050548
11.710775
10.612011
15.528071
15.625686
15.065547
2.061642
2.301339
12.885946
13.927088
15.965715
16.223861
16.362492
16.215137
15.853991
15.313594
14.696011
0.062979
0.036973
10.542116
11.475558
9.479937
12.912909
12.254058
0.325492
0.265683
-9.98725
-8.906161
-13.720025
-13.3889
-12.917263
-15.644326
-11.669166
-10.911868
-5.186861
-6.6105
-7.23958
-3.590563
-15.586639
-16.422972
-16.493061
-16.959692
-16.926823
-1.663252
-1.699207
-3.746505
-15.724919
-16.132486
-15.162668
-14.476179
-7.829689
-8.027147
-14.175688
-14.674869
-6.417776
-8.497652
-10.027204
-16.259973
-12.288874
-15.355213
-12.946304
-12.716799
-11.330658
-12.715723
-14.890544
-15.06118
-14.428407
-1.738074
-1.434753
-13.665043
-12.562427
-15.523735
-15.899083
-16.069524
-15.880534
-15.636316
-15.108514
-14.477894
-10.975651
-10.080954
-8.99269
-12.367382
-11.725996
