12.100688
12.528736
12.885473
7.252213
8.872191
8.226278
0.033388
10.784382
11.513353
13.245543
13.109902
12.880954
13.42999
-3.934084
-3.955725
-2.55858
-2.443871
-11.497856
-11.130233
-10.715588
-11.053161
-5.143137
-6.201927
-6.540771
-5.241739
12.727539
12.427099
7.334134
4.882894
6.298781
-10.977752
-10.796916
-9.731581
-0.74443
10.049177
2.099165
9.418913
9.148463
-8.679241
-9.205422
-10.284379
3.957778
3.238923
5.3208
12.533524
13.225841
-8.000822
-7.668379
1.507485
-0.422531
-2.237394
-3.826738
-5.180439
-6.360547
-7.374337
-10.469709
-10.730346
11.614422
11.020508
12.051646
9.594774
10.328594
12.393405
13.025084
12.177579
12.609806
7.463439
8.32051
9.00008
0.492643
10.802946
11.537942
13.273743
12.941646
13.147778
13.427346
-3.145425
-3.296477
-1.815748
-1.89453
-3.288224
-11.015663
-10.786435
-11.025761
-5.591541
-4.519156
-4.692348
-6.006044
12.517732
12.801843
6.446765
5.085599
-10.678403
-10.35919
-9.306725
-0.114284
10.08397
2.480378
9.161308
9.476686
-8.698981
-8.144961
4.24994
3.636364
5.603864
13.230981
12.564536
-7.123001
-7.511195
1.978819
0.126278
-1.637918
-3.153382
-4.603597
-5.792445
-6.791939
11.133442
11.745896
12.175061
9.721289
10.431741
