10.151577
9.061271
14.151671
13.319671
13.640067
15.865723
11.899003
11.135402
5.364061
7.349741
6.834012
3.778619
16.504852
17.031938
17.030004
16.577182
3.463099
3.7429
1.700066
1.589554
16.798779
16.227155
15.809133
14.609985
15.29117
8.230229
8.153796
13.851164
14.759346
14.364504
5.516747
8.515256
3.430785
16.349433
12.519944
15.509028
12.961188
13.034622
12.868456
11.417346
10.264821
15.021629
15.174978
14.70479
1.813135
2.072151
12.634553
13.779001
15.609425
16.048171
16.209473
16.08226
15.75379
15.219661
14.602034
-0.047394
-0.094132
10.363013
11.305752
9.288673
12.795991
12.115981
0.216111
-9.478082
-8.38921
-13.537436
-13.062911
-12.665759
-13.105546
-11.263171
-10.469472
-4.748383
-6.20001
-6.670057
-3.245322
-16.768317
-16.688735
-17.122576
-17.215424
-3.595779
-1.722955
-1.740238
-3.802299
-16.189772
-16.5621
-17.117917
-15.651535
-15.043111
-7.487671
-7.543474
-13.838699
-5.713328
-6.559198
-8.727751
-10.332229
-2.95547
-16.269468
-16.717347
-11.912464
-15.13758
-12.496686
-12.355564
-10.523193
-11.776523
-13.267862
-15.644167
-14.559367
-14.762763
-14.176517
-1.363494
-14.254376
-13.0861
-15.330779
-15.934158
-16.303811
-16.276526
-16.099849
-15.627172
-15.033504
-10.689864
-9.759691
-8.6621
-12.126163
-11.468833
