11.859679
12.165477
7.347985
8.919372
8.201255
0.318839
10.645028
11.340856
12.505647
12.445101
12.378776
12.307943
-3.543579
-3.569629
-2.137839
-2.046676
-9.970267
-9.662439
-9.18175
-9.47451
-4.760425
-4.804575
-5.90713
-6.147209
-4.834951
12.286959
12.119196
7.194512
4.845426
6.257865
-10.213196
-9.634634
11.976531
-0.40175
9.942175
2.22406
9.348438
8.994922
-8.251616
-8.581496
-9.456323
3.96099
3.297825
5.361409
11.455672
11.814577
-7.523626
-7.27362
1.652946
-0.117284
-1.859665
-3.443511
-4.823262
-6.022733
-7.050806
-8.852082
-9.132628
11.464817
10.936796
11.868747
9.628662
10.307025
11.039928
11.359938
11.645715
7.248286
7.989601
8.708587
8.122427
10.23981
10.883166
12.047956
11.915583
11.952914
11.899311
-3.376133
-1.849538
-1.969913
-3.428161
-10.082845
-9.662242
-9.440052
-9.859547
-5.784238
-4.659085
-4.669281
-4.634786
-6.018316
11.660849
11.790397
6.145959
-10.18779
-9.776713
-9.61349
-8.818002
11.623227
-0.190579
-0.396215
9.604217
2.333996
8.671161
9.067794
-9.317608
-8.489819
-8.16652
1.405487
3.98308
3.384759
5.352047
11.192094
-7.191132
-7.461197
1.815742
0.09313
-1.616902
-3.138167
-4.642512
-5.896922
-6.942006
10.603434
11.098491
11.41554
9.36246
9.989642
