9.908007
8.877863
8.185085
9.309607
13.071323
13.427856
15.793401
15.703858
11.621542
10.84393
10.358859
11.26955
5.381634
6.152284
7.262732
3.879354
15.627886
16.370962
16.443584
3.748218
4.018228
1.826799
1.746563
16.123185
13.9638
14.693092
15.271121
8.08423
13.850111
14.893126
14.351507
6.741279
8.956485
10.451091
12.067546
12.258428
15.510655
12.710918
12.798776
11.81858
15.130439
2.110464
12.949134
13.972731
15.585348
15.903208
16.081708
15.948462
15.6803
15.230312
-0.039811
-0.031155
0.265012
0.199284
-9.507734
-8.930956
-7.775288
-8.458325
-13.524187
-13.031573
-12.668094
-15.603163
-15.817232
-11.220638
-10.438721
-4.882043
-6.280425
-6.816909
-5.680889
-3.372521
-15.754686
-16.546732
-16.537262
-3.779298
-1.805261
-1.877299
-4.022121
-16.312485
-14.152472
-15.433964
-14.847856
-7.639927
-13.394838
-13.921826
-14.457739
-6.805372
-8.968925
-10.538177
-16.228907
-11.698251
-11.868218
-15.257584
-12.425561
-12.325059
-11.894765
-14.764655
-1.668988
-1.367977
-14.127352
-13.084827
-15.438388
-15.864807
-16.126063
-16.034074
-15.852195
-15.40294
-14.848291
-12.14766
