11.323298
11.706288
11.723171
11.183661
8.564524
7.841226
-1.81244
0.085461
10.176988
10.808866
10.582468
9.933922
12.336106
12.205379
12.085565
12.385494
-3.602694
-3.829975
-2.348539
-11.213587
-10.905921
-10.543771
-10.837114
-5.062197
-6.71456
-6.466129
-5.120139
11.919713
6.921137
4.686465
6.037021
-10.76516
-10.691061
-9.706361
9.257054
9.527058
2.043337
8.962915
8.571314
-9.255737
3.815261
12.210849
-8.008136
-7.651311
1.465546
-0.363775
-2.118236
-3.694035
-5.07479
-6.290564
-10.359325
-10.581416
11.631074
12.045832
11.231885
11.037203
11.595711
11.626274
7.058549
7.772663
8.507581
0.322372
-1.49931
10.051668
10.684079
12.208039
12.039864
11.98197
12.06534
12.244518
-3.243396
-3.509119
-2.030929
-11.13247
-10.899767
-10.720396
-10.915095
-4.733498
-6.377309
-4.804122
-6.172664
11.843043
6.812955
6.025869
4.708762
-10.614131
-10.444429
-9.473521
-0.359701
9.103454
9.413327
2.218807
8.435522
8.858068
-8.954208
3.924023
12.151566
11.688395
-7.359965
-7.752503
1.701102
-0.077582
-1.799727
-3.304633
-4.765605
-5.992973
-7.041103
9.249506
