11.344797
11.737533
11.854472
11.326482
7.015953
8.533408
7.855493
-1.820409
0.078918
10.17743
10.812803
10.044322
12.347396
12.327214
12.154039
12.108105
12.437339
-3.600158
-3.798719
-2.337786
-11.126392
-10.785974
-10.437299
-10.746919
-5.004427
-6.663047
-6.405138
-5.091399
11.934802
6.974337
4.713704
6.060884
-10.669725
-10.600275
-9.61013
-0.70183
9.338857
9.531084
2.057805
8.964992
8.623093
-9.136945
-10.168713
3.840839
11.740402
12.238003
-7.914466
-7.55607
1.47753
-0.367731
-2.119762
-3.676601
-5.030706
-6.21387
-10.258555
-10.493618
9.235611
11.567102
12.042101
11.230256
11.688317
11.619981
7.067117
7.806233
8.506938
0.396066
-1.415849
10.055125
10.677184
12.186221
11.978721
12.009791
12.265443
-3.14194
-3.364118
-1.908159
-11.008281
-10.767845
-10.558377
-10.749816
-4.571972
-6.242789
-4.683252
-6.030438
11.820473
6.885784
6.067099
4.774388
-10.478465
-10.306898
-9.319897
-0.255212
9.183115
9.424847
2.294339
8.496393
8.878673
-8.769087
3.986888
3.373073
5.290063
12.152788
11.626218
-7.188737
-7.584491
1.782015
0.010867
-1.697373
-3.182656
-4.624796
-5.834166
-6.862696
10.543357
11.110806
9.214154
9.89081
