9.917335
8.895584
8.212984
9.333695
13.069448
13.439178
15.730226
15.659857
11.62185
10.842386
10.377958
11.289882
5.421764
6.196353
7.293922
3.930306
15.566972
16.289371
16.366944
3.794761
4.072892
1.867334
1.782133
16.050068
13.950302
14.654011
15.22497
8.103864
13.889656
14.920299
14.374035
6.784634
8.984252
10.474727
12.091722
12.264623
15.495573
12.717933
12.819228
11.826914
15.140196
1.932473
2.163581
12.945108
13.941034
15.564258
15.846374
16.01022
15.872045
15.617888
15.173492
-0.013778
-0.007352
0.317337
0.259446
-9.417332
-7.701688
-8.379635
-13.432123
-12.940711
-12.578212
-15.502054
-15.703208
-11.123374
-10.337506
-4.820639
-6.214555
-6.747985
-5.611917
-3.309749
-15.654784
-16.463157
-16.451151
-3.778469
-1.797877
-1.86426
-4.013421
-16.235963
-14.08086
-15.352797
-14.783081
-7.567679
-13.319712
-13.843
-14.39511
-6.785688
-8.949281
-10.502334
-16.148393
-11.604228
-11.773342
-15.180315
-12.332066
-12.230514
-11.854794
-14.696596
-14.204269
-1.60708
-1.313783
-14.072178
-13.027776
-15.363885
-15.770259
-16.024957
-15.938752
-15.77466
-15.339716
-12.060855
