10.349662
9.273846
8.63031
14.227413
13.402846
13.849396
15.941385
12.075327
11.306644
5.639296
7.623802
7.037989
4.08661
16.487031
16.988126
16.573768
3.716184
4.00942
1.873361
1.765083
16.192544
15.781998
14.660713
15.33885
8.427775
8.288343
14.296287
15.182841
14.691728
5.829467
6.672684
8.826654
10.330694
16.387992
12.704816
15.756369
13.142757
13.334525
12.982766
11.643275
10.530064
15.363912
15.466688
14.94
2.027127
2.276216
12.814515
13.85554
15.814146
16.091692
16.224707
16.079097
15.748508
15.222289
14.613006
0.050545
0.018866
10.47344
11.402739
9.411288
12.847983
12.184702
0.34343
-9.713523
-8.644553
-13.558911
-13.176107
-12.734744
-15.544597
-11.420203
-10.646623
-4.975961
-6.401171
-6.974796
-3.411322
-15.610477
-16.445153
-16.463956
-16.935686
-16.944051
-3.567038
-1.683203
-1.710664
-3.773809
-15.809826
-16.190155
-15.23924
-14.599292
-7.637754
-7.786128
-13.979703
-6.466547
-8.577995
-10.115287
-3.046679
-16.177795
-12.052876
-15.20647
-12.683415
-12.487611
-11.458719
-12.867913
-14.716678
-14.895893
-14.261531
-1.633181
-1.353845
-13.81108
-12.692165
-15.385795
-15.809591
-16.036992
-15.907346
-15.70529
-15.213722
-14.608357
-10.790772
-9.887428
-8.800957
-12.193128
-11.547745
