10.531854
9.440043
8.855549
14.338212
13.517486
14.030767
16.115951
12.264189
11.49769
5.774165
7.794358
7.158637
4.210867
16.656033
17.148681
17.178039
16.744414
3.771957
4.06178
1.90735
1.804883
16.326419
15.899663
14.761055
15.469514
8.571578
8.393382
14.569034
15.437795
14.907181
6.748276
8.935875
10.426585
16.559713
12.886024
15.979428
13.317712
13.573606
13.063715
11.730504
10.636824
15.593532
15.686428
15.1185
2.088065
2.326216
12.905614
13.941435
16.020152
16.262829
16.398916
16.249545
15.87901
15.332652
14.710673
0.075485
0.049749
10.575377
11.508657
9.514637
12.94297
12.285138
0.332793
0.267628
-10.068244
-8.984896
-13.756857
-13.447027
-12.962869
-15.655354
-11.740006
-10.987713
-5.249088
-6.672039
-7.320636
-3.639972
-15.552902
-16.39455
-16.482567
-16.950811
-16.90298
-1.65118
-1.687519
-3.727854
-15.677937
-16.092748
-15.113283
-14.412678
-7.884015
-8.098981
-14.228009
-6.386708
-8.454187
-9.97668
-16.26957
-12.35532
-15.388375
-13.024473
-12.780316
-11.265126
-12.643049
-14.934389
-15.101439
-14.46753
-1.75989
-1.450613
-13.593681
-12.493985
-15.553728
-15.908088
-16.056551
-15.847272
-15.591743
-15.053267
-14.414339
-11.023241
-10.132237
-9.046216
-12.410169
-11.770566
