12.182442
12.623511
13.026716
7.26362
8.896089
8.258605
0.00593
10.845591
11.584956
13.380503
13.243078
12.986032
13.604314
-3.977796
-3.99669
-2.600653
-2.485658
-11.655777
-11.281096
-10.866498
-11.210016
-5.182913
-6.238752
-6.584889
-5.28802
12.828948
12.50574
7.374934
4.899723
6.321527
-11.113372
-10.910151
-9.817394
-0.776445
10.100414
2.092084
9.461873
9.203961
-8.723513
-9.263482
-10.363341
3.966957
3.241467
5.330647
12.68833
13.423958
-8.048018
-7.71084
1.497771
-0.452406
-2.278449
-3.870991
-5.222606
-6.400995
-7.413033
-10.622083
-10.883096
11.665569
11.063941
12.1128
9.621541
10.363577
12.573905
13.230507
12.323088
12.771002
7.513708
8.389947
9.064658
0.50023
10.910938
11.662839
13.46478
13.106042
13.340147
13.649439
-3.15303
-3.284949
-1.805918
-1.878029
-3.268408
-11.149173
-10.917875
-11.14613
-5.57166
-4.503894
-4.698411
-6.003648
12.657617
12.966362
6.502661
-10.770407
-10.426147
-9.347007
-0.096869
10.177735
2.507442
9.256196
9.559516
-8.711472
-8.137955
4.293383
3.678556
5.650333
13.456793
12.755764
-7.112704
-7.5101
2.008128
0.138085
-1.635255
-3.152788
-4.599238
-5.78103
-6.77444
11.226146
11.852136
12.298127
9.792768
10.513024
