11.507599
11.815561
11.719707
11.245662
7.216151
8.756957
8.00462
-1.577905
0.282536
10.362659
11.015015
10.077422
12.200867
12.050548
12.110547
12.010564
-3.349306
-3.585655
-2.090011
-10.190214
-9.907463
-9.465729
-9.741993
-4.853039
-5.968233
-6.212155
-4.871092
11.965912
7.000327
4.746052
6.126303
-10.389814
-9.86838
-9.864763
-9.040175
-0.457906
9.397672
9.695697
2.163502
9.128299
8.7194
-8.399413
-8.776771
-9.682197
3.880637
11.332198
11.603811
-7.65753
-7.376594
1.595482
-0.155228
-1.883403
-3.465929
-4.85998
-6.081113
-7.134323
-9.185478
-9.438557
9.475259
10.967918
11.057073
11.242129
11.357604
7.085853
7.773706
8.52035
0.387293
-1.406507
9.978499
10.592048
11.780364
11.696592
11.614978
11.629756
-3.155896
-3.501843
-1.981766
-2.12659
-3.574942
-10.302193
-9.940148
-9.74916
-10.105494
-5.899515
-4.775865
-4.733853
-6.134878
11.483228
11.529611
6.753234
5.987047
4.646426
-10.378942
-9.979717
-9.858811
-9.050947
-0.324518
9.363778
2.214373
8.393049
8.836044
-9.567717
-8.712417
-8.351067
3.860493
3.258296
5.222034
11.394158
11.065154
-7.338154
-7.636504
1.690305
-0.025371
-1.729208
-3.248288
-4.750316
-6.013969
-7.078427
10.478564
10.991263
11.273887
9.208313
9.855593
