11.353564
11.66338
11.590616
7.147611
8.655277
7.929214
-1.566991
0.281
10.225761
10.859714
12.019801
11.894177
11.928288
11.846046
-3.324018
-3.54262
-2.068315
-10.083133
-9.78217
-9.366931
-9.649293
-4.789281
-5.877522
-6.148303
-4.826773
11.80409
6.957771
4.726856
6.088885
-10.308178
-9.764821
-9.786121
-8.968431
-0.456626
9.305518
9.581083
2.160751
9.026253
8.637785
-8.292609
-8.694072
-9.585811
3.871333
3.212713
5.228897
11.137367
11.430726
-7.584419
-7.294187
1.593095
-0.153321
-1.867119
-3.428959
-4.803744
-6.002226
-7.034703
-9.108464
-9.364174
9.353767
10.014394
10.766952
10.857589
11.148844
7.005535
7.686577
8.413115
0.41652
-1.356668
9.82218
10.404675
11.544942
11.457274
11.401811
11.414981
-3.08617
-3.41384
-1.916298
-2.057098
-3.482186
-10.180115
-9.825836
-9.618161
-9.956349
-5.786167
-4.671255
-4.648562
-6.040557
11.256825
11.312655
6.697751
5.935738
4.627981
-10.292891
-9.861998
-9.769945
-8.95923
11.220881
-0.282002
9.2315
2.227975
8.294282
8.72245
-9.45926
-8.604481
-8.226862
3.850516
3.248135
5.179145
11.18832
10.839946
-7.231634
-7.537104
1.705618
0.010692
-1.67184
-3.170012
-4.655545
-5.909622
-6.965885
10.299681
10.791701
11.067044
9.075283
9.699474
