9.674273
8.635749
7.831306
8.930331
13.186262
15.747926
15.611718
11.406944
10.633018
9.97327
10.876176
5.097613
5.781693
6.968055
3.570827
15.571577
16.382324
16.439663
3.519128
3.773228
1.660446
1.582255
16.154406
13.830717
14.65612
15.225363
7.861877
12.548239
13.390146
14.473394
14.012638
5.642914
6.486597
8.689275
10.217762
11.684014
12.036361
15.259734
12.49352
12.460568
13.079769
11.636128
10.494731
14.792729
1.668288
1.900237
12.804449
13.922153
15.375544
15.847543
16.05883
15.944233
15.684026
15.235678
14.696787
-0.142106
-0.141742
0.134661
0.091995
-9.281373
-7.440393
-8.215098
-13.511509
-12.922732
-12.608501
-15.734156
-16.103604
-11.066349
-10.265784
-4.673128
-6.092476
-6.531616
-3.225935
-16.120986
-16.859718
-16.758606
-3.831449
-1.856948
-1.926011
-4.079432
-16.321819
-16.671052
-15.838297
-15.285235
-7.412288
-13.169492
-13.797259
-14.273049
-6.041131
-6.932846
-9.154167
-10.78969
-16.327181
-11.457383
-11.73043
-15.211127
-12.236929
-12.197481
-10.980131
-12.239068
-13.652305
-14.637225
-14.222883
-1.661039
-1.384823
-14.571484
-13.49424
-15.404257
-15.994824
-16.388927
-16.392926
-16.234247
-15.805505
-15.266583
-12.092136
