11.341964
11.645002
11.436177
10.947433
7.910946
-1.581704
0.271007
10.239708
10.871117
10.417149
9.831014
12.061021
11.722542
11.838455
11.849706
-3.358961
-3.621624
-2.114541
-10.334445
-10.081788
-9.648991
-9.908527
-4.907341
-6.481065
-6.275413
-4.902995
11.817208
7.675045
6.884812
4.686977
6.05523
-10.491474
-10.014343
-10.016016
-9.188423
9.197909
9.586268
2.128952
9.031486
8.569411
-8.542243
-8.930014
-9.855193
3.830841
11.309757
11.49455
-7.769676
-7.476356
1.563754
-0.168953
-1.892284
-3.485306
-4.901166
-6.150772
-7.23354
-9.38673
-9.620344
10.972168
11.287197
10.925498
11.006274
11.234949
7.010081
7.659974
8.438658
0.298617
-1.496162
9.862334
10.468871
11.675317
11.63588
11.450458
11.498467
-3.255429
-3.641196
-2.110896
-10.46821
-10.135894
-9.976034
-10.307122
-6.050935
-4.921082
-4.847361
-6.268547
11.428253
6.613951
5.893602
4.545697
-10.509885
-10.145784
-10.044542
-9.241068
-0.44377
8.819152
9.252073
2.11815
8.236156
8.722901
-9.780709
-8.916838
-8.548648
3.770217
5.145846
11.311764
11.044498
-7.502058
-7.810636
1.588393
-0.128496
-1.837693
-3.367296
-4.879396
-6.157664
-7.24204
9.161593
