9.948684
8.906553
8.157851
13.972872
13.137794
13.454756
15.684635
15.631967
11.664451
10.890649
5.350013
7.25516
6.767561
3.82355
15.504428
16.23585
16.314128
3.62568
3.914005
1.794154
1.687461
16.003456
14.537683
15.144597
8.108051
13.749217
14.712565
14.266511
5.701439
6.564984
8.693451
10.215914
16.11124
12.094883
12.3051
15.362131
12.756188
12.818032
12.923993
11.563212
10.422624
14.954069
15.080043
14.593411
1.876979
2.133683
12.721579
13.775781
15.452251
15.806627
15.954091
15.819532
15.560602
15.084198
14.513021
-0.022624
-0.050358
10.241266
11.168842
12.623883
11.958316
0.315968
-9.166338
-8.119744
-13.293047
-12.770282
-12.414306
-15.437766
-15.748153
-10.928824
-10.12302
-4.570412
-5.992792
-6.446463
-3.087859
-15.775811
-16.581462
-16.491177
-16.959608
-17.05869
-3.710083
-1.768915
-1.798566
-3.917533
-16.070627
-16.398658
-15.512735
-14.971466
-7.270517
-7.311003
-13.081073
-13.627914
-14.125636
-5.854994
-6.690854
-8.882217
-10.456865
-2.806159
-16.088776
-11.590477
-14.983676
-12.142244
-12.045886
-10.675404
-11.886593
-13.324744
-14.436774
-14.636851
-13.997537
-1.481157
-1.236526
-14.244683
-13.120627
-15.182917
-15.717284
-16.073204
-16.069469
-15.945122
-15.529434
-14.984885
-10.463973
-9.539712
-8.437006
-11.894017
-11.238165
