10.339705
9.255402
14.24268
13.418164
13.832654
12.07135
11.305162
5.585431
7.581462
7.010934
4.017138
16.465918
16.970515
16.984496
16.55157
3.630165
3.925973
1.830137
1.713677
16.176144
15.755301
14.611628
15.302646
8.408633
8.284008
14.618529
5.705387
6.564688
8.689755
3.620822
16.36194
12.699424
15.680818
13.136968
13.302313
12.893514
11.524498
10.394382
15.260293
15.375586
14.887344
1.986169
2.245739
12.714566
13.786455
15.750646
16.069993
16.19953
16.056991
15.725588
15.187301
14.565039
0.037916
-0.007755
10.473001
11.403339
9.410782
12.869027
12.195743
0.331521
-9.593565
-8.519791
-13.50235
-13.09835
-12.6642
-13.031072
-11.32871
-10.545601
-4.858516
-6.296599
-6.830185
-3.310693
-16.518869
-16.498756
-16.964181
-17.004264
-3.545632
-1.676815
-1.689733
-3.742146
-15.912522
-16.285442
-16.881627
-15.337726
-14.712194
-7.550729
-7.66421
-13.883479
-5.628349
-6.441747
-8.569385
-10.120983
-2.984484
-16.162616
-11.967499
-15.124806
-12.590552
-12.402532
-10.313622
-11.502924
-12.95491
-15.634559
-14.603153
-14.790363
-14.174254
-1.324637
-13.918691
-12.765751
-15.311394
-15.799717
-16.078616
-15.989978
-15.805782
-15.323858
-14.720635
-10.709132
-9.796778
-8.71658
-12.1219
-11.472927
