9.943845
8.905149
8.151566
13.969568
13.13527
13.449544
15.637024
15.595639
11.655668
10.881303
5.354458
7.2557
6.771666
3.83096
15.456356
16.178797
16.259502
3.629893
3.923428
1.805501
1.693992
15.95364
14.50085
15.105426
8.108507
8.047264
13.737831
14.690121
14.253472
5.691804
6.561694
8.673666
10.197856
3.472112
16.064301
12.088994
12.299585
15.32744
12.751305
12.81196
12.887952
11.537651
10.393286
14.926589
15.049195
14.578015
1.89203
2.154144
12.693208
13.739197
15.417647
15.763047
15.901499
15.765058
15.5154
15.040263
14.468134
-0.0121
-0.044437
10.240886
11.164809
9.172658
12.621789
11.954016
0.342716
-9.074471
-8.033901
-13.221072
-12.691136
-12.339136
-15.373929
-15.693272
-10.84099
-10.029969
-4.498631
-5.921503
-6.361368
-3.020965
-15.740712
-16.553804
-16.450496
-16.925665
-17.034307
-3.707196
-1.764777
-1.787683
-3.907634
-16.064065
-16.381704
-15.495144
-14.968743
-7.201857
-7.23053
-13.55228
-14.052939
-5.848509
-6.677854
-8.874723
-10.444227
-2.75537
-16.036939
-11.506066
-14.914982
-12.055281
-11.962142
-10.672247
-11.882594
-13.32974
-14.364552
-14.565857
-13.923829
-1.195911
-14.247408
-13.113917
-15.117966
-15.658577
-16.025707
-16.037704
-15.929456
-15.525835
-14.988099
-10.389902
-9.464506
-8.367235
-11.820869
-11.164638
