9.681372
8.666983
7.879293
8.965228
12.942059
13.197904
15.5444
15.464067
11.388541
10.609539
9.992953
10.899069
5.189774
5.875545
7.033142
6.598168
3.69225
15.373059
16.126845
16.198073
3.631464
3.909765
1.765679
1.671082
15.927659
13.765551
14.524508
15.072846
7.900685
13.458955
14.504124
14.042569
5.724893
6.583671
8.732725
10.253538
11.720601
12.035393
15.18019
12.495452
12.489918
12.988852
11.629198
10.486969
14.778774
1.793942
2.042524
12.765097
13.809453
15.282645
15.663023
15.83116
15.703322
15.487205
15.054662
-0.071979
-0.081253
0.284116
-8.963685
-7.159947
-7.931639
-13.216361
-12.619889
-12.31404
-15.429487
-15.780448
-10.737691
-9.921866
-4.447413
-5.856548
-6.271997
-3.003813
-15.853973
-16.637936
-16.515402
-3.830405
-1.837631
-1.886803
-4.052935
-16.478233
-14.405189
-15.635509
-15.138313
-7.150607
-12.900081
-13.527814
-14.044919
-6.022316
-6.879339
-9.108143
-10.701169
-16.0835
-11.12951
-11.4115
-14.955423
-11.916777
-11.88052
-10.928335
-12.151311
-13.56595
-14.398526
-14.605377
-13.949525
-1.460858
-1.213792
-14.45423
-13.363288
-15.159257
-15.711077
-16.103741
-16.139933
-16.041076
-15.659955
-15.150251
-10.367689
-9.437392
-11.80749
-11.147682
