10.805349
11.106294
10.898045
10.437744
8.385973
7.64632
-1.535645
0.273271
9.777311
10.343884
9.943698
9.409796
11.436471
11.132344
11.255317
11.405904
11.247333
-3.271921
-3.496404
-2.045887
-10.02482
-9.735688
-9.381485
-9.649073
-4.732492
-6.347113
-6.102138
-4.771439
11.257327
6.700861
4.601826
5.911215
-10.237579
-9.72455
-9.808089
-9.010068
8.824655
9.196517
2.110096
8.685812
8.254909
-8.27951
-8.734066
-9.619908
3.780588
10.68559
10.87903
-7.588708
-7.266006
1.548152
-0.156838
-1.83292
-3.370319
-4.741321
-5.939035
-9.187566
-9.420595
10.330877
10.247824
10.305362
10.528185
6.731424
7.338809
8.075536
0.342358
-1.389599
9.328491
9.837346
10.887948
10.866359
10.701481
10.746175
-3.095199
-3.453195
-1.981853
-10.13837
-9.836669
-9.643013
-9.917071
-4.689975
-6.235345
-4.649356
-6.056612
10.70554
6.36942
5.687602
4.432275
-10.273082
-9.841951
-9.840629
-9.041814
-0.378815
8.362099
8.793932
2.106609
7.854131
8.321555
-9.544957
-8.688872
-8.279869
3.687611
3.082755
4.97453
10.603023
10.320105
-7.271069
-7.60016
1.578474
-0.07298
-1.720283
-3.194109
-4.665135
-5.925107
-6.996843
9.922435
10.397163
8.736766
9.347165
