10.041664
8.967561
8.241938
9.417981
14.047906
13.210136
13.544202
16.000234
15.887008
11.786464
11.018573
10.50471
11.418437
5.3387
6.114917
7.28875
6.773092
3.779535
15.817091
16.602047
16.666804
3.558605
3.818869
1.712099
1.627927
16.319211
15.929036
14.74309
15.385161
8.149188
13.847604
14.847249
14.369167
5.696741
6.530227
8.740727
10.260237
16.41908
12.209989
12.404927
15.585167
12.849687
12.923692
13.086075
11.647342
10.522393
15.118382
1.787264
2.017868
12.837317
13.958467
15.677196
16.099128
16.294722
16.17136
15.844557
15.343658
14.762517
-0.080146
-0.090976
0.155297
0.096629
-9.723033
-7.925217
-8.633742
-13.725655
-13.255601
-12.865937
-15.822902
-16.094541
-11.471171
-10.69534
-4.985396
-6.414115
-6.943218
-3.470894
-16.007022
-16.77008
-16.749452
-17.174518
-17.22272
-3.687138
-1.773717
-1.832825
-3.928793
-16.132588
-16.526069
-15.634523
-14.997964
-7.786486
-13.567233
-14.070424
-14.533062
-5.840329
-6.71071
-8.866445
-10.474445
-16.399481
-11.978758
-12.111666
-15.372291
-12.687375
-12.559683
-10.637362
-11.864103
-13.273185
-14.834693
-15.029253
-14.419179
-1.773557
-1.476668
-14.224604
-13.133924
-15.550877
-16.072611
-16.374638
-16.283736
-16.062915
-15.569245
-14.97523
-10.902737
-9.982764
-12.329485
-11.675288
