11.931588
12.286248
12.329165
11.80668
7.314317
8.931401
8.18148
-1.741404
0.178936
10.699672
11.404885
11.189381
10.489686
12.853103
12.739473
12.663952
12.656264
12.79327
-3.550977
-3.793949
-2.270273
-10.901102
-10.61228
-10.148085
-10.438959
-5.067681
-6.199557
-6.444456
-5.089662
12.473249
7.176527
4.81865
6.235957
-11.063504
-10.49234
-10.382703
-9.448223
-0.582938
9.742919
9.976932
2.134592
9.368766
8.981422
-8.681853
-9.090849
-10.09002
3.916782
12.087611
12.490888
-7.91644
-7.624353
1.556712
-0.271332
-2.053901
-3.668532
-5.075061
-6.314008
-7.383331
-9.856184
-10.105652
11.829272
12.294559
11.766755
12.139829
12.135935
7.337152
8.098144
8.848971
0.377428
-1.479737
10.510118
11.214343
12.697496
12.522961
12.508962
12.641667
-3.260932
-3.556726
-2.021348
-2.147529
-3.605596
-10.906497
-10.572652
-10.393152
-10.720682
-5.947413
-4.832444
-4.849012
-6.229069
12.330747
7.069603
6.230996
4.836898
-10.897914
-10.454921
-10.216387
-9.311231
-0.313518
9.545423
9.820774
2.290899
8.817921
9.234839
-9.831198
-8.8846
-8.463538
4.020755
3.41375
5.425256
12.418705
11.985335
-7.4177
-7.745693
1.772971
-0.027475
-1.785668
-3.332809
-4.836892
-6.084589
-7.136239
10.987665
11.572503
9.590935
10.299093
