10.609352
9.521897
14.419715
13.599095
14.130116
12.34275
11.568699
5.846183
7.875381
7.23275
4.278147
16.621561
17.094015
17.121883
16.71349
3.828263
4.130989
1.969845
1.85539
16.30073
15.867979
14.763715
15.485774
8.651712
8.466329
14.695354
15.009719
5.956108
6.799093
8.953772
10.457926
16.550474
12.974633
16.041352
13.408334
13.683528
13.046859
11.744585
10.634152
15.670649
15.735528
15.193393
2.150919
2.401956
12.919968
13.931845
16.06244
16.276046
16.390016
16.232449
15.871925
15.316146
14.678178
0.127198
0.089738
10.651787
11.578725
9.591883
13.018977
12.354831
0.4041
0.359337
-9.924254
-8.852419
-13.662431
-13.34926
-12.86223
-11.612221
-10.843698
-5.125147
-6.555123
-7.184366
-3.515201
-16.396179
-16.469446
-16.946526
-16.910701
-1.627454
-1.648321
-3.698385
-15.713406
-16.108225
-15.125276
-14.441879
-7.775354
-7.973288
-14.150519
-6.355478
-8.441171
-9.958468
-3.119892
-16.245145
-12.238166
-15.349931
-12.915666
-12.666743
-11.267577
-12.668957
-15.821031
-14.880692
-15.03764
-14.382794
-1.653353
-1.361729
-13.624102
-12.498512
-15.512192
-15.879425
-16.035261
-15.838896
-15.609638
-15.08871
-14.454214
-10.916321
-10.017583
-8.939598
-12.309887
-11.666508
