10.698159
8.960961
12.407997
15.101602
14.82558
13.803041
12.323685
14.622689
7.256929
1.538836
3.614704
10.539694
3.805587
2.068488
5.444449
13.526875
0.71542
0.550963
10.431155
12.080028
-0.62976
4.631298
4.9607
2.532365
2.293914
-0.093195
8.861948
10.692859
14.805023
14.645586
13.747951
12.373353
14.185025
8.64725
6.708359
-0.144201
6.982853
-0.644583
-11.794712
-10.207744
-13.385504
-15.665769
-15.295086
-8.612064
-2.866311
-5.027063
-10.734494
-3.418946
-5.222267
-6.848737
-14.377691
-2.035077
-1.856302
-13.075993
-11.551796
-4.771705
-2.53743
-2.66477
-5.01299
-10.921233
-8.98869
-15.184871
-15.511645
-12.726206
-14.162405
-15.054678
-6.809243
-8.765005
-7.036635
