10.750756
9.043501
12.460799
15.226958
14.958977
13.938515
12.461451
14.730399
7.352322
1.577288
3.678882
10.675958
3.856549
2.095831
5.529983
13.631355
0.723232
0.566848
10.521616
12.175013
-0.624469
4.728034
5.042281
2.596913
2.370231
-0.014389
8.996035
10.842967
14.953172
14.806453
13.909199
12.531816
14.323422
8.77528
6.82214
-0.071382
7.095265
-0.646785
-11.838496
-10.259193
-13.428896
-15.318328
-15.731694
-12.645719
-14.216657
-15.381733
-8.664982
-5.061992
-10.764138
-3.440539
-5.255821
-6.897162
-14.477962
-2.048981
-1.854917
-13.16987
-4.725903
-2.469476
-2.573512
-4.946227
-10.954655
-8.996974
-15.252211
-15.602867
-12.766609
-14.213559
-15.17617
-6.792932
-8.774378
-7.013231
