9.097964
10.81127
9.040213
12.511478
15.18641
14.842859
13.808317
12.321966
14.844425
7.261048
10.525657
3.801991
2.113635
7.295521
5.510501
13.934449
13.789805
0.776499
0.634627
0.596085
4.62069
2.341248
8.953384
10.836395
15.103369
14.869551
13.945162
12.547969
8.608555
6.664917
-0.008859
7.035025
-0.533874
-0.526009
-10.123619
-11.750588
-10.106551
-13.33081
-15.124551
-15.611783
-12.416733
-13.982897
-15.344525
-8.393647
-10.556271
-3.205889
-4.964482
-6.702654
-8.457156
-14.591143
-14.492681
-1.86171
-1.701931
-1.674281
-4.593094
-2.37841
-4.910789
-10.845514
-8.900399
-15.226999
-15.632437
-12.653551
-14.138232
-6.623132
-8.58253
-6.930642
