11.553114
10.093447
11.722013
8.322241
1.257029
-1.401901
-3.615528
-5.326001
3.980031
13.232713
-6.591496
15.211499
15.48238
13.106093
14.413576
6.239567
6.382882
15.388175
15.413668
15.249282
-8.025484
-8.056489
-7.547433
-6.666429
1.518047
-1.168615
-3.481495
-5.296325
-7.40172
-7.843164
-7.811573
-8.044241
14.967769
14.79709
10.892109
9.292325
11.051885
7.486184
-1.971282
0.529084
-5.734662
-4.106277
3.136821
12.725026
-6.898315
15.274983
14.946289
14.105203
12.679157
5.38291
5.497141
15.21754
15.245094
15.052031
-8.065421
-8.000099
-8.345641
-6.982245
-7.786278
-1.783256
0.729412
-5.71111
-3.956748
-7.991106
-7.639707
-8.198248
