10.784908
12.632781
8.810794
1.385488
-1.356629
-3.655587
-5.462718
4.184574
14.353126
16.454932
-6.836547
16.51054
16.809562
15.662397
15.704615
6.58373
6.65787
16.692941
16.596404
8.78992
16.332237
-8.396415
-8.573529
-8.631855
-8.28399
-8.58886
-7.72898
-6.754222
1.641099
-1.102312
-3.465815
-5.331263
-7.754328
-8.267095
-7.959321
-8.315976
16.274748
9.930154
11.895238
7.985169
-1.885676
0.688622
-5.802506
-4.093205
3.363683
13.779343
-7.05637
16.695656
16.282893
15.283764
15.317053
5.802098
16.669948
16.572709
7.927651
-8.304208
-8.166328
-8.619092
-8.52004
-7.022864
-7.924204
-1.706382
0.81828
-5.686441
-3.903513
3.428919
-8.267192
-7.884371
-8.389841
