10.956717
9.216868
12.673663
15.413415
15.101417
14.065369
12.576571
14.985972
7.463668
10.772384
3.936767
2.207597
7.494014
5.688988
5.617088
14.120716
13.918656
0.852214
0.702702
12.468674
-0.488929
4.785941
5.142958
2.695136
2.44714
0.087943
9.134885
11.011344
15.257018
15.042931
14.114473
12.717788
14.735051
8.845111
6.87731
0.036037
7.210267
-0.499052
-11.828727
-10.200605
-13.424025
-15.247763
-15.694276
-12.549967
-14.124741
-15.394414
-8.525784
-10.670099
-3.255261
-5.050796
-6.710397
-6.816437
-8.574686
-14.695731
-14.531769
-1.87738
-1.700348
-13.25413
-4.619378
-2.365768
-2.507189
-4.898546
-10.906877
-8.951867
-15.247973
-15.645513
-12.713745
-14.181245
-15.316791
-6.689569
-8.677207
-6.964318
