10.48337
12.207587
8.637193
1.390835
-1.293798
-3.527512
-5.261009
4.143391
13.818469
-6.553391
15.912473
16.169615
13.733193
15.099331
15.095002
6.503439
6.5705
16.032941
15.965609
8.606841
15.698985
-7.950692
-8.227401
-8.303557
-7.892337
-8.283196
-7.473116
-6.568963
1.614683
-1.074007
-3.382272
-5.19357
4.235135
-7.394623
-7.838408
-7.639719
-7.988403
15.598895
9.612094
11.451375
7.758405
-1.860548
0.657126
-5.65813
-4.0123
3.277506
13.228913
-6.844379
15.998846
15.64223
14.647004
14.737855
13.230937
5.626431
5.654024
15.937877
15.870211
7.690574
-7.933225
-7.815393
-8.332962
-8.239155
-6.885192
-7.708636
-1.674482
0.814327
-5.590196
-3.837323
3.36263
-7.935379
-7.603761
-8.125216
