10.724794
8.988381
12.433421
15.137875
14.853913
13.830027
12.350068
14.674661
7.276149
3.633449
10.563994
3.815226
2.080526
5.56296
5.461076
13.58404
0.726084
0.566237
12.135469
-0.614975
4.648384
4.982443
2.554942
2.315145
-0.060337
8.900394
10.741554
14.875257
14.707656
13.806249
12.427936
14.274082
8.666484
6.724179
-0.111517
7.011769
-0.628951
-11.796869
-10.203267
-13.386198
-15.253084
-15.67053
-12.586524
-15.318055
-8.591438
-4.998573
-10.715278
-3.392845
-5.192218
-6.819547
-6.952792
-14.412362
-2.012998
-1.834055
-13.112879
-4.738237
-2.502487
-2.632743
-4.986356
-10.916905
-8.977985
-15.203118
-15.545324
-12.723559
-14.168466
-15.112464
-6.780301
-8.741402
-7.017587
