10.56387
12.304457
8.708568
1.413059
-1.252864
-3.4572
-5.162
4.154782
13.965408
16.004486
-6.43221
16.192457
16.432782
15.361293
15.283935
6.572168
16.252169
16.101459
8.599997
15.764944
-7.71872
-7.993446
-8.02117
-7.630999
-7.966037
-7.347683
-6.475854
1.587139
-1.064743
-3.34123
-5.123114
4.170029
-7.259495
-7.668906
-7.393405
-7.8191
15.768769
9.659163
11.513897
7.797862
-1.827021
0.674773
-5.581731
3.280095
13.341148
15.686877
-6.752224
16.249162
15.902576
14.808292
14.976778
5.639294
16.159735
16.014551
7.65117
-7.6811
-7.533675
-8.046183
-8.004864
-6.818046
-7.61062
-1.646404
0.813164
-5.530778
-3.786031
3.320754
-7.772724
-7.490154
-7.970184
