8.981779
10.6634
8.894739
12.354421
15.015231
14.679933
13.652924
12.172693
14.673453
7.133831
10.38776
3.715039
2.028002
7.186525
5.415404
13.76299
13.609158
0.690374
0.547852
0.507848
4.531157
2.265306
8.819914
10.69132
14.904656
14.693778
13.78499
12.396466
8.486693
6.558958
-0.076454
6.915423
-0.613349
-0.608322
-10.149878
-11.725165
-10.097223
-13.297731
-15.109915
-15.596507
-12.410485
-13.9716
-15.317563
-8.407041
-10.556666
-3.271238
-5.024991
-6.7557
-8.499692
-14.555294
-14.45048
-1.933323
-1.772621
-1.750023
-4.633563
-2.432486
-10.843764
-8.901939
-15.218868
-15.605031
-12.654274
-14.135454
-6.64657
-8.592012
-6.9415
