10.234172
11.855012
8.495645
1.39583
-1.237016
-3.410874
-5.077513
4.106955
13.379642
-6.29742
15.438803
15.65844
13.323517
14.652546
14.598562
6.44062
6.493211
15.498956
15.445079
8.446713
15.166305
-7.541594
-7.90177
-7.986683
-7.526005
-7.980882
-7.240198
-6.400933
1.586
-1.050902
-3.307886
-5.069165
4.18226
-7.071492
-7.451891
-7.336419
-7.687952
15.044127
9.345326
11.079639
7.568149
-1.836646
0.630598
-5.52659
-3.937685
3.202415
12.773208
-6.653083
15.437087
15.129815
14.124581
14.275083
12.821335
5.48879
5.523874
15.342107
15.289184
7.481241
-7.584983
-7.480494
-8.051342
-7.968791
-6.761198
-7.513944
-1.64571
0.808924
-5.502736
-3.776343
3.298471
-7.632415
-7.351072
-7.880247
