11.361226
9.615425
13.100726
15.885602
15.544917
14.48819
12.983035
15.472338
7.807444
11.147654
4.168764
2.438795
7.784975
5.940102
5.90158
14.585139
14.434766
1.083746
0.940004
12.98694
0.901934
-0.273731
5.030657
5.416953
2.919712
2.660991
0.29265
9.511776
11.427271
15.830937
15.550045
14.577924
13.155542
9.174558
7.162892
0.238961
7.543045
-0.279923
-11.895468
-10.219662
-13.50915
-15.276827
-15.736894
-12.548364
-14.137091
-15.483509
-8.471452
-10.650939
-3.062582
-4.86676
-6.594671
-6.650165
-8.439669
-14.785213
-14.670638
-1.672385
-1.497834
-13.430538
-1.471635
-4.485163
-2.195517
-2.346314
-4.801817
-10.906851
-8.937931
-15.284545
-15.745509
-12.708774
-14.193107
-15.552892
-6.602886
-8.630952
-6.919247
