10.566713
12.294129
8.725959
1.479886
-1.235234
-3.509435
-5.281052
4.257715
13.859372
-6.599972
15.79632
16.050761
13.690979
15.017168
15.08125
6.596212
6.703301
15.942633
15.949393
8.758087
15.845165
15.766449
-8.083143
-8.403025
-8.513644
-8.018013
-8.521769
-7.505907
-6.555667
1.742125
-0.988145
-3.322575
-5.157378
-7.459326
-7.934
-7.765198
-8.082833
15.575833
9.680943
11.509053
7.838677
-1.804002
0.731639
-5.654031
-3.984938
3.365054
13.246904
-6.857869
15.910668
15.536239
14.620492
14.639005
13.160871
5.706726
5.758583
15.880346
15.874303
7.821257
15.750602
-8.082311
-7.976889
-8.547677
-8.422951
-6.848506
-7.708531
-1.606957
0.894472
-5.536721
-3.784895
3.485965
-8.016147
-7.640134
-8.207591
