10.604843
12.415677
8.660269
1.268391
-1.400686
-3.603986
-5.316507
4.009685
14.192245
16.570657
16.416306
-6.613414
16.626256
16.90686
15.62038
6.435802
16.719493
16.481723
10.353565
8.505032
16.058759
-7.937709
-8.083482
-8.072591
-7.838011
-7.977665
-7.532823
-6.665177
1.432033
-1.213799
-3.504654
-5.302906
3.967763
-7.472383
-7.899747
-7.545015
-7.983718
16.172595
9.748789
11.696668
7.813279
-1.942972
0.578315
-5.721998
-4.07811
3.208637
13.629065
16.125088
-6.919848
16.722831
16.359712
15.195145
5.59297
16.626194
16.40906
7.638442
-7.835509
-7.670991
-8.064705
-8.039355
-6.996923
-7.803392
-1.78028
0.699215
-5.702629
-3.932209
3.205419
-7.956904
-7.680863
-8.103212
