10.654304
12.381515
8.826765
1.561326
-1.149651
-3.415798
-5.177198
4.340102
13.945736
-6.482829
15.887213
16.1188
13.79121
15.119771
15.157952
6.708393
6.783061
15.987607
15.973504
8.829416
15.784013
-7.901742
-8.263052
-8.355837
-7.812973
-8.355071
-7.379328
-6.436739
1.800307
-0.917398
-3.233246
-5.049944
4.475968
-7.331282
-7.786334
-7.58361
-7.948602
15.619773
9.726161
11.543157
7.897471
-1.731726
0.793931
-5.562143
-3.904648
3.415012
13.284119
-6.754322
15.980074
15.610384
14.659755
14.707189
13.22115
5.795869
15.939995
15.909948
7.841663
-7.904403
-7.783468
-8.394908
-8.297299
-6.743732
-7.589936
-1.53119
0.947422
-5.433256
-3.693662
3.522861
-7.878036
-7.523243
-8.086795
