10.8054
9.058821
12.512262
15.220704
14.909876
13.880015
12.396335
14.808262
7.315236
10.602953
3.837854
2.119
7.362143
5.57397
5.492775
13.943026
13.735193
0.768592
0.618508
12.28585
-0.561414
4.67404
5.028892
2.606886
2.357985
0.012529
8.978862
10.844368
15.048812
14.849153
13.934197
12.545035
8.691636
6.742548
-0.036877
7.069725
-0.569831
-11.790147
-10.172026
-13.376959
-15.209796
-15.660386
-12.519806
-14.088377
-15.352607
-8.510383
-10.649813
-3.299408
-5.083899
-6.712556
-6.837977
-8.585899
-14.645234
-14.476939
-1.932684
-1.759528
-13.188709
-4.655661
-2.422101
-2.570217
-4.933387
-10.891856
-8.944546
-15.22871
-15.608011
-12.699965
-14.165526
-15.238529
-6.701748
-8.670092
-6.971771
