10.374167
12.074448
8.545753
1.34085
-1.328239
-3.544424
-5.260161
4.078986
13.674558
-6.536942
15.787447
16.046354
13.605161
14.969177
14.952157
6.42425
6.494577
15.909154
15.840247
8.512369
15.558365
-7.911306
-8.181325
-8.260792
-7.873997
-8.242325
-7.468452
-6.584165
1.559989
-1.11473
-3.414531
-5.217934
-7.364296
-7.796453
-7.625675
-7.960428
15.458541
9.519681
11.34196
7.675444
-1.896383
0.610842
-5.668358
-4.034728
3.223104
13.106388
-6.842829
15.857923
15.513725
14.516614
14.621849
13.125103
5.551325
5.589448
15.787812
15.722486
7.610487
-7.903101
-7.792659
-8.295189
-8.197989
-6.908602
-7.715239
-1.712714
0.775799
-5.624399
-3.872107
3.309748
-7.910993
-7.589815
-8.106277
