11.234805
9.587406
12.974434
15.922447
15.667256
14.632996
13.14499
15.349184
7.89191
1.871533
4.051868
11.328155
4.200734
2.376725
5.989341
14.258691
0.96397
0.817433
11.131417
12.788532
-0.421331
5.16742
5.463955
2.921495
2.714456
0.287038
9.59835
11.491915
15.702531
15.537671
14.605103
13.204927
15.096003
9.374153
7.350544
0.214822
7.629878
-0.459347
-12.006727
-10.413877
-13.621529
-15.50952
-15.915549
-12.798874
-14.394128
-15.605092
-8.79458
-2.784826
-5.07388
-10.874571
-3.361837
-5.227364
-6.976264
-14.749592
-1.925554
-1.699534
-13.461259
-11.889609
-4.581142
-2.238341
-2.289441
-4.772324
-11.046003
-9.035877
-15.388107
-15.813593
-12.86301
-14.324787
-15.528809
-6.754222
-8.822338
-6.971873
