10.708652
12.493718
8.809641
1.469126
-1.25676
-3.53882
-5.322539
4.257256
14.133468
-6.661662
16.180065
16.445931
14.001557
15.372525
15.413959
6.638139
6.71476
16.323295
16.270481
8.802695
16.044692
-8.152479
-8.421466
-8.498783
-8.05441
-8.478153
-7.557164
-6.599072
1.717548
-1.013024
-3.352955
-5.194254
-7.544054
-8.028044
-7.777385
-8.134822
15.930571
9.81941
11.708498
7.933669
-1.812269
0.73733
-5.685124
-4.002099
3.385169
13.518347
-6.907645
16.318621
15.928094
14.956131
14.995259
5.79448
16.285872
16.224838
7.879616
-8.109141
-7.981216
-8.512516
-8.412339
-6.886778
-7.760131
-1.622346
0.880097
-5.563952
-3.802543
3.473227
-8.075193
-7.705735
-8.24119
