11.140594
13.088987
9.079455
1.478115
-1.296871
-3.626556
-5.468739
4.310038
14.910174
17.25008
17.083243
-6.882609
17.168939
17.469148
16.323714
6.812414
17.326998
17.155384
11.012472
9.005645
16.860873
-8.457391
-8.602532
-8.610353
-8.26718
-8.527822
-7.742295
-6.733316
1.714878
-1.043605
-3.417826
-5.294524
4.36077
-7.84223
-8.374193
-7.918186
-8.360215
16.90212
10.240337
12.295371
8.237374
-1.814154
0.787003
-5.785702
-4.047741
3.485165
14.28247
17.255237
16.864306
-7.073074
17.39574
16.948668
15.872967
5.951039
17.376233
17.202314
8.117619
10.111912
-8.304416
-8.123624
-8.569153
-8.514477
-6.990196
-7.925151
-1.638207
0.878597
-5.626193
-3.836454
3.504944
-8.312841
-7.931476
-8.405554
