8.596102
10.266063
8.435509
11.941608
14.40967
14.078253
13.061091
11.587104
14.09298
6.685729
9.827212
3.442937
1.807688
6.78879
5.083579
13.311562
13.014224
0.513063
0.347715
11.585842
0.358171
-0.775052
4.148008
4.533113
2.22506
1.946916
8.259426
10.066496
14.171197
13.979907
13.100938
11.73695
13.61819
7.976676
6.110923
-0.382665
6.434955
-0.761511
-10.109372
-11.583105
-9.972453
-13.144406
-14.967433
-15.421573
-12.327035
-13.866484
-15.060878
-8.333078
-10.509524
-3.361519
-5.084145
-6.781399
-8.486574
-14.407815
-14.127045
-2.047832
-1.919054
-12.823136
-1.851295
-4.833938
-2.706378
-2.927133
-5.158437
-10.771512
-8.895964
-15.04149
-15.32815
-12.569626
-14.013531
-14.79283
-6.748723
-8.608921
-7.028399
