11.34624
9.897342
11.421645
8.244533
1.299757
-1.281985
-3.398764
-5.004496
3.965603
12.877797
-6.163989
14.936661
15.144553
12.854436
14.155964
6.250509
6.312209
14.979914
14.941805
8.192784
14.85619
14.638729
-7.309144
-7.696088
-7.798643
-7.358066
-7.140651
-6.364838
1.47258
-1.118912
-3.340451
-5.067608
4.033273
-6.882195
-7.215834
-7.204015
-7.518885
14.49117
10.640845
9.03718
10.687537
7.315057
-1.898604
0.527445
-5.495673
-3.953642
3.063254
12.309302
-6.574044
14.867754
14.605788
13.801351
12.39805
5.275203
5.342082
14.743655
14.713679
7.236431
14.597089
-7.401745
-7.322001
-7.890013
-7.79846
-6.757524
-7.449695
-1.709128
0.733255
-5.535602
-3.821537
3.173975
-7.468002
-7.222815
-7.752302
