10.960708
9.271791
12.673614
15.523965
15.231891
14.203566
12.721912
15.06272
7.551758
10.921671
3.974237
2.20568
5.758538
5.700882
14.1231
13.983556
0.817873
0.680169
12.517523
-0.524624
4.896271
5.221746
2.529235
0.174816
9.278776
11.173044
15.381695
15.202951
14.284233
12.888428
8.990368
7.007969
0.113322
7.327879
-0.548088
-11.888028
-10.282866
-13.479151
-15.337445
-15.79497
-12.619849
-14.200731
-15.518439
-8.626801
-10.72522
-3.332352
-5.146466
-6.817079
-6.925177
-14.744227
-14.667324
-1.943724
-1.740773
-13.37132
-4.573405
-2.290283
-4.809507
-10.962938
-8.969531
-15.350848
-15.773876
-12.782236
-14.263372
-6.682707
-8.70446
-6.936331
