10.549355
12.349354
8.608212
1.269889
-1.442286
-3.708235
-5.482306
4.04019
14.047787
-6.827886
16.240265
16.547425
15.379874
15.402724
6.403435
6.491162
16.43476
16.34017
8.587978
16.047751
-8.355841
-8.511662
-8.29029
-8.543582
-7.745679
-6.808629
1.521233
-1.197225
-3.547846
-5.401424
-7.720287
-8.214102
-7.969472
-8.288252
15.984379
9.736658
11.6698
7.80799
-1.971453
0.584148
-5.841575
-4.15409
3.245597
13.526539
-7.074414
16.398217
16.009162
15.014266
15.069655
5.628115
5.666398
16.356533
16.269573
7.764608
-8.281677
-8.161894
-8.465205
-7.090569
-7.96147
-1.797538
0.731303
-5.775306
-3.991074
-8.247282
-7.880554
-8.377357
