11.117977
9.349618
12.852088
15.541066
15.222303
14.174339
12.674571
15.100818
7.569689
3.857249
10.856061
4.026091
2.309039
5.777969
5.698156
14.317853
14.043478
0.971901
0.809538
12.606039
-0.387188
4.831687
5.208702
2.740051
2.479166
0.085886
9.189318
11.055631
15.356331
15.107756
14.15929
12.756504
14.861898
8.916888
6.939318
0.037796
7.274264
-0.390952
-11.833557
-10.183719
-13.44435
-15.660701
-15.33393
-8.49679
-4.82071
-10.678456
-3.173099
-4.974002
-6.664476
-6.74675
-14.466629
-1.784044
-1.620681
-13.213154
-4.643177
-2.386526
-2.545234
-4.947175
-10.891092
-8.960705
-15.178942
-15.564387
-12.685629
-14.136129
-15.246106
-6.71135
-8.693444
-6.996082
