10.649652
12.359897
8.84659
1.583964
-1.097246
-3.322762
-5.041947
4.342363
13.938445
15.816199
-6.308713
15.974313
16.18086
15.201043
15.166509
6.747687
6.765815
16.007603
15.931093
8.781247
15.683049
-7.593739
-7.979468
-8.036006
-7.493187
-8.011784
-7.208084
-6.309865
1.773176
-0.900192
-3.175511
-4.953916
4.412461
-7.126388
-7.535341
-7.294841
-7.723184
15.595073
9.688288
11.486633
7.876308
0.803012
3.397733
13.242493
15.487385
-6.622208
16.017559
15.670161
14.63743
14.764207
5.748573
15.944935
15.857296
7.751443
-7.598308
-7.457313
-8.082027
-8.03004
-6.650539
-7.451552
-1.497381
0.947418
-5.356701
-3.63167
3.473293
-7.65692
-7.356019
-7.889164
