9.157887
10.944782
9.131484
12.657166
15.257179
14.891622
13.844082
12.346402
14.938518
7.310434
10.536504
3.854161
2.194883
7.327477
5.5457
14.091947
13.90146
0.88381
0.732481
0.723684
4.617017
5.032543
2.345867
0.026816
8.961601
10.839911
15.183191
14.901299
13.955059
12.549565
8.608137
6.661313
-0.010583
7.052262
-0.42236
-0.384161
-10.026036
-11.728183
-10.052018
-13.319264
-15.070019
-15.546833
-12.371518
-13.937534
-15.269171
-8.305684
-10.516359
-3.087902
-4.837338
-6.572698
-8.331958
-14.587999
-14.420743
-1.745384
-1.606775
-1.541544
-4.596459
-2.392086
-2.605055
-4.958016
-10.804175
-8.887095
-15.151019
-15.552141
-12.59982
-14.075589
-6.611397
-8.55651
-6.945633
