11.173185
9.506123
15.801614
15.557378
14.523454
13.034302
15.204725
7.817521
9.371787
1.821365
3.990718
11.22079
2.350182
5.922322
14.106652
0.951918
0.790812
11.004439
12.646025
-0.442225
-0.445277
5.090046
5.387127
2.849296
2.637625
0.182237
9.460894
11.325034
15.49995
15.341137
14.413679
13.021592
14.864027
13.800206
9.279657
7.268893
0.113782
7.523199
-0.477469
-11.981025
-10.395111
-15.869425
-15.509605
-8.805742
-2.82002
-5.106619
-3.39378
-7.0048
-14.623597
-1.952177
-1.735639
-13.336706
-11.793034
-4.672957
-2.343857
-2.402742
-4.863812
-11.036102
-9.053879
-15.310725
-15.692365
-12.844942
-14.282243
-15.345804
-14.464864
-6.822071
-8.866136
-7.024769
