11.21214
13.134105
1.592681
-1.143164
-3.41769
-5.200078
4.401527
14.960903
12.858197
17.20966
17.10363
-6.553574
17.562585
16.374423
6.877741
17.350275
17.093743
10.986995
9.023109
16.731983
16.840045
-7.908182
-8.131731
-8.0839
-7.683395
-7.969116
-7.407597
-6.457526
1.750364
-0.944891
-3.253002
-5.066483
4.35797
6.649982
-7.464093
-7.922113
-7.397457
-7.956523
16.877492
10.229405
12.243938
0.863672
3.517213
14.24206
17.185202
16.836148
17.461543
15.84834
5.933837
17.39538
17.137969
8.03134
9.957926
-7.76643
-7.54926
-8.058456
-8.081039
-6.768024
-7.63581
-1.516677
0.937528
-5.425442
-3.666403
3.490863
5.774818
-7.908895
-7.609937
-8.049768
