10.901639
9.138206
12.616649
15.299414
14.979386
13.942302
12.452343
14.891691
7.374468
10.650326
3.886102
2.177051
7.409957
5.619198
5.538223
14.056891
13.827357
0.83691
0.682368
12.384251
-0.49962
4.700462
5.069927
2.639046
2.381602
0.025539
9.020124
10.885464
15.132271
14.908456
13.980683
12.586241
14.620159
8.730318
6.775197
-0.021489
7.111778
-0.503566
-11.790335
-10.156092
-13.384317
-15.196739
-15.640375
-12.509771
-14.079813
-15.328332
-8.477847
-10.639553
-3.238402
-5.022191
-6.666196
-6.778243
-8.530537
-14.456472
-1.869049
-1.704184
-13.182745
-4.6508
-2.416591
-2.577499
-4.947512
-10.878105
-8.941698
-15.198639
-15.579366
-12.680273
-14.141575
-15.227962
-6.696206
-8.662871
-6.978256
