10.415722
12.099703
8.615435
1.422624
-1.245069
-3.45925
-5.169669
4.162655
13.670024
-6.434481
15.729147
15.966317
13.587431
14.933851
14.914152
6.515611
6.575751
15.819809
15.763788
8.580336
15.502796
-7.770059
-8.094456
-8.175131
-7.72255
-8.162625
-7.359324
-6.475807
1.633712
-1.037815
-3.325668
-5.116775
4.252462
-7.249552
-7.66861
-7.499658
-7.855128
15.386853
9.526509
11.32059
7.707391
-1.827851
0.670411
-5.586351
-3.962081
3.270921
13.06018
-6.749114
15.780275
15.441553
14.4462
14.556438
13.072805
5.625504
15.708187
15.649914
7.631026
-7.779604
-7.665478
-8.220117
-8.132127
-6.809052
-7.606928
-1.637583
0.834731
-5.526331
-3.78661
3.362618
-7.798367
-7.484755
-8.014903
