10.973013
9.180552
12.70526
15.313124
15.004346
14.861158
7.411238
1.68986
3.737838
10.652517
3.934844
2.233132
5.560695
13.793958
0.913559
0.736947
10.71916
12.366332
-0.447159
4.690819
5.068349
2.619721
2.353156
-0.058133
8.966022
10.798105
15.043394
14.807361
13.871065
12.480079
14.513382
8.734654
6.780399
-0.100915
7.089419
-0.446838
-11.785033
-10.146483
-13.395469
-15.594396
-15.216541
-8.494069
-2.702607
-4.858427
-3.225127
-5.021081
-6.687765
-6.785288
-14.31306
-1.838082
-1.686762
-13.055499
-11.574943
-4.750825
-2.519656
-2.691086
-5.055417
-15.210277
-14.195933
-10.87097
-8.972347
-15.092212
-15.425578
-12.658193
-14.084435
-15.025776
-6.781302
-8.728619
-12.787574
-7.050342
