10.69814
12.384116
8.936814
1.678706
-0.976477
4.42223
13.954556
15.892862
15.791687
-6.0685
16.032715
16.19844
15.170855
6.827626
15.978682
15.854354
10.553967
8.807203
15.570913
-7.202214
-7.654801
-7.677845
-7.078754
-7.636073
-6.963132
-6.103281
1.815985
-0.816053
-3.045684
-4.78011
4.435196
-6.850322
-7.208065
-6.928602
-7.434965
15.541386
9.675321
11.437175
7.896986
0.866928
3.42928
13.189792
15.751293
15.427732
16.017332
15.69277
14.585129
14.787267
5.744709
15.914453
15.778175
7.69814
9.441615
-7.220839
-7.056856
-7.737775
-7.736253
-1.311842
-3.46493
-6.480824
-7.235844
-1.399607
1.000924
-5.201698
-3.500056
3.478398
-7.366286
-7.119731
-5.259258
-7.636189
