11.562134
9.899739
13.317627
16.286816
15.996251
14.943464
13.441144
15.751189
8.146488
4.250807
11.598059
4.373403
2.560798
6.225061
6.198429
14.833875
14.691572
1.153981
1.014702
11.55176
13.224502
-0.237787
5.342008
5.672909
3.099683
2.87815
0.457469
9.888309
11.819055
16.180216
15.948379
14.977037
13.553288
15.676314
9.60524
7.548715
0.385926
7.881782
-0.268833
-12.04455
-10.403405
-13.671889
-15.499794
-15.929568
-12.758637
-14.364078
-15.670384
-8.706162
-4.911236
-10.824047
-3.171151
-5.033816
-6.831094
-14.863144
-1.733355
-1.514856
-13.609147
-4.452024
-2.087839
-2.158767
-4.688903
-11.027783
-9.00833
-15.414034
-15.8992
-12.84044
-14.322237
-15.739011
-6.656479
-8.752947
-6.921642
