11.052333
12.956936
9.03779
1.508688
-1.264477
-3.596621
-5.437397
4.338196
14.710671
16.796557
-6.84098
16.85083
17.140824
16.011839
16.066755
6.783315
6.835304
17.015257
16.904984
10.980733
9.006673
16.661503
-8.42626
-8.621536
-8.661914
-8.259148
-8.60745
-7.705381
-6.692705
1.763637
-1.003212
-3.37822
-5.254376
4.434101
-7.786382
-8.317181
-7.929624
-8.335874
16.624975
10.150093
12.155254
8.18364
-1.792902
0.80104
-5.757552
-4.025691
3.49047
14.078281
16.568691
-7.033922
17.064276
16.625917
15.60964
5.947418
17.052962
16.934024
8.101752
-8.309824
-8.148542
-8.637562
-8.558183
-6.948959
-7.881099
-1.608947
0.909008
-5.589867
-3.808186
3.542919
-8.279945
-7.884618
-8.393257
