10.733641
8.986268
12.446996
15.122203
14.841677
13.815872
12.333612
14.646576
7.272564
1.557148
3.627476
10.546115
3.821094
2.090433
5.455193
13.554679
0.743715
0.576423
10.46384
12.111484
-0.604145
4.632763
4.969782
2.539262
2.296036
-0.096213
8.865542
10.694529
14.824464
14.653647
13.750576
12.374087
14.216473
8.650883
6.710882
-0.14561
6.98917
-0.616342
-11.790478
-10.196028
-13.384432
-15.650627
-15.27557
-8.593541
-2.843713
-5.002821
-10.727764
-3.391388
-5.19336
-6.824957
-14.358147
-2.007018
-1.833297
-13.063239
-11.54768
-4.775036
-2.542678
-2.677694
-5.026319
-10.912202
-8.986973
-15.164875
-15.489494
-12.713895
-14.146966
-15.036657
-6.809288
-8.761678
-7.042249
