10.644387
12.382064
8.805076
1.493794
-1.166113
-3.360113
-5.05226
4.234987
14.040541
16.172344
16.046885
-6.30677
16.2739
16.490268
15.348767
6.648367
16.285338
16.112697
10.453719
8.665262
15.767864
-7.523132
-7.841037
-7.850427
-7.412789
-7.786226
-7.213552
-6.351874
1.64292
-0.99427
-3.250271
-5.012224
4.224629
-7.121039
-7.508525
-7.200456
-7.674489
15.799234
9.696755
11.537782
7.850911
0.73564
3.327065
13.366683
16.036021
15.714068
-6.642703
16.306215
15.96597
14.834929
5.671792
16.205565
16.035524
7.664182
9.446708
-7.490314
-7.327383
-7.881345
-7.868173
-6.709856
-7.48607
-1.570417
0.865061
-5.425127
-3.693372
3.354234
-7.624366
-7.365224
-7.840743
