10.839727
12.716337
8.834148
1.365966
-1.383212
-3.688876
-5.505195
4.170688
14.472562
16.620833
-6.892532
16.67898
16.988285
15.815315
15.853561
6.584145
6.650963
16.870014
16.75031
8.801717
16.468612
-8.471831
-8.616417
-8.662862
-8.347723
-8.608235
-7.781333
-6.799796
1.620588
-1.126736
-3.497528
-5.370585
-7.824499
-8.346795
-8.006221
-8.372018
16.441085
9.991537
11.988841
8.022519
-1.903006
0.680779
-5.836682
-4.117424
3.3659
13.9069
16.388688
-7.10271
16.881315
16.459084
15.441487
15.477007
5.815232
16.857279
16.739436
7.956141
-8.358291
-8.212783
-8.639123
-8.545805
-7.062319
-7.974152
-1.727649
0.80256
-5.719671
-3.929507
3.418536
-8.327143
-7.941954
-8.433658
