10.794854
8.996809
12.507649
15.09887
14.773865
13.736662
12.245753
14.707223
7.225088
10.448987
3.801663
2.119844
7.273914
5.50808
5.406744
13.937142
13.642688
0.802804
0.637313
12.210828
-0.530002
4.559699
4.943072
2.536821
2.266935
-0.093495
8.81831
10.658984
14.88816
14.657695
13.734542
12.346641
14.374116
8.544155
6.610719
-0.133306
6.941603
-0.525737
-11.732089
-10.094915
-13.325015
-15.12902
-15.558068
-15.213513
-8.42545
-10.61064
-3.237396
-5.007137
-6.626837
-6.750139
-8.489682
-14.318438
-1.87744
-1.730256
-13.048048
-4.724391
-2.519954
-2.706618
-5.040557
-10.839873
-8.935543
-15.112541
-15.455951
-12.634019
-14.079319
-15.05084
-6.729691
-8.661237
-7.013937
