10.367293
11.999484
8.632079
1.496892
-1.143229
-3.323177
-4.993948
4.218402
13.523092
-6.213112
15.559333
15.758862
13.461619
14.789059
14.72727
6.581246
6.609949
15.58372
15.521686
8.567193
15.254111
-7.424391
-7.827002
-7.899483
-7.378592
-7.88866
-7.140992
-6.293575
1.674314
-0.963399
-3.211876
-4.964475
4.284418
-6.986662
-7.359703
-7.206455
-7.600273
15.143408
9.433785
11.165522
7.664778
-1.753488
0.712379
3.279222
12.863268
-6.569353
15.550368
15.239217
14.214941
14.374521
12.912744
5.596838
15.455036
15.388103
7.550389
-7.468257
-7.348854
-7.966526
-7.904557
-6.659105
-7.412372
-1.557287
0.879974
-5.394789
-3.678401
3.367796
-7.538285
-7.264645
-7.79814
