11.292347
9.542685
13.036591
15.786461
15.469251
14.415822
12.911792
15.325067
7.757726
3.988933
11.081716
4.146202
2.409553
5.922683
5.857912
14.521103
14.272525
1.05958
0.901269
12.830571
-0.311449
4.983459
5.356902
2.855616
2.600235
0.194833
9.401478
11.285754
15.628333
15.369848
14.407756
12.996092
15.148352
9.122956
7.120737
0.141845
7.461712
-0.319854
-11.889808
-10.232586
-13.508879
-15.302223
-15.721192
-15.411673
-8.532061
-4.813664
-10.709468
-3.135824
-4.952332
-6.679831
-6.74054
-14.563546
-1.73275
-1.559412
-13.318292
-4.586589
-2.300923
-2.443822
-4.884109
-10.919195
-8.970716
-15.226105
-15.640255
-12.715357
-14.172587
-15.376335
-6.690942
-8.702923
-6.978182
