10.773583
12.525415
8.930401
1.606333
-1.09879
-3.352103
-5.10123
4.384651
14.132304
16.028686
-6.398199
16.162554
16.380084
15.384798
15.374765
6.802434
6.826351
16.215944
16.140308
8.875843
15.906847
-7.745147
-8.109724
-8.164386
-7.622933
-8.136621
-7.285111
-6.356303
1.810231
-0.887145
-3.183333
-4.981836
4.466279
-7.243251
-7.678342
-7.403149
-7.833855
15.820194
9.810648
11.647636
7.97179
-1.686018
0.833043
3.446847
13.432349
15.720169
-6.683804
16.241113
15.872502
14.848474
14.946737
5.819819
16.184448
16.095067
7.854943
-7.728153
-7.580982
-8.197748
-8.141585
-6.678653
-7.51037
-1.48816
0.968275
-5.368298
-3.634783
3.52059
-7.76622
-7.442921
-7.978295
