10.984234
12.828196
9.045703
1.573084
-1.148147
-3.412893
-5.180673
4.366364
14.557015
16.730003
16.600058
-6.510321
16.770858
17.009938
15.89764
6.826474
16.824137
16.651881
10.828787
8.929154
16.346096
-7.873504
-8.14858
-8.150456
-7.702161
-8.076296
-7.382581
-6.442715
1.755908
-0.941361
-3.247436
-5.057501
4.382677
-7.392731
-7.843694
-7.440441
-7.930125
16.383307
10.022316
11.959045
8.111389
0.82954
3.467392
13.860776
16.673057
16.31654
-6.776836
16.889544
16.495507
15.381843
5.866411
16.828627
16.651079
7.938341
9.823839
-7.787074
-7.605309
-8.150381
-8.131533
-6.756216
-7.609124
-1.526852
0.933615
-5.428942
-3.678362
3.488344
-7.875071
-7.561834
-8.043966
