11.048645
9.272568
12.781023
15.44051
15.12672
14.081034
12.582653
14.995253
7.499153
1.743059
3.804066
10.76883
3.98378
2.271799
5.728879
5.637663
13.932999
0.940509
0.773006
10.84248
12.498751
-0.418396
4.772071
5.147652
2.688134
2.425943
0.026854
9.095088
10.947796
15.221534
14.980722
14.038609
12.641138
14.709899
8.839185
6.871668
-0.019379
7.195279
-0.421026
-11.814008
-10.170507
-13.423786
-15.636408
-15.289858
-8.499171
-4.841369
-3.200816
-4.999738
-6.678826
-6.768785
-14.407724
-1.812951
-1.653464
-13.15093
-4.686573
-2.440248
-2.602628
-4.988691
-10.884525
-8.965549
-15.147834
-15.51238
-12.676842
-14.118214
-15.159517
-6.739706
-8.708069
-7.016865
