10.663174
12.365412
8.873651
1.611862
-1.059077
-3.27032
-4.973999
4.36404
13.943953
15.940741
15.812918
-6.225024
16.002653
16.195499
15.232163
15.171085
6.780528
16.004901
15.908064
10.551377
8.783086
15.643584
-7.454364
-7.860418
-7.903625
-7.346091
-7.871829
-7.123372
-6.240408
1.781409
-0.875857
-3.134374
-4.896695
4.411072
-7.029766
-7.419834
-7.164006
-7.620739
15.58048
9.681539
11.468433
7.880157
0.821227
3.404388
13.225637
15.471545
16.024734
15.685866
14.623337
14.77946
5.742448
15.940294
15.832685
7.727363
-7.462607
-7.31301
-7.954014
-7.920907
-6.594747
-7.378406
-1.46744
0.961666
-5.306658
-3.589478
3.468959
-7.554366
-7.274191
-7.799184
