8.951779
10.756931
8.889649
12.467608
14.915813
14.551185
13.504689
12.006001
14.604256
7.064847
10.206054
3.717259
2.096972
7.108909
5.370059
5.260283
13.886016
13.561454
0.822833
0.649615
12.148034
0.689555
-0.495066
4.385627
4.817614
2.450857
2.149327
-0.189664
8.614479
10.444
14.738218
14.454402
13.518874
12.127225
14.297706
8.305993
6.395611
-0.215839
6.763726
-0.47084
-9.979749
-11.637489
-9.963643
-13.228866
-15.416007
-15.068661
-8.247937
-10.493491
-3.113077
-4.845575
-6.562792
-8.29768
-14.507999
-14.172179
-1.780236
-1.668932
-12.924307
-4.745031
-2.587409
-2.836667
-5.129204
-10.750505
-8.889553
-14.999082
-15.326533
-12.531895
-13.973567
-14.915196
-6.694111
-8.579987
-7.021138
