11.425647
10.107989
11.6132
8.509884
1.562489
-1.03906
-3.179457
-4.800313
4.253066
12.990439
-5.953367
14.850143
15.004695
12.893067
14.139933
14.078246
6.559035
6.609379
14.829304
14.850372
8.47979
14.64309
14.639105
-7.056891
-7.59262
-7.708436
-7.063556
-7.741507
-6.900381
-6.094203
1.734334
-0.875726
-3.08538
-4.798414
4.3601
-6.659953
-6.98315
-6.965876
-7.328174
14.419612
10.627463
9.148318
10.741082
7.482325
0.729851
3.249059
12.299536
-6.360369
14.758247
14.493139
13.697864
12.328486
5.471431
5.514296
14.647847
14.655751
7.393657
-7.190426
-7.101141
-7.822642
-7.743659
-6.492639
-7.190565
-1.478866
0.930459
-5.259804
-3.575195
3.383903
-7.252291
-7.000394
-7.58297
