10.745067
9.092354
12.444549
15.339406
15.079129
14.067052
12.598691
14.840465
7.426174
10.8179
3.876731
2.081329
5.673404
5.603766
13.735736
0.672676
0.537435
12.258926
-0.664622
4.836517
2.464266
9.16321
11.044143
15.137272
15.019874
14.131614
12.751315
8.909737
6.941652
0.044694
7.22225
-0.699319
-11.892318
-10.329869
-13.472169
-15.386333
-15.837396
-12.676485
-14.25376
-15.54324
-8.731714
-10.781342
-3.494224
-5.318302
-6.961228
-7.097405
-14.66846
-2.102617
-1.881398
-13.340216
-4.6284
-2.34478
-11.002213
-8.993837
-15.390698
-15.79042
-12.83133
-14.308398
-6.737132
-8.758178
-6.950611
