10.584971
12.437694
8.577624
1.165136
-1.548067
-3.811232
-5.588997
3.934373
14.224502
-6.952661
16.578168
16.913761
15.669272
15.662845
6.391088
16.793112
16.628833
8.517728
16.268099
-8.500748
-8.424384
-7.873055
-6.941305
1.405388
-1.306092
-3.665081
-5.528658
-7.867376
-8.372012
-8.063902
-8.397531
16.292688
9.805717
11.808344
7.822014
-2.054331
0.514495
-5.939362
-4.239591
3.193272
13.74574
-7.191213
16.763365
16.362856
15.309518
15.391633
5.631344
16.714425
16.569281
7.752534
-8.37776
-8.243386
-7.217359
-8.096341
-1.893959
0.647509
-5.897467
-4.094935
-8.371389
-8.012832
-8.464413
