8.721143
10.429306
8.593328
12.115178
14.592926
14.251176
13.225263
11.744127
14.278146
6.821456
9.971442
3.536892
1.902395
6.904234
5.184721
13.500879
13.210797
0.610069
0.44487
11.784797
0.458718
-0.686523
4.24094
4.63845
2.309837
2.026492
-0.282391
8.399326
10.218393
14.384634
14.165973
13.269205
11.895547
13.867971
8.103362
6.220821
-0.311819
6.560842
-0.670939
-10.074775
-11.60791
-9.978137
-13.177851
-14.97849
-15.432966
-12.329751
-13.87445
-15.084197
-8.312397
-10.505717
-3.284788
-5.011658
-6.716394
-8.432926
-14.444621
-14.166737
-1.964858
-1.838518
-12.879022
-1.762973
-4.791258
-2.650294
-2.876049
-5.131448
-10.770284
-8.893105
-15.04513
-15.351911
-12.565021
-14.01219
-14.864866
-6.722747
-8.59655
-7.017626
