11.366618
9.954148
11.479084
8.307898
1.358371
-1.233799
-3.363728
-4.981015
4.034147
12.916632
-6.14661
14.915241
15.115202
12.864989
14.151394
6.319187
6.386989
14.954863
14.939695
8.271864
14.810953
14.66735
-7.30574
-7.722107
-7.832972
-7.345344
-7.851423
-7.115251
-6.324008
1.539227
-1.064569
-3.290633
-5.02142
4.121333
-6.868354
-7.207995
-7.198403
-7.51498
14.491989
10.643317
9.075853
10.718032
7.362573
-1.85527
0.574615
-5.466531
-3.9191
3.111655
12.32474
-6.54805
14.85052
14.583241
13.780122
12.386052
5.325789
5.393135
14.735367
14.722548
7.292339
14.567387
-7.406192
-7.326842
-7.927812
-7.832152
-6.711923
-7.413975
-1.660456
0.780013
-5.484018
-3.774077
3.23261
-7.457609
-7.201537
-7.747907
