11.142024
9.463537
12.880408
15.74547
15.487044
14.452562
12.963516
15.183287
7.761664
1.806907
3.960131
11.151188
4.128145
2.327812
5.874404
14.092056
0.935921
0.77873
10.983245
12.63233
-0.447317
5.043318
5.351776
2.830044
2.612021
0.177936
9.417833
11.287954
15.481263
15.310962
14.382465
12.988419
14.870766
9.210892
7.206452
0.112143
7.478746
-0.478139
-11.955775
-10.360837
-13.570336
-15.842124
-15.499615
-8.751476
-2.79522
-5.058862
-10.852755
-3.362882
-5.216968
-6.945433
-14.621853
-1.933812
-1.72361
-13.336751
-11.790343
-4.651377
-2.334663
-2.408214
-4.859095
-11.012958
-9.032512
-15.308176
-15.698296
-12.822352
-14.268289
-15.363097
-6.788725
-8.825223
-7.00696
