11.061066
12.946788
9.076635
1.540183
-1.188221
-3.458446
-5.235454
4.339322
14.732506
16.977213
16.850751
-6.581616
17.03353
17.286724
16.121117
6.807726
17.09453
16.880085
10.869655
8.935565
16.540191
-7.961556
-8.18701
-8.167216
-7.772513
-8.0728
-7.449391
-6.504459
1.71662
-0.981695
-3.294934
-5.112913
4.328394
-7.482468
-7.943364
-7.487401
-7.995973
16.631422
10.107925
12.092328
8.161418
0.814136
3.464809
14.047781
16.934424
16.580673
-6.837924
17.173593
16.767665
15.61743
5.877499
17.111644
16.896702
7.968496
9.879128
-7.842463
-7.64751
-8.150889
-8.144857
-6.81201
-7.676015
-1.560527
0.905638
-5.477313
-3.716682
3.46316
-7.94776
-7.636468
-8.093787
