10.793462
12.669622
8.784838
1.298961
-1.409697
-3.659656
-5.42231
4.072719
14.488212
16.903686
16.740102
-6.769481
16.904363
17.204634
15.937027
6.52872
17.035733
16.805748
10.571414
8.65326
16.410922
-8.202769
-8.313029
-8.303113
-8.071479
-8.205203
-7.669707
-6.750772
1.49035
-1.19678
-3.523865
-5.356941
4.055276
-7.673561
-8.145781
-7.742218
-8.177522
16.518892
9.939001
11.948062
7.960466
-1.933753
0.622283
-5.790783
-4.106952
3.284611
13.923132
16.482993
-7.028884
17.060221
16.662369
15.519741
5.705978
16.99136
16.777595
7.805316
9.710216
-8.067305
-7.895562
-8.275076
-8.238407
-7.050931
-7.909055
-1.770823
0.730188
-5.729705
-3.944658
3.281986
-8.148259
-7.832301
-8.261089
