9.008325
10.736147
8.936792
12.436577
15.035597
14.690622
13.655476
12.167721
14.698862
7.152401
10.374848
3.743466
2.075441
7.197818
5.432769
13.853009
13.643077
0.757428
0.604732
0.591022
-0.554305
4.514155
4.907007
2.251422
-0.06462
8.794745
10.654988
14.905828
14.667111
13.745816
12.354282
8.469797
6.542622
-0.103177
6.904014
-0.546839
-0.516685
-10.094202
-11.707078
-10.061418
-13.288331
-15.076889
-15.546316
-12.39179
-13.951867
-15.246246
-8.359757
-10.542393
-3.207578
-4.95762
-6.687219
-8.430937
-14.554127
-14.37265
-1.867995
-1.722515
-13.098236
-1.671207
-4.66151
-2.469151
-2.667797
-4.993254
-10.817417
-8.90039
-15.150964
-15.522254
-12.617884
-14.086192
-6.660058
-8.591079
-6.966506
