11.528009
10.094664
11.686643
8.374718
1.341774
-1.295259
-3.480393
-5.157704
4.051538
13.165169
-6.384791
15.133619
15.368362
13.061334
14.357453
6.331244
6.437666
15.243501
15.254073
15.101772
15.019504
-7.701904
-8.057548
-7.724208
-8.205772
-7.339179
-6.487945
1.568276
-1.088242
-3.36488
-5.144344
-7.16073
-7.560702
-7.524978
-7.805541
14.815842
14.601127
10.825599
9.244698
10.955953
7.479302
-1.889579
0.583312
-5.596256
-3.999161
3.161803
12.601959
-6.727468
15.14501
14.838158
14.008719
12.593975
5.404095
5.490314
15.066319
15.076057
7.456999
14.898226
-7.76706
-7.691117
-8.254215
-8.127607
-6.833063
-7.598947
-1.696163
0.781829
-5.575839
-3.84307
-7.747411
-7.434242
-7.992353
