10.605698
12.328806
8.780245
1.497495
-1.165837
-3.366558
-5.064284
4.240349
13.959631
16.06838
15.932838
-6.320726
16.134988
16.352118
15.327163
15.244379
6.654406
16.160444
16.02072
10.447436
8.667463
15.703458
-7.562504
-7.893872
-7.92156
-7.464019
-7.871717
-7.229531
-6.360197
1.661504
-0.985432
-3.248156
-5.016003
4.257333
-7.134221
-7.528469
-7.253659
-7.702799
15.693469
9.664262
11.489286
7.829396
0.735958
3.328227
13.2915
15.601163
-6.651307
16.169967
15.829872
14.734444
14.910989
5.674221
16.077291
15.9373
7.668542
-7.543225
-7.391345
-7.957719
-7.927463
-6.712683
-7.494548
-1.568316
0.873416
-5.427595
-3.696275
3.372925
-7.64908
-7.376265
-7.869223
