10.890401
9.148278
12.616061
15.316462
15.038343
14.005973
12.517963
14.816175
7.427021
1.647197
3.733791
10.719213
3.926634
2.184398
5.583866
13.728327
0.834047
0.664338
10.641478
12.285999
-0.528759
4.746047
5.084097
2.624468
2.382195
-0.032454
9.01558
10.850521
15.016531
14.832587
13.915933
12.532964
14.418802
8.808871
6.850092
-0.084226
7.128024
-0.542864
-11.830836
-10.227899
-13.435427
-15.682588
-15.305308
-8.61887
-2.806012
-4.993723
-3.353047
-5.169099
-6.834965
-14.395609
-1.954125
-1.777087
-13.112189
-11.601831
-4.754537
-2.501356
-2.628678
-5.005236
-10.929582
-9.00069
-15.172475
-15.508096
-12.728431
-14.158245
-15.087126
-6.812123
-8.782109
-7.045655
