10.4237
12.168609
8.542986
1.263081
-1.394211
-3.58975
-5.290122
3.992135
13.860654
15.994094
-6.566366
16.169986
16.442233
15.304192
15.224309
6.404966
16.275882
16.109741
8.437819
15.736239
-7.894179
-8.08922
-8.119707
-7.837065
-8.05919
-7.499787
-6.640036
1.446887
-1.200737
-3.488833
-5.283117
4.000682
-7.401032
-7.821437
-7.566955
-7.950766
15.758139
9.580447
11.46098
7.691755
-1.948916
0.558266
-5.705302
-4.075216
3.174481
13.310816
-6.88399
16.242982
15.897489
14.803527
14.972381
5.543181
16.150797
16.000825
7.566148
-7.839701
-7.703967
-8.133957
-8.0753
-6.974999
-7.768672
-1.778908
0.703968
-5.693238
-3.931263
3.211136
-7.916818
-7.629399
-8.088665
