10.973195
9.323647
15.601935
15.36929
14.347638
12.869052
15.008294
7.664865
1.708604
3.878773
11.072015
2.230714
5.799709
13.896556
0.82219
0.666669
10.784829
12.428354
-0.557514
4.997943
5.2759
2.763122
2.561557
0.127634
9.32795
11.187107
15.288324
15.166928
14.26251
12.880822
14.610683
9.149991
7.156611
0.057536
7.396943
-0.597375
-11.960175
-10.399353
-15.876543
-15.519045
-8.836731
-2.906434
-5.178069
-10.899256
-3.492054
-7.061945
-14.622068
-2.060021
-1.835188
-13.311489
-11.748946
-4.696267
-2.378667
-2.425357
-4.863067
-11.04492
-9.052766
-15.339225
-15.710324
-12.861976
-14.304158
-15.32087
-6.833569
-8.869716
-7.01936
