11.096908
13.025811
1.460867
-1.268587
-3.536657
-5.31664
4.259583
14.883083
17.237868
17.112047
-6.677184
17.588886
16.33851
6.732807
17.389168
17.117541
10.851276
8.884812
16.722623
-8.070939
-8.22199
-8.175683
-7.871481
-8.055277
-7.546294
-6.605465
1.627378
-1.065087
-3.384424
-5.209826
4.20955
-7.595899
-8.06491
-7.55536
-8.078538
16.886077
10.168291
12.208693
0.762136
3.426425
14.229732
17.201975
16.85627
-6.9273
17.475337
15.861058
5.852724
17.407317
17.144221
7.961881
9.89467
-7.912364
-7.704703
-8.139715
-8.147441
-6.908716
-7.779039
-1.633704
0.841574
-5.570056
-3.795222
3.395639
-8.042008
-7.738036
-8.158813
