10.576774
8.774144
12.277055
14.829177
14.514023
13.486691
12.003603
14.4411
7.024721
3.472346
10.222955
3.668711
1.994645
7.100516
5.358539
5.239448
13.685271
13.363746
0.682131
0.513267
11.932603
-0.639663
4.410682
4.784478
2.409378
2.141471
-0.210077
8.59772
10.417504
14.572062
14.370329
13.468721
12.093707
14.016881
8.342611
6.434912
-0.247401
6.746409
-0.635125
-11.685751
-10.06914
-13.268434
-15.0949
-15.519624
-15.152182
-8.431703
-10.605063
-3.323294
-5.083632
-6.663422
-6.813971
-8.536813
-14.231752
-1.97357
-1.829118
-12.944054
-4.79443
-2.614486
-2.803626
-5.099105
-10.82914
-8.936383
-15.082375
-15.39193
-12.624709
-14.0617
-14.916177
-6.768392
-8.673724
-7.036462
