10.541294
8.827072
12.236314
14.96599
14.69838
13.68679
12.21725
14.493831
7.148959
3.536532
10.446867
3.719093
1.971964
5.467899
5.360302
13.38744
0.604542
0.449231
11.930743
-0.72605
4.577597
4.888539
2.479581
2.252274
-0.109047
8.789992
10.624998
14.680374
14.553747
13.675273
12.307672
14.029571
8.567453
6.639499
-0.162966
6.907444
-0.74632
-11.786591
-10.220862
-13.364184
-15.265761
-15.68928
-12.600486
-14.163137
-15.3343
-8.641855
-5.085732
-10.732173
-3.500192
-5.299386
-6.897071
-7.054896
-14.415743
-2.125287
-1.935483
-13.092187
-4.766181
-2.536689
-2.64919
-4.984303
-10.934564
-8.98425
-15.234773
-15.564898
-12.749387
-14.196709
-15.087586
-6.80179
-8.758716
-7.017116
