10.502409
12.263619
8.610589
1.29833
-1.364646
-3.565123
-5.270593
4.033895
13.969875
16.104605
-6.551641
16.290139
16.557779
15.424804
15.339348
6.451625
16.38373
16.204192
8.49336
15.827834
-7.872143
-8.072272
-8.092345
-7.797358
-8.024778
-7.477286
-6.611724
1.475874
-1.173283
-3.460351
-5.253685
4.032544
-7.39155
-7.812273
-7.528129
-7.934173
15.867414
9.642536
11.534846
7.747741
-1.920265
0.589926
-5.683572
-4.050303
3.207863
13.40033
15.800541
-6.865982
16.366579
16.015806
14.905546
15.079868
5.579079
16.274631
16.109855
7.606255
-7.809252
-7.663915
-8.103229
-8.056045
-6.946749
-7.744486
-1.749637
0.727799
-5.66013
-3.899608
3.235952
-7.899104
-7.614481
-8.069741
