9.203462
10.911795
9.16131
12.61739
15.347833
15.009974
13.973827
12.486379
14.984955
7.386473
10.684236
3.878898
2.171209
7.410632
5.608226
14.051864
13.930275
0.820537
0.682702
0.632361
4.729125
2.425661
9.101155
10.996845
15.278865
15.046893
14.11676
12.714955
8.755431
6.794891
0.063114
7.164433
-0.503052
-0.506558
-10.154086
-11.794784
-10.151555
-13.379302
-15.178169
-15.665964
-12.459112
-14.031282
-15.410991
-8.436208
-10.587473
-3.20171
-4.973546
-6.72351
-8.486536
-14.63985
-14.571173
-1.846695
-1.676145
-1.662141
-4.555211
-2.31798
-10.873271
-8.911022
-15.271984
-15.697245
-12.6844
-14.174524
-6.613457
-8.596294
-6.917202
