11.683671
10.187547
11.856072
8.374492
1.252327
-1.425522
-3.6608
-5.395712
3.99046
13.401897
-6.688233
15.400048
15.685419
13.267151
14.590518
6.261221
6.408447
15.598846
15.616235
15.480074
-8.177977
-8.192497
-7.635681
-6.73128
1.524824
-1.180291
-3.511959
-5.345189
-7.52375
-7.988492
-7.923306
-8.156334
15.183995
15.078339
11.027863
9.393494
11.19409
7.557356
-1.982168
0.537016
-5.785204
-4.13569
3.163015
12.901279
-6.971295
15.496504
15.149371
14.288735
12.840955
5.433746
5.543967
15.451045
15.470439
15.304652
-8.193727
-8.122669
-7.030985
-7.860979
-1.796415
0.728884
-5.746318
-3.981732
-8.104655
-7.735552
-8.289367
