10.925326
9.213633
12.651077
15.420721
15.154223
14.124926
12.639851
14.896684
7.509614
1.673717
3.786736
10.841024
3.96983
2.202681
5.658695
13.803047
0.832862
0.669669
10.70485
12.351572
-0.533548
4.833093
5.15338
2.677251
2.447706
0.031811
9.13026
10.977098
15.12995
14.96338
14.049448
12.665524
14.513495
8.925108
6.954002
-0.025969
7.224909
-0.555685
-11.873196
-10.281497
-13.477457
-15.747221
-15.383719
-8.681266
-2.829727
-5.04264
-10.796932
-3.388636
-5.21805
-6.897178
-14.482718
-1.980774
-1.788131
-13.19112
-11.660914
-4.722495
-2.448067
-2.55038
-4.94856
-10.965182
-9.01316
-15.234052
-15.587231
-12.770695
-14.208085
-15.18563
-6.807494
-8.800896
-7.029396
