9.548161
11.087443
9.839722
11.32732
8.225646
1.362435
-1.253807
-3.422836
-5.076335
4.052711
-6.26521
14.448756
14.661698
12.506628
13.723336
6.258155
6.416479
14.560795
14.299223
-7.561926
-8.010298
-7.642762
-7.238454
-6.403492
1.611282
-1.042512
-3.307253
-5.073145
-6.998245
-7.379197
-7.48859
-7.700858
14.177541
13.671032
8.729677
10.386556
8.994261
10.595042
7.307808
-1.872754
0.57371
-5.5352
-3.964765
3.124978
-6.631361
14.414197
14.137354
13.371718
12.047106
5.279145
5.42365
14.338262
14.051317
-7.70354
-7.667006
-8.133377
-6.759501
-7.499217
-1.666664
0.807805
-5.522917
-3.808104
-7.630248
-7.307972
-7.922087
