11.037584
9.338435
12.765583
15.584217
15.308296
14.275283
12.788034
15.071573
7.622756
1.748628
3.873026
10.981596
4.036995
2.262315
5.75587
13.986632
0.882859
0.728842
10.872598
12.529656
-0.482736
4.929397
5.252715
2.762741
2.535087
0.131186
9.285179
11.155612
15.354647
15.174563
14.250113
12.857146
14.768853
9.049829
7.062391
0.070426
7.353835
-0.506532
-11.904138
-10.301341
-13.509489
-15.374791
-15.786571
-15.458232
-8.673371
-2.78143
-5.0048
-10.786101
-3.340585
-5.172169
-6.868917
-14.583001
-1.931869
-1.732983
-13.296797
-11.750454
-4.647156
-2.356318
-2.453338
-4.87737
-10.97467
-9.003158
-15.28739
-15.676708
-12.784153
-14.23789
-15.334252
-6.756651
-8.772724
-6.992426
