10.832808
12.659456
8.896652
1.468233
-1.242167
-3.496674
-5.255879
4.248157
14.38546
16.61742
16.467816
-6.581853
16.623754
16.881432
15.739044
6.700285
16.7099
16.54537
10.676241
8.79428
16.22592
-7.968803
-8.20418
-8.218632
-7.83085
-8.149886
-7.470878
-6.54374
1.661573
-1.031281
-3.342794
-5.158591
4.27184
-7.460804
-7.915283
-7.5547
-8.001808
16.251837
9.915934
11.849786
8.000601
-1.797116
0.742982
3.383043
13.743393
16.541102
16.186997
-6.851906
16.744551
16.357503
15.261333
5.782685
16.681579
16.51805
7.853729
9.729775
-7.884895
-7.718901
-8.217951
-8.179208
-6.854678
-7.70253
-1.61707
0.859093
-5.535697
-3.776295
3.411596
-7.953472
-7.635902
-8.113187
