10.595508
12.277285
8.824845
1.593802
-1.064219
-3.260339
-4.948036
4.335059
13.84409
15.835596
15.70931
-6.183595
15.912513
16.100977
15.142226
15.067038
6.741888
15.905495
15.805647
8.727279
15.530479
-7.381192
-7.794054
-7.837283
-7.284706
-7.806258
-7.089015
-6.222809
1.755303
-0.888812
-3.136641
-4.888754
4.374264
-6.974544
-7.351174
-7.112221
-7.567424
15.469852
9.6169
11.385837
7.827621
0.800807
3.374514
13.130629
15.357881
-6.528007
15.916874
15.589004
14.519922
14.692181
5.701463
15.823608
15.714952
7.670063
-7.399084
-7.252526
-7.893458
-7.862774
-6.586633
-7.354144
-1.47788
0.945826
-5.307331
-3.593788
3.438838
-7.50249
-7.234479
-7.756437
