11.221658
9.530783
12.95175
15.829537
15.526717
14.485528
12.993262
15.359452
7.782437
11.173191
4.132138
2.357995
5.93386
5.891675
14.42769
14.295245
0.969902
0.832094
12.831617
-0.388797
5.059757
5.399216
2.895443
2.664436
0.291257
9.515898
11.428162
15.724365
15.508801
14.56351
13.153375
9.214312
7.203307
0.228083
7.542078
-0.411184
-11.937112
-10.306396
-13.542704
-15.372786
-15.826554
-12.642962
-14.232989
-15.565114
-8.616371
-10.735598
-3.22737
-5.053064
-6.772298
-6.846807
-14.813813
-14.737723
-1.82494
-1.622343
-13.465056
-4.510571
-2.201437
-2.30295
-4.763476
-10.971039
-8.972174
-15.363727
-15.817091
-12.785759
-14.270407
-6.651422
-8.698456
-6.92286
