11.176432
9.475355
12.907106
15.751863
15.453451
14.413028
12.920776
15.274286
7.730489
3.962715
11.103392
4.104151
2.335651
5.900011
5.845966
14.380216
14.206372
0.954978
0.810676
12.74719
-0.406055
5.010681
5.350723
2.852518
2.618998
0.235563
9.435101
11.333139
15.609737
15.397853
14.456233
13.05046
15.083049
9.152061
7.149147
0.17449
7.476817
-0.426787
-11.920187
-10.293218
-13.526827
-15.360921
-15.800723
-12.645178
-14.232313
-15.516856
-8.61719
-10.742204
-3.244954
-5.069919
-6.782588
-6.86136
-14.674643
-1.841874
-1.644303
-13.401624
-4.555036
-2.254819
-2.361287
-4.808471
-10.963843
-8.978557
-15.326405
-15.75835
-12.775004
-14.24874
-15.491273
-6.681912
-8.715635
-6.946821
