10.721008
12.529012
8.793043
1.418153
-1.304136
-3.579384
-5.359283
4.202793
14.2134
16.266037
-6.702136
16.35094
16.627956
15.51867
15.536763
6.600284
6.660375
16.496505
16.402149
8.758606
16.135365
-8.186381
-8.411288
-8.468971
-8.082522
-8.430164
-7.599747
-6.650233
1.655164
-1.066256
-3.405251
-5.246699
4.290934
-7.591347
-8.074827
-7.789775
-8.161255
16.073313
9.845066
11.765428
7.93461
-1.850287
0.702195
-5.721807
-4.037087
3.355156
13.616088
-6.94969
16.496472
16.103421
15.093151
15.155206
5.769051
16.456004
16.359806
7.859858
-8.119659
-7.982554
-8.471693
-8.384194
-6.939292
-7.810676
-1.667434
0.837288
-5.616573
-3.847881
3.422197
-8.109563
-7.7508
-8.260299
