10.984945
9.335104
15.611224
15.387648
14.365636
12.886092
14.994337
7.682853
9.178344
1.709839
3.885188
11.088332
2.242154
5.813851
13.878125
0.834702
0.673278
10.776479
12.412304
-0.553448
-0.551628
5.007119
5.280711
2.759662
2.559486
0.106787
9.322703
11.171846
15.259381
15.142977
14.238996
12.859686
14.56428
13.457438
9.167987
7.17367
0.03641
7.399679
-0.594532
-11.967459
-10.411357
-15.878098
-15.499576
-8.864521
-10.172329
-2.92241
-5.205657
-3.509536
-7.095062
-14.591547
-2.069418
-1.844309
-13.281835
-11.728741
-4.728499
-2.407524
-2.449626
-4.888295
-11.053369
-9.067889
-15.319482
-15.676056
-12.867629
-14.299141
-15.268073
-14.324259
-6.866324
-8.900668
-7.041693
