11.209376
13.153807
1.526753
-1.202455
-3.466316
-5.241418
4.329296
15.030049
12.836463
17.35786
17.254979
-6.596611
17.751966
16.492829
6.80374
17.529321
17.224782
10.934677
8.95789
16.813539
16.920583
-7.939613
-8.111815
-8.041893
-7.711408
-7.906517
-7.454878
-6.51787
1.670455
-1.011994
-3.317561
-5.129836
4.248993
6.509902
-7.512657
-7.968111
-7.40828
-7.981512
17.01895
10.244312
12.291907
0.816374
3.474411
14.334739
11.90521
17.329919
16.992105
17.643319
15.984805
5.894583
17.566783
17.269283
7.996
9.927377
-7.772557
-7.545947
-8.004656
-8.041399
-6.831321
-7.694073
-1.574013
0.882614
-5.490596
-3.723377
3.424128
5.678521
-7.943533
-7.65864
-8.067891
