11.049398
9.212036
11.008984
9.200498
12.722473
15.346179
14.973351
13.923294
12.424076
15.037866
7.370439
10.609611
3.890007
2.228734
7.376969
5.585392
14.161795
14.006855
0.913557
0.7499
4.666877
5.086114
2.392909
9.045222
10.937277
15.310504
15.018548
14.065657
12.654642
8.672058
6.71652
0.043617
7.121337
-0.391532
-0.359895
-10.01215
-11.742642
-10.058459
-13.334174
-15.07525
-15.564643
-12.363781
-13.93274
-15.308157
-10.504809
-3.054549
-4.803651
-6.541079
-8.307827
-14.600374
-14.475145
-1.712772
-1.511406
-4.552009
-2.339829
-4.918729
-10.806189
-8.879069
-15.178736
-15.600928
-12.603777
-14.08933
-6.57924
-8.536034
-6.92352
