11.332946
13.329128
1.530515
-1.237007
-3.548267
-5.374019
4.362594
15.23042
13.05554
17.597931
17.474693
-6.779235
17.93299
16.703779
6.864919
17.740222
17.464472
11.105616
9.069411
17.093294
17.212082
-8.251618
-8.38542
-8.33044
-8.008009
-8.201847
-7.624208
-6.635347
1.713218
-1.014644
-3.361551
-5.213373
4.324354
-7.738689
-8.243546
-7.666047
-8.209914
17.265986
10.385371
12.483732
0.836506
3.52742
14.551362
17.612934
17.247089
-6.988331
17.860265
16.21633
5.985271
17.815339
17.542317
8.141052
10.136311
-8.060007
-7.836902
-8.276042
-8.286262
-6.913563
-7.829481
-1.588131
0.897764
-5.548157
-3.764243
3.489896
-8.169276
-7.835684
-8.260035
