10.739638
8.969487
12.450502
15.087061
14.785265
13.755317
12.27012
14.655026
7.230202
3.609766
10.480037
3.797151
2.090113
5.522671
5.416144
13.575365
0.756653
0.591417
12.136637
-0.581418
4.585606
4.943525
2.528506
2.273258
-0.099255
8.827658
10.6627
14.83402
14.637833
13.727529
12.346429
14.268826
8.582142
6.647432
-0.144121
6.951166
-0.585973
-11.758841
-10.145921
-13.350325
-15.188755
-15.605982
-15.248025
-8.512277
-4.9217
-10.667893
-3.325668
-5.110546
-6.731505
-6.861751
-14.341286
-1.955079
-1.793426
-13.055591
-4.749997
-2.532933
-2.692255
-5.030926
-10.877034
-8.960297
-15.1443
-15.478224
-12.676225
-14.116807
-15.045514
-6.768672
-8.710112
-7.025749
