10.832174
9.134886
12.541443
15.349799
15.06948
14.046306
12.568065
14.874878
7.431004
3.742888
10.77701
3.900076
2.136239
5.675625
5.598276
13.785088
0.755516
0.609541
12.323142
-0.586925
4.798357
5.117369
2.665695
2.439729
0.074765
9.120111
10.990982
15.144817
14.984786
14.079061
12.693301
8.863011
6.897606
0.015595
7.194638
-0.609869
-11.858715
-10.268142
-13.447522
-15.32293
-15.76162
-12.626915
-14.202089
-15.450672
-8.643586
-10.739968
-3.393362
-5.206096
-6.856913
-6.979529
-14.573112
-2.00556
-1.806766
-13.268769
-4.649323
-2.381905
-2.484317
-4.876732
-10.957448
-8.980872
-15.304733
-15.69161
-12.774038
-14.239614
-15.321329
-6.735229
-8.735396
-6.972089
