10.584046
12.378308
8.656843
1.308588
-1.387697
-3.630795
-5.38069
4.069451
14.087354
16.214882
-6.70314
16.334485
16.621781
15.473732
15.449922
6.510284
16.479294
16.343112
8.590284
16.016775
-8.141996
-8.321735
-8.364672
-8.060776
-8.311301
-7.618635
-6.706185
1.526192
-1.165626
-3.489733
-5.318137
-7.577448
-8.041775
-7.7624
-8.131306
16.004716
9.739943
11.662939
7.822163
-1.928761
0.610293
-5.760289
-4.092749
3.254957
13.531865
-6.9749
16.461285
16.084286
15.033245
15.139567
5.65708
16.399732
16.272766
7.728999
-8.067857
-7.931528
-8.365151
-8.286947
-7.009691
-7.853745
-1.755374
0.748669
-5.702714
-3.929525
3.303913
-8.091534
-7.759566
-8.238094
