10.849371
9.123277
12.572138
15.29988
15.032501
14.004672
12.52045
14.783791
7.419189
1.624668
3.722914
10.726184
3.915444
2.160491
5.580557
13.688327
0.800467
0.632685
10.598114
12.241312
-0.562419
4.754272
5.07881
2.617541
2.383304
-0.032138
9.017018
10.851354
14.986498
14.821433
13.912583
12.533102
14.363809
8.819925
6.861363
-0.086667
7.127706
-0.581207
-11.842752
-10.252803
-13.44484
-15.708694
-15.329768
-8.660212
-2.845193
-5.041791
-3.400501
-5.222574
-6.88566
-14.416208
-1.998276
-1.813068
-13.123266
-11.603527
-4.76086
-2.502101
-2.615202
-4.993203
-10.948024
-9.010175
-15.196228
-15.530123
-12.750698
-14.180959
-15.097336
-6.825183
-8.800767
-7.045963
