10.526705
8.803184
12.215596
14.935642
14.649962
13.63724
12.167646
14.505888
7.108118
10.397296
3.68899
1.957143
5.422604
5.32558
13.620697
13.408959
0.594238
0.445839
11.951668
-0.723252
4.545061
4.869038
2.242114
8.774699
10.622163
14.707338
14.56559
13.684127
12.312422
8.515576
6.59138
-0.142958
6.884379
-0.73906
-11.764793
-10.186919
-13.33648
-15.218975
-15.668184
-12.540354
-14.101555
-15.341659
-8.579239
-10.677298
-3.45655
-5.240348
-6.824519
-6.986041
-8.715245
-14.59822
-14.43847
-2.096019
-1.911597
-13.117468
-4.723829
-2.50477
-4.961333
-10.910881
-8.957436
-15.246022
-15.594355
-12.727597
-14.188948
-6.751698
-8.705342
-6.987543
