10.317409
12.040309
8.451031
1.220732
-1.437708
-3.638969
-5.344647
3.94729
13.700196
-6.624107
15.950585
16.233336
15.090933
15.042847
6.300797
6.358797
16.090358
15.96751
8.385922
15.622102
-7.998887
-8.189867
-7.969703
-7.566683
-6.701001
1.428604
-1.230767
-3.531278
-5.33705
-7.458589
-7.891016
-7.693418
-8.027678
15.589078
9.502413
11.36567
7.622578
-1.988905
0.521003
-5.753879
-4.119539
3.140903
13.182084
-6.934534
16.030805
15.686916
14.644705
14.780214
13.250722
5.480441
5.51332
15.948638
15.841206
7.540975
-7.960026
-7.844393
-8.178426
-7.026582
-7.827347
-1.817514
0.681187
-5.746821
-3.980539
-7.992406
-7.684588
-8.162786
