10.36778
8.591856
12.049301
14.639699
14.33585
13.322541
11.851894
14.259295
6.875741
10.089083
3.552408
1.867145
6.973691
5.239954
5.12214
13.434992
13.167891
0.538154
0.379576
11.725234
-0.765431
4.331255
4.682019
2.332983
2.07853
-0.242092
8.488494
10.310562
14.389381
14.229765
13.353192
11.987931
13.792735
8.22687
6.334878
-0.282605
6.636084
-0.767353
-11.671348
-10.082259
-13.237428
-15.096906
-15.54336
-12.442127
-13.991521
-15.191398
-8.468513
-10.60259
-3.429337
-5.184007
-6.725635
-6.905458
-8.61959
-14.50079
-14.266513
-2.091087
-1.93386
-12.951084
-4.796446
-2.624711
-2.796404
-5.072232
-10.844027
-8.931678
-15.137609
-15.44703
-12.65133
-14.10027
-14.938976
-6.764752
-8.668574
-7.016463
