11.551689
10.099838
11.690988
8.382252
1.344934
-1.285466
-3.4612
-5.129016
4.050244
13.177413
-6.347975
15.17546
15.40519
13.092059
14.395942
6.340904
6.432306
15.269607
15.261759
8.374689
15.142416
15.010379
-7.633888
-7.991682
-8.106604
-7.651889
-8.12214
-7.302674
-6.461772
1.558854
-1.087009
-3.354369
-5.125155
-7.117894
-7.507458
-7.458391
-7.755868
14.829422
10.843833
9.242403
10.952849
7.478303
-1.882645
0.584506
-5.574906
-3.984912
3.157599
12.606658
-6.70003
15.176483
14.874094
14.042033
12.620272
5.405453
5.479897
15.089828
15.082672
7.437661
14.936595
-7.696964
-7.6151
-8.178276
-8.063764
-6.814596
-7.570401
-1.690388
0.779817
-5.56081
-3.830809
3.280093
-7.699297
-7.39935
-7.948175
