10.503621
12.239979
8.643815
1.37913
-1.307336
-3.542344
-5.278284
4.133119
13.867935
-6.575397
15.988917
16.250534
15.167849
15.159164
6.500125
6.562491
16.112037
16.031942
8.606096
15.754602
-7.977627
-8.23882
-8.308561
-7.914528
-8.282129
-7.494096
-6.588833
1.601057
-1.087689
-3.398041
-5.211666
4.216563
-7.421976
-7.86862
-7.654752
-8.008573
15.670814
9.635672
11.489127
7.771295
-1.870069
0.650952
-5.672802
-4.02363
3.275114
13.282691
-6.863555
16.081544
15.721578
14.715375
14.809992
13.292273
5.655625
16.020098
15.941242
7.697707
-7.950416
-7.828837
-8.333107
-8.242961
-6.903365
-7.729865
-1.686105
0.804567
-5.606361
-3.850369
3.353468
-7.957742
-7.626843
-8.140644
