10.555408
12.236173
8.778786
1.570658
-1.108083
-3.334402
-5.052701
4.324995
13.773825
15.61125
-6.314616
15.742259
15.949556
13.658779
14.982205
14.971219
6.698275
6.744204
15.792385
15.757313
8.746169
15.538396
-7.62005
-8.02231
-8.103429
-7.543118
-8.098415
-7.221342
-6.322097
1.776255
-0.903223
-3.182828
-4.964702
4.427201
-7.124755
-7.536623
-7.350261
-7.742084
15.397616
9.607576
11.377102
7.814669
-1.709049
0.786043
3.377789
13.092492
-6.628197
15.781116
15.439528
14.451007
14.554147
13.081157
5.725296
15.71451
15.666124
7.723194
-7.646512
-7.522498
-8.1587
-8.084096
-6.659783
-7.460259
-1.507916
0.943923
-5.370231
-3.646563
3.476357
-7.672507
-7.35921
-7.912816
