9.009321
10.735531
8.937029
12.436273
15.036192
14.692641
13.657685
12.170027
14.696375
7.154142
10.377293
3.744731
2.075516
7.200168
5.435117
13.853022
13.639779
0.757069
0.603922
12.202928
0.590596
-0.555498
4.515813
4.907536
2.251569
-0.066325
8.794822
10.654125
14.902153
14.664872
13.743995
12.352847
8.472568
6.545258
-0.105065
6.904698
-0.548404
-10.098343
-11.708524
-10.063973
-13.290091
-15.080309
-15.547969
-12.396169
-13.956312
-15.245859
-8.364637
-10.546428
-3.211628
-4.962757
-6.693005
-8.436362
-14.556287
-14.371056
-1.871072
-1.725115
-13.096247
-1.674117
-4.664766
-2.471727
-2.669158
-4.994872
-10.819248
-8.902344
-15.150441
-15.52033
-12.619653
-14.086987
-15.144872
-6.663801
-8.595014
-6.9686
