10.89104
8.977203
10.793615
8.931571
12.497964
14.978947
14.594204
13.546215
12.0478
14.712077
7.089296
10.24512
3.72269
2.10808
7.119451
5.369792
13.913569
13.681276
0.828334
0.668997
0.686787
4.415428
4.856991
2.497396
2.193895
-0.108556
8.696119
10.55326
14.89398
14.594219
13.652441
12.252366
8.334524
6.417955
-0.135478
6.820117
-0.44952
-0.384554
-9.937894
-11.639273
-9.951497
-13.224004
-14.951401
-15.430134
-12.272398
-13.827337
-15.134017
-10.439586
-3.058249
-4.778603
-6.490149
-8.236087
-14.492981
-14.268124
-1.738518
-1.526446
-4.656097
-2.496674
-2.751998
-5.055059
-10.739775
-8.859317
-15.054944
-15.423423
-12.527352
-13.994223
-15.07128
-6.615393
-8.514524
-6.967004
