10.709691
8.793488
10.568595
8.707209
12.256374
14.715242
14.334753
13.297578
11.808381
14.467664
10.022626
3.581264
1.974639
6.939273
5.210132
13.647633
13.426692
0.69534
0.549759
4.271198
4.703793
2.079439
8.496154
10.342564
14.617061
14.345077
13.425209
12.036021
8.134492
6.242737
-0.223538
6.636183
-0.564855
-0.50678
-9.955863
-11.593225
-9.924162
-13.16375
-14.910396
-15.400618
-12.236901
-13.783884
-15.101352
-10.415936
-3.136417
-4.842918
-6.539209
-8.271573
-14.425381
-14.220549
-1.832389
-1.628651
-4.694513
-2.559218
-5.083655
-10.727687
-8.849474
-15.051282
-15.400646
-12.520173
-13.988892
-6.626178
-8.504169
-6.968268
