11.238453
9.580009
12.975585
15.907695
15.638806
14.602415
13.113113
15.363548
7.869266
1.876748
4.044079
11.294903
4.186255
2.375411
5.968911
14.280838
0.968748
0.825246
11.148444
12.812081
-0.409164
5.144248
5.452737
2.920005
2.706535
0.294873
9.586021
11.486322
15.723442
15.543813
14.607081
13.203574
15.144661
9.338518
7.31729
0.224933
7.614319
-0.443011
-11.989683
-10.385729
-13.602003
-15.4733
-15.893816
-12.755864
-14.350055
-15.599225
-8.745172
-5.023554
-10.835673
-3.321834
-5.176561
-6.918446
-14.753181
-1.894808
-1.674776
-13.469469
-11.897039
-4.556666
-2.222011
-2.286567
-4.765029
-11.026086
-9.0177
-15.385116
-15.820703
-12.842753
-14.311937
-15.553456
-6.722546
-8.786406
-6.955878
