10.974005
12.873339
8.95713
1.433309
-1.31513
-3.61488
-5.42508
4.242014
14.660221
16.985884
16.817114
-6.807163
16.920911
17.213788
16.057904
6.72389
17.067282
16.901547
10.835989
8.87937
16.59334
-8.326757
-8.487531
-8.502822
-8.167927
-8.427357
-7.683631
-6.70786
1.659402
-1.074782
-3.429571
-5.287568
4.286632
-7.737547
-8.244216
-7.838411
-8.265082
16.624353
10.085881
12.09774
8.111568
-1.841829
0.737596
-5.764426
-4.051238
3.416574
14.04903
16.577884
-7.026453
17.111965
16.688387
15.612941
5.859835
17.076726
16.912282
7.99309
9.9428
-8.198789
-8.029468
-8.475438
-8.418205
-6.982334
-7.885272
-1.666535
0.842507
-5.637154
-3.854411
3.442589
-8.21999
-7.858788
-8.332259
