10.803896
12.625804
8.869736
1.455169
-1.258475
-3.518579
-5.283376
4.236429
14.340939
16.415501
-6.613932
16.552594
16.815411
15.686595
6.690077
16.654489
16.508485
10.665922
8.785335
16.203008
-8.026809
-8.25936
-8.285209
-7.897747
-8.22435
-7.505162
-6.571983
1.660092
-1.040405
-3.359256
-5.181904
4.277172
-7.495707
-7.957948
-7.617136
-8.044314
16.205713
9.897794
11.828245
7.983641
-1.811063
0.732392
-5.659057
-3.986056
3.375935
13.710638
16.138573
-6.877928
16.680066
16.291341
15.217875
15.327327
5.779431
16.623102
16.477333
7.855825
-7.947349
-7.788946
-8.285376
-8.233756
-6.877071
-7.731265
-1.630272
0.853469
-5.55703
-3.795146
3.414637
-7.995083
-7.666547
-8.152349
