10.295365
11.901003
8.585643
1.498759
-1.141687
-3.325605
-4.998437
4.219005
13.383031
-6.214753
15.34347
15.541849
13.289242
14.589225
14.553495
6.552716
6.608239
15.382432
15.363627
8.554371
15.129961
-7.44822
-7.872792
-7.969649
-7.421654
-7.978368
-7.147385
-6.295242
1.693088
-0.953218
-3.206764
-4.963474
4.318975
-6.982389
-7.359622
-7.256118
-7.617052
14.964522
9.369888
11.073573
7.620254
-1.755784
0.708224
-5.448406
-3.86153
3.272728
12.73097
-6.568912
15.331647
15.024443
14.045455
14.178733
12.746625
5.555168
5.588027
15.243992
15.216912
7.538334
-7.513818
-7.409965
-8.045896
-7.962312
-6.656837
-7.412088
-1.555308
0.887967
-5.394938
-3.680736
3.384699
-7.550499
-7.262878
-7.819044
