10.593238
8.808511
12.294716
14.884186
14.579562
13.554327
12.072961
14.473854
7.072569
3.500512
10.292645
3.695133
2.004697
5.399601
5.282596
13.39096
0.681103
0.513919
11.955218
-0.645392
4.460097
4.821361
2.434704
2.174972
-0.183596
8.655755
10.478297
14.617238
14.428777
13.529795
12.155555
14.043093
8.410523
6.496135
-0.224511
6.797621
-0.646075
-11.71182
-10.104396
-13.295481
-15.136437
-15.557292
-15.189771
-8.479042
-10.637265
-3.354101
-5.124791
-6.713721
-6.862431
-14.269645
-1.996582
-1.842814
-12.976687
-4.789397
-2.596526
-2.769197
-5.076429
-10.852976
-8.949204
-15.111029
-15.424626
-12.651597
-14.089026
-14.951141
-6.778698
-8.696361
-7.035506
