10.360927
12.01001
8.602699
1.440325
-1.189919
-3.355092
-5.013851
4.153414
13.578313
15.509673
-6.229339
15.720489
15.928378
14.923869
14.827576
6.540706
15.739104
15.627464
8.501345
15.309029
-7.413626
-7.773997
-7.82287
-7.364068
-7.791247
-7.161647
-6.331627
1.599365
-1.021363
-3.262471
-5.00916
4.179145
-7.003595
-7.368479
-7.180741
-7.59416
15.259979
9.439417
11.197339
7.649297
-1.793006
0.670611
3.237968
12.93563
-6.594838
15.709719
15.400867
14.327733
14.522504
5.554762
15.6011
15.492196
7.506094
-7.435846
-7.305991
-7.880576
-7.836394
-6.704051
-7.446949
-1.604621
0.830684
-5.4437
-3.721918
3.30174
-7.541252
-7.286741
-7.789638
