11.146231
9.434818
12.883721
15.686215
15.404742
14.364683
12.871214
15.16926
7.702634
1.808233
3.930923
11.055631
4.09826
2.328313
5.819234
14.091408
0.956361
0.797563
10.985545
12.639834
-0.418484
4.974042
5.30849
2.804612
2.570606
0.151371
9.346918
11.217071
15.454838
15.253779
14.316583
12.918483
14.890027
9.11423
7.118167
0.091973
7.415032
-0.439303
-11.913314
-10.296758
-13.527033
-15.777399
-15.44245
-8.65652
-2.735286
-4.966951
-10.78821
-3.287227
-5.122105
-6.838832
-14.570282
-1.872455
-1.679399
-13.297908
-11.765464
-4.643544
-2.347588
-2.452532
-4.887656
-10.968439
-9.005675
-15.262587
-15.653283
-12.772302
-14.220609
-15.328948
-6.75723
-8.775252
-7.001197
