10.912217
12.73389
8.9941
1.558031
-1.154175
-3.409493
-5.166751
4.343094
14.442374
16.603313
16.470108
-6.484935
16.641226
16.877581
15.770617
6.795705
16.693558
16.53226
10.761706
8.883166
16.228789
-7.833855
-8.118776
-8.128263
-7.677259
-8.060567
-7.363935
-6.434463
1.740713
-0.950017
-3.2505
-5.055025
4.364345
-7.356117
-7.7993
-7.423551
-7.901136
16.251168
9.956159
11.872316
8.059032
0.811688
3.442497
13.753447
16.532765
16.179204
-6.760881
16.747097
16.361919
15.257727
5.833303
16.682384
16.516334
7.893163
9.76172
-7.760476
-7.585867
-8.134816
-8.110602
-6.753166
-7.595528
-1.53623
0.922843
-5.432838
-3.685094
3.470429
-7.845925
-7.536688
-8.023296
