10.782629
9.100337
12.487105
15.322474
15.049217
14.030739
12.556644
14.841343
7.410859
10.770558
3.87942
2.10575
5.660376
5.584805
13.745648
0.715705
0.573589
12.278459
-0.623382
4.798085
5.105725
2.437626
0.079058
9.116522
10.989836
15.117411
14.974151
14.076253
12.693295
8.860535
6.896476
0.017482
7.187274
-0.650261
-11.865786
-10.286306
-13.450292
-15.340391
-15.784337
-12.640194
-14.215352
-15.478817
-8.672388
-10.751578
-3.434139
-5.249391
-6.893482
-7.023327
-14.600888
-2.046513
-1.840244
-13.286762
-4.645649
-2.374994
-2.465825
-4.858047
-10.97132
-8.984265
-15.333285
-15.7228
-12.792562
-14.262199
-6.736705
-8.741967
-6.964916
