10.937876
9.161249
12.660047
15.311121
14.993748
13.953111
12.459392
14.888661
7.392677
3.732393
10.653724
3.908284
2.203657
5.640887
5.549847
14.106445
13.824483
0.872614
0.709451
12.387909
-0.473292
4.697979
5.072525
2.634623
2.372567
-0.004566
9.002751
10.855829
15.107468
14.875953
13.943523
12.549717
14.592612
8.73359
6.778367
-0.049636
7.106345
-0.474972
-11.787397
-10.149406
-13.388152
-15.196555
-15.619864
-15.283331
-8.478242
-4.843385
-10.654325
-3.225476
-5.013218
-6.666868
-6.772181
-14.40035
-1.849677
-1.691055
-13.134362
-4.686947
-2.454283
-2.621117
-4.989366
-10.873016
-8.952056
-15.155292
-15.518741
-12.668942
-14.116954
-15.151625
-6.726227
-8.685158
-7.005327
