10.325051
12.046839
8.461003
1.233146
-1.428987
-3.635311
-5.345618
3.962754
13.69875
-6.627953
15.925634
16.207604
15.071261
15.032618
6.312466
6.376356
16.068635
15.956983
8.404976
15.623663
-8.013457
-8.211679
-7.984132
-7.568945
-6.697463
1.4463
-1.218454
-3.522153
-5.330741
-7.464144
-7.900273
-7.70859
-8.037972
15.576865
9.508017
11.368128
7.630909
-1.980873
0.530969
-5.752021
-4.115059
3.15213
13.177437
-6.934426
16.008767
15.662993
14.632521
14.758142
13.233732
5.489502
5.526294
15.930636
15.832625
7.556691
-7.977928
-7.864439
-8.20216
-7.020186
-7.825324
-1.807833
0.692375
-5.738521
-3.972697
-8.000698
-7.686992
-8.172058
