10.384021
8.644003
12.068349
14.72853
14.450209
13.44201
11.975305
14.295155
6.959766
10.214497
3.598887
1.879307
5.316698
5.198505
13.189676
0.528568
0.371048
11.738544
-0.786421
4.420458
4.743265
2.370896
2.133759
-0.206752
8.583283
10.405476
14.440486
14.312423
13.443453
12.081848
13.79519
8.351637
6.448219
-0.254432
6.722213
-0.799369
-11.722405
-10.155659
-13.291016
-15.184856
-15.616836
-12.529603
-14.083654
-15.255233
-8.575085
-10.677487
-3.506485
-5.283986
-6.843035
-7.020746
-14.324682
-2.150581
-1.974556
-12.997148
-4.804148
-2.607324
-2.744146
-5.040474
-10.894421
-8.963073
-15.186205
-15.495542
-12.707113
-14.152459
-14.978818
-6.800802
-8.726546
-7.024411
