10.315306
12.016685
8.479292
1.262948
-1.374307
-3.547216
-5.222057
3.975665
13.670074
-6.47007
15.956484
16.214614
15.102788
15.007442
6.37236
16.041932
15.886879
8.371799
15.512944
-7.742688
-7.97177
-8.009138
-7.705256
-7.956924
-7.413324
-6.578086
1.436334
-1.192496
-3.461736
-5.237529
3.982602
-7.278137
-7.674891
-7.459862
-7.839448
15.518835
9.467378
11.303887
7.610491
-1.941923
0.545652
-5.65702
-4.048892
3.142995
13.115991
-6.812276
15.995391
15.669486
14.57811
14.76621
5.490303
15.891153
15.752451
7.482477
-7.714481
-7.586278
-8.038109
-7.980449
-6.929342
-7.696079
-1.769595
0.701331
-5.662084
-3.910353
3.187125
-7.804075
-7.533962
-7.999102
