10.148052
11.771732
8.394971
1.292726
-1.317256
-3.461026
-5.10069
3.983512
13.341618
-6.305062
15.53992
15.770777
13.353135
14.718724
14.61477
6.328755
6.356459
15.594205
15.480425
8.300682
15.130411
-7.500886
-7.806104
-7.865438
-7.495995
-7.836355
-7.261568
-6.45718
1.457766
-1.14899
-3.391195
-5.139832
4.006825
-7.070026
-7.432443
-7.296184
-7.660864
15.081466
9.285564
11.038733
7.490118
-1.90936
0.547733
-5.564693
-3.98978
3.114352
12.770951
-6.682373
15.524687
15.229051
14.164603
14.3671
12.887422
5.427556
15.407411
15.306452
7.371184
-7.525256
-7.41371
-7.922602
-7.858654
-6.831486
-7.559896
-1.729417
0.722726
-5.585471
-3.853077
3.182121
-7.618676
-7.367469
-7.856791
