10.963195
9.206689
12.68088
15.387644
15.066096
14.027077
12.535762
14.977483
7.43958
10.729646
3.926555
2.211466
7.467224
5.667314
5.593799
14.12704
13.915949
0.86637
0.714668
12.470643
-0.472622
4.754219
5.123387
2.682389
2.426642
0.070416
9.099423
10.973668
15.239068
15.010436
14.077535
12.679276
14.736309
8.802038
6.838058
0.021654
7.180154
-0.477989
-11.809356
-10.171296
-13.405365
-15.214403
-15.662249
-12.519468
-14.092554
-15.361373
-8.484409
-10.64437
-3.22061
-5.008359
-6.664193
-6.768981
-8.526956
-14.678058
-14.499107
-1.847952
-1.67949
-13.228222
-4.62258
-2.378472
-2.534631
-4.918538
-10.886489
-8.941907
-15.220486
-15.615108
-12.68989
-14.156112
-15.287975
-6.681176
-8.659247
-6.966553
