8.986237
10.802739
8.935352
12.514382
14.972089
14.60057
13.55172
12.051442
14.670984
7.101534
10.247935
3.740097
2.121275
7.137812
5.393261
13.93579
13.633501
0.84643
0.676344
12.219259
0.712131
-0.470233
4.41364
4.850643
2.480762
2.177581
-0.155202
8.664887
10.503339
14.822154
14.528447
13.587416
12.191654
14.400088
8.341478
6.425853
-0.181589
6.805273
-0.445179
-9.962364
-11.643569
-9.96219
-13.235453
-14.973123
-15.421736
-15.088581
-8.23141
-10.480528
-3.083095
-4.813845
-6.53151
-8.271483
-14.513092
-14.202705
-1.751754
-1.640602
-12.95898
-1.5313
-4.715334
-2.554238
-2.806028
-5.106454
-10.747791
-8.882122
-15.012357
-15.353605
-12.52978
-13.977832
-14.966616
-6.670526
-8.562482
-7.006565
