11.402302
9.781112
16.171987
15.929449
14.891428
13.400139
15.554089
8.092744
1.970961
4.185848
11.573035
2.476338
6.160716
14.461983
1.046791
0.901254
11.332721
12.986696
-0.356498
5.332509
5.616266
3.034079
2.837272
0.384321
9.812238
11.717066
15.947102
15.784113
14.841474
13.435435
15.332084
9.60202
7.552683
0.305653
7.823149
-0.402222
-12.074597
-10.483331
-15.596782
-15.990316
-15.682425
-8.868377
-2.772021
-5.10736
-10.936599
-3.357265
-7.037594
-14.837235
-1.899647
-1.659524
-13.553556
-11.974807
-4.548141
-2.17085
-2.196193
-4.719572
-11.088875
-9.060725
-15.433682
-15.877826
-12.907381
-14.368976
-15.630595
-6.761618
-8.861598
-6.968927
