11.304914
13.299387
1.515543
-1.264048
-3.593087
-5.436816
4.355104
15.182091
17.550841
17.408944
-6.85741
17.834887
16.639454
6.864536
17.665394
17.429332
11.120476
9.078304
17.092225
-8.394357
-8.522113
-8.490425
-8.163349
-8.377872
-7.703534
-6.695229
1.724918
-1.023998
-3.389859
-5.259421
4.355194
-7.827922
-8.353719
-7.809416
-8.314294
17.215743
10.376334
12.474072
-1.778807
0.826513
3.528003
14.522937
17.573726
17.192962
-7.048327
17.771109
16.168503
5.997893
17.742111
17.506095
8.170809
10.181982
-8.208549
-7.999448
-8.435793
-8.419162
-6.957886
-7.893217
-1.606963
0.895911
-5.586636
-3.796713
3.511525
-8.27086
-7.910075
-8.353753
