10.712045
8.801175
14.612943
10.587303
8.722908
12.273291
14.734632
14.344045
13.305288
11.815304
14.507871
10.027728
3.582501
1.981914
6.938113
5.206255
13.663672
13.473071
0.703606
0.557087
4.274938
2.091296
8.518331
10.374193
14.672254
14.389829
13.466059
12.073206
8.135347
6.242089
-0.197446
6.650593
-0.549162
-0.494042
-11.547977
-9.929124
-11.588931
-9.911647
-13.157504
-14.892378
-15.396787
-12.209441
-13.756832
-15.115691
-10.389399
-3.105295
-4.805372
-6.498399
-8.234873
-14.415892
-14.246235
-1.807258
-1.60549
-4.662862
-2.529315
-5.062399
-10.71805
-8.835845
-15.063368
-15.426934
-12.511666
-13.989038
-6.595247
-8.47554
-6.949442
