9.371685
10.876039
3.716836
9.651077
11.095675
8.069644
1.282644
-1.310423
-3.454441
-5.082215
3.950741
-6.247543
14.198979
14.415617
12.262952
13.469252
6.124621
6.296656
14.319297
14.037718
-7.519012
-7.637976
-7.240369
-6.433782
1.530067
-1.105544
-3.35987
-5.115932
-6.958709
-7.324298
-7.490639
-7.670651
13.91682
13.356423
8.564712
10.203253
8.835515
10.404022
7.167546
-1.931696
0.499073
-5.556841
-4.004364
3.03818
-6.634896
14.140897
13.883567
13.142053
11.840907
5.152788
5.321609
14.053682
13.748928
-7.680013
-7.659548
-8.093272
-6.800367
-7.515986
-1.728331
0.748556
-5.580644
-3.866563
-7.604515
-7.293197
-7.905824
