9.024304
10.727178
8.946743
12.426814
15.062799
14.72911
13.697427
12.212576
14.705596
7.178628
10.422025
3.754457
2.070287
7.227483
5.456874
13.844219
13.642949
0.740636
0.590195
12.200893
0.566695
-0.573743
4.549239
4.928009
2.273544
8.832925
10.695145
14.92235
14.700641
13.784619
12.39508
8.517639
6.586315
-0.088586
6.936615
-0.571736
-11.728971
-10.094987
-13.309478
-15.115258
-15.582496
-12.427436
-13.989368
-15.282633
-8.407917
-10.572655
-3.24845
-5.007546
-6.742918
-8.486691
-14.574304
-14.407982
-1.902728
-1.747501
-13.125747
-1.710484
-4.65964
-2.456565
-4.971909
-10.840838
-8.912273
-15.181301
-15.555092
-12.645168
-14.114481
-6.671125
-8.612739
-6.964952
