11.638202
10.152326
11.777175
8.395595
1.315212
-1.330839
-3.525095
-5.214473
4.031871
13.295743
-6.458544
15.316419
15.564572
13.203792
14.522377
6.325172
6.426553
15.440185
15.427485
8.396827
15.32916
15.17519
-7.804527
-8.120832
-7.815153
-7.409212
-6.548684
1.543167
-1.119652
-3.406573
-5.196593
-7.251879
-7.664869
-7.594935
-7.881673
15.001785
9.312757
11.061377
7.519155
-1.913635
0.57122
-5.642133
-4.032305
3.162401
12.745042
-6.788482
15.34968
15.031288
14.183929
12.74451
5.42659
5.50469
15.274288
15.263652
7.490728
15.136682
-7.845432
-7.762229
-8.170443
-6.88525
-7.66493
-1.724743
0.761577
-5.620468
-3.878537
-7.828007
-7.509582
-8.053261
