11.093491
9.439442
12.823114
15.742374
15.486574
14.457995
12.974789
15.187076
7.751402
1.788591
3.953894
11.167984
4.106569
2.293278
5.871718
14.092136
0.885246
0.739036
10.964443
12.622332
-0.488398
5.061783
5.35735
2.840205
2.63189
0.220164
9.454123
11.339073
15.514332
15.36159
14.441289
13.047642
14.895246
9.228438
7.22236
0.15039
7.498853
-0.52451
-11.969421
-10.384779
-13.575715
-15.470475
-15.883097
-12.765421
-14.354856
-15.568574
-8.774839
-2.821602
-5.086116
-10.850637
-3.39886
-5.252761
-6.971762
-14.702785
-1.974286
-1.752136
-13.404737
-11.831919
-4.60971
-2.286215
-2.344638
-4.801137
-11.030232
-9.026477
-15.372603
-15.783429
-12.84872
-14.31033
-15.463952
-6.760122
-8.810432
-6.975341
