10.970285
9.199125
12.70197
15.352652
15.055922
14.878255
7.447062
1.690676
3.757001
10.712673
3.951342
2.231447
5.594636
13.803943
0.898692
0.724858
10.724267
12.370387
-0.465162
4.734965
5.097203
2.639003
2.382273
-0.0333
9.016457
10.851713
15.073521
14.855368
13.924203
12.534941
14.519809
8.794662
6.834901
-0.080147
7.132548
-0.470917
-11.810924
-10.184588
-13.420774
-15.636109
-15.259783
-8.546984
-2.735264
-4.90867
-3.267381
-5.07359
-6.746164
-14.35627
-1.873316
-1.711022
-13.090552
-11.598282
-4.745531
-2.501623
-2.65417
-5.028935
-14.21232
-10.897302
-8.98523
-15.12762
-15.465304
-12.688858
-14.116767
-15.064926
-6.791536
-8.751638
-7.047289
