10.762734
12.485653
8.959983
1.649032
-1.016937
4.40076
14.100161
16.099661
15.99615
-6.154427
16.233805
16.414968
15.352889
6.81616
16.196741
16.048135
10.601199
8.821355
15.746543
-7.323436
-7.73191
-7.743097
-7.187203
-7.688594
-7.044802
-6.173488
1.789133
-0.85102
-3.093053
-4.840127
4.402183
-6.956327
-7.329653
-7.013042
-7.524814
15.748708
9.752125
11.555904
7.942099
0.853581
3.430663
13.349948
15.973989
15.647798
16.243916
15.905973
14.781765
5.762124
16.145519
15.988036
7.738101
9.509414
-7.315105
-7.143516
-7.788651
-7.790298
-3.503151
-6.54071
-7.312183
-1.431849
0.978714
-5.252756
-3.540617
3.46656
-7.460957
-7.207237
-7.708463
