10.410389
8.70702
12.096967
14.83214
14.576355
13.572819
12.109898
14.351825
7.051715
3.462223
10.350335
3.649189
1.895938
5.396837
5.281808
13.23422
0.522632
0.368116
10.121502
11.773783
-0.802085
4.517064
4.813488
2.418048
2.197882
-0.157777
8.694152
10.520687
14.520018
14.420611
13.557874
12.198475
13.8332
8.484824
6.568555
-0.212769
6.820435
-0.825833
-11.774711
-10.227899
-13.345199
-15.270119
-15.692988
-12.610181
-14.169372
-15.329205
-8.674254
-5.145832
-10.745119
-3.574047
-5.372926
-6.949723
-7.124505
-14.397722
-2.202043
-2.006936
-13.058764
-4.798193
-2.575499
-2.678277
-4.997399
-10.943528
-8.990318
-15.242943
-15.558528
-12.762399
-14.207746
-15.042806
-6.825263
-8.775298
-7.02452
