10.475818
12.247692
8.566122
1.241877
-1.416108
-3.609588
-5.310349
3.972013
13.982073
16.171097
-6.592677
16.366981
16.645837
15.482188
15.382141
6.387835
16.469077
16.264177
10.248382
8.433982
15.857961
-7.913414
-8.07637
-8.08644
-7.842432
-8.008265
-7.523515
-6.666679
1.414133
-1.227824
-3.515239
-5.3097
3.951905
-7.435956
-7.856823
-7.560042
-7.96586
15.928951
9.634508
11.546111
7.722958
-1.963753
0.547713
-5.7238
-4.090181
3.169254
13.436057
15.870836
-6.909134
16.448026
16.097383
14.965922
15.15446
5.543341
16.35042
16.165845
7.573649
-7.836095
-7.688311
-8.090165
-8.046917
-7.002231
-7.797227
-1.798898
0.683335
-5.717689
-3.950584
3.185347
-7.937449
-7.659093
-8.096363
