9.473361
11.004415
3.748754
9.748886
11.224773
8.138258
1.301158
-1.305438
-3.463986
-5.107888
3.981259
-6.290583
14.372926
14.594584
12.41752
13.637166
6.172367
6.338222
14.497673
14.236205
-7.587446
-7.686921
-7.274192
-6.451623
1.550903
-1.095465
-3.359219
-5.124551
-7.018466
-7.396707
-7.527066
-7.720723
14.098904
13.593796
8.664316
10.325571
8.927146
10.524827
7.239353
-1.920412
0.522249
-5.570934
-4.00523
3.072183
-6.663256
14.334585
14.0642
13.305641
11.985077
5.211283
5.368183
14.253892
13.968278
-7.730345
-7.700988
-8.133536
-6.809632
-7.541579
-1.717918
0.762457
-5.579745
-3.86104
-7.654723
-7.335663
-7.943242
