10.751397
8.957298
12.461236
15.05528
14.734021
13.699537
12.210889
14.661448
7.193115
10.417738
3.778382
2.094429
7.247443
5.484454
5.381038
13.88664
13.593277
0.775186
0.610229
12.159996
-0.555426
4.540256
4.918762
2.517095
2.249671
-0.10826
8.787938
10.626267
14.83716
14.615751
13.697836
12.312567
14.311545
8.517402
6.58774
-0.148484
6.913697
-0.552362
-11.728365
-10.097434
-13.318779
-15.130471
-15.559955
-15.213338
-8.435952
-10.614381
-3.261709
-5.031231
-6.643879
-6.772876
-8.509658
-14.31444
-1.90289
-1.753784
-13.038819
-4.733579
-2.531279
-2.714595
-5.043432
-10.842955
-8.937185
-15.116593
-15.455859
-12.63861
-14.083697
-15.038836
-6.736328
-8.665905
-7.015465
