10.355419
11.991165
8.613794
1.475341
-1.163341
-3.341348
-5.011013
4.195066
13.524053
-6.231147
15.581259
15.785348
13.470464
14.804166
14.738629
6.558059
6.586115
15.610214
15.540683
8.545175
15.263613
-7.44505
-7.833885
-7.903774
-7.401369
-7.889816
-7.161069
-6.31617
1.651943
-0.98393
-3.233261
-4.986951
4.255875
-7.006256
-7.380132
-7.223998
-7.615933
15.162177
9.429602
11.168131
7.654557
-1.770466
0.696229
3.26475
12.873801
-6.58752
15.574673
15.263353
14.23349
14.396572
12.93003
5.583821
15.477886
15.405393
7.539089
-7.484032
-7.364413
-7.968265
-7.906538
-6.681304
-7.434247
-1.576288
0.863433
-5.417593
-3.698573
3.349897
-7.55627
-7.283836
-7.811599
