11.003337
9.251058
12.730794
15.436143
15.133578
14.093774
12.600593
14.976658
7.498117
3.79843
10.79217
3.972611
2.243451
5.729391
5.641831
13.906187
0.897299
0.735182
10.806347
12.464141
-0.459391
4.793346
5.151822
2.690443
2.439214
0.045506
9.118304
10.975834
15.216506
14.998694
14.065883
12.671442
14.678955
8.865687
6.896622
-0.00484
7.210643
-0.468372
-11.832497
-10.204251
-13.437785
-15.677059
-15.338271
-8.547886
-4.89558
-10.706472
-3.255529
-5.060995
-6.736434
-6.833393
-14.457017
-1.865124
-1.693637
-13.187551
-4.677168
-2.421931
-2.565219
-4.956335
-10.908962
-8.973377
-15.19263
-15.563245
-12.7078
-14.154689
-15.206529
-6.742596
-8.722061
-7.006681
