11.127837
9.339354
12.858253
15.517318
15.175092
14.123132
12.620799
15.126136
7.532644
10.799574
4.003271
2.309285
7.538886
5.734839
5.664303
14.319301
14.082286
0.983389
0.825578
12.647794
-0.363732
4.791905
5.19
2.737486
2.465118
0.097311
9.167257
11.044267
15.391335
15.116555
14.160459
12.751935
14.944707
8.856206
6.882664
0.053302
7.24752
-0.360117
-11.804025
-10.134653
-13.41111
-15.179553
-15.621626
-12.486634
-14.061909
-15.320331
-8.411497
-10.612509
-3.102738
-4.885341
-6.564599
-6.646915
-8.413457
-14.690786
-14.468529
-1.729114
-1.576587
-13.223709
-4.603643
-2.361113
-2.543526
-4.937802
-10.856322
-8.930157
-15.170352
-15.571937
-12.649762
-14.111998
-15.282864
-6.658978
-8.633173
-6.970594
