10.461714
12.119061
8.703673
1.539841
-1.133032
-3.354984
-5.068143
4.287324
13.631422
-6.323766
15.569202
15.77965
13.50506
14.813498
14.813606
6.635846
6.700845
15.633158
15.621839
8.690491
15.414345
-7.639022
-8.044072
-8.141152
-7.583724
-8.147908
-7.23909
-6.344873
1.754967
-0.924557
-3.205552
-4.988513
4.407165
-7.126491
-7.538108
-7.392937
-7.756189
15.242763
9.53054
11.280248
7.74958
-1.734779
0.756265
-5.489207
-3.871117
3.345014
12.969437
-6.640828
15.602707
15.267732
14.305695
14.397942
12.945175
5.660956
5.68871
15.537363
15.5131
7.680625
-7.679851
-7.56879
-8.202496
-8.112072
-6.682208
-7.478377
-1.532968
0.92474
-5.398261
-3.67434
3.457673
-7.686343
-7.367675
-7.931058
