8.977469
10.722008
8.900782
12.42779
14.968717
14.62677
13.589195
12.098343
14.620476
7.112592
10.304929
3.730785
2.074284
7.164057
5.411621
5.309369
13.845517
13.563098
0.771369
0.606838
12.135631
-0.547913
4.461386
4.861269
2.481151
2.200547
-0.137317
8.703694
10.542999
14.785137
14.540765
13.618466
12.230726
14.297521
8.40628
6.4871
-0.17194
6.835662
-0.536274
-11.68529
-10.037823
-13.272043
-15.057584
-15.502005
-12.394712
-13.951598
-15.166236
-8.349746
-10.550909
-3.205304
-4.95521
-6.550259
-6.683363
-8.419523
-14.545905
-14.272612
-1.862357
-1.72758
-13.004708
-4.72455
-2.54348
-2.754201
-5.064917
-10.802436
-8.91003
-15.083025
-15.423671
-12.594831
-14.044668
-15.013018
-6.703874
-8.615743
-7.005541
