11.559473
10.145383
11.766596
8.391094
1.329971
-1.335815
-3.558201
-5.274923
4.060648
13.250291
-6.539972
15.16143
15.418293
13.096732
14.385171
6.321539
6.466815
15.324469
15.373641
15.161666
-7.970241
-8.297242
-7.99186
-7.487955
-6.596062
1.594561
-1.100075
-3.411862
-5.224778
-7.347638
-7.788541
-7.762116
-8.002032
14.930434
14.700401
10.874055
9.318577
11.059899
7.529456
-1.914468
0.58506
-5.682771
-4.054205
3.189021
12.710515
-6.843936
15.220281
14.890162
14.053707
12.640945
5.434637
5.546567
15.16885
15.213559
14.978241
-8.023806
-7.958251
-8.347537
-6.911657
-7.719428
-1.719887
0.785559
-5.637
-3.890507
-7.941234
-7.584231
-8.161279
