9.012066
10.715697
8.935942
12.411521
15.053757
14.713233
13.682012
12.198067
14.714546
7.163248
10.40829
3.740455
2.059962
7.209915
5.43827
13.825338
13.655168
0.729197
0.58348
0.552545
4.541545
2.274667
8.836158
10.70621
14.943036
14.718046
13.802
12.410734
8.5028
6.57234
-0.072403
6.933575
-0.575595
-0.561556
-10.124931
-11.723338
-10.086081
-13.300179
-15.100449
-15.581857
-12.404037
-13.965719
-15.29852
-8.387112
-10.550583
-3.236351
-4.989429
-6.72096
-8.466916
-14.56093
-14.432412
-1.89699
-1.741756
-1.708401
-4.634567
-2.434114
-4.951804
-10.834629
-8.900559
-15.197523
-15.582635
-12.641295
-14.119047
-6.645697
-8.58879
-6.947347
