11.525776
10.06364
11.676836
8.309852
1.261728
-1.384574
-3.582191
-5.275543
3.975372
13.181402
-6.524126
15.178412
15.439613
13.073616
14.381919
6.240259
6.369184
15.333361
15.346002
15.199567
-7.910759
-7.944052
-7.483411
-6.619854
1.507697
-1.163041
-3.461031
-5.261626
-7.319885
-7.743814
-7.713022
-7.960183
14.900199
14.727084
10.858085
9.253396
10.99717
7.459414
-1.961115
0.527402
-5.697552
-4.083032
3.123781
12.664504
-6.847728
15.220859
14.902763
14.066588
12.642489
5.365649
5.471175
15.152177
15.168194
14.992409
-7.957803
-7.889469
-8.254969
-6.948219
-7.73406
-1.773236
0.728062
-5.684993
-3.93679
-7.907835
-7.57431
-8.126629
