10.941595
9.175246
12.654526
15.345964
15.010883
13.971101
12.479722
14.968145
7.395246
10.674209
3.896234
2.194726
7.420092
5.623461
14.094698
13.913395
0.854979
0.707331
12.468647
0.677321
-0.474056
4.717073
5.096889
2.669762
2.408265
0.072081
9.068968
10.94998
15.235002
14.994978
14.060464
12.659882
8.746431
6.787279
0.025599
7.146994
-0.475449
-11.788024
-10.141008
-13.37956
-15.17412
-15.63938
-12.471685
-14.042956
-15.356227
-8.434228
-10.6018
-3.189349
-4.964576
-6.716807
-8.476282
-14.647891
-14.502941
-1.828067
-1.665096
-13.234081
-1.633652
-4.598675
-2.364959
-2.534295
-4.910378
-10.8658
-8.92183
-15.220921
-15.625296
-12.669889
-14.144872
-6.647884
-8.620294
-6.948291
