10.295854
11.958967
8.506267
1.365433
-1.30524
-3.527996
-5.247038
4.103603
13.497483
-6.518866
15.494623
15.747181
13.380084
14.703405
6.412467
6.516604
15.62932
15.621783
8.518271
15.525399
15.391639
-7.917113
-8.229043
-8.341436
-7.901695
-8.3505
-7.454289
-6.561928
1.606167
-1.080793
-3.385693
-5.19277
-7.336891
-7.773009
-7.66732
-7.963295
15.214311
9.443278
11.22318
7.62972
-1.881566
0.622206
-5.65448
-4.022701
3.229554
12.928952
-6.822415
15.558587
15.219743
14.353829
12.899069
5.521608
5.591204
15.49929
15.489162
7.60599
15.366852
-7.941227
-7.85035
-8.390075
-8.265913
-6.882157
-7.691172
-1.690485
0.802741
-5.600538
-3.853825
-7.90579
-7.566342
-8.116851
