10.958041
9.202273
12.678211
15.380024
15.066197
14.027728
12.536385
14.952317
7.442146
3.766669
10.730859
3.931074
2.211827
5.675961
5.595551
14.126223
13.886421
0.867009
0.711078
12.442505
-0.477475
4.754156
5.118767
2.67326
2.419183
0.049949
9.085128
10.951183
15.200979
14.978667
14.047688
12.652
14.681971
8.805929
6.84254
0.000906
7.172648
-0.484042
-11.813176
-10.180419
-13.411695
-15.228636
-15.663401
-12.542207
-14.115115
-15.346316
-8.507527
-10.666264
-3.240676
-5.033937
-6.693255
-6.797631
-14.474667
-1.86251
-1.693388
-13.20287
-4.649396
-2.40366
-2.555633
-4.93847
-10.893334
-8.953416
-15.206688
-15.589198
-12.69509
-14.153339
-15.244585
-6.707341
-8.683267
-6.98358
