11.230964
9.561088
12.961241
15.882784
15.591276
14.55299
13.063208
15.390375
7.828418
11.244252
4.155617
2.363278
5.973003
5.933983
14.440064
14.319881
0.962107
0.82712
12.850464
-0.400344
5.110958
5.435985
2.921099
2.699585
0.321527
9.576937
11.493307
15.770516
15.570875
14.62942
13.220294
9.28392
7.266145
0.254255
7.594717
-0.428681
-11.964937
-10.345063
-13.570567
-15.417325
-15.869299
-12.682956
-14.27574
-15.610342
-8.667917
-10.768696
-3.264089
-5.100376
-6.827606
-6.901461
-14.784163
-1.854169
-1.640728
-13.504497
-4.501997
-2.179082
-2.262008
-4.734797
-10.997377
-8.98486
-15.399629
-15.858863
-12.816209
-14.302806
-6.659682
-8.720574
-6.918928
