8.826359
10.567467
8.730695
12.25777
14.760115
14.401107
13.368117
11.881944
14.46832
6.934379
10.098554
3.60912
1.977492
6.995414
5.259818
13.653702
13.415123
0.683703
0.525589
0.530611
4.325293
4.736255
2.107946
8.54414
10.385838
14.619776
14.373565
13.46075
12.075843
8.212338
6.314227
-0.219229
6.682605
-0.594429
-0.545392
-10.029909
-11.62775
-9.977337
-13.200724
-14.975523
-15.449518
-12.306456
-13.856153
-15.135015
-8.272651
-10.477057
-3.202308
-4.926548
-6.634155
-8.364547
-14.464888
-14.24479
-1.884109
-1.758312
-1.683003
-4.715543
-2.563477
-5.074029
-10.764781
-8.876337
-15.076547
-15.418626
-12.560229
-14.022366
-14.996468
-6.664819
-8.555567
-6.982722
