10.384712
12.030174
8.632809
1.488508
-1.168543
-3.370994
-5.065302
4.222032
13.550859
-6.306518
15.542654
15.755432
13.455408
14.774373
14.749681
6.569064
6.625009
15.601172
15.568335
8.601085
15.329816
-7.588461
-7.976597
-8.065783
-7.54553
-8.06544
-7.231541
-6.359532
1.691105
-0.970377
-3.240513
-5.013632
4.320219
-7.097987
-7.49596
-7.35601
-7.720348
15.183736
9.466798
11.212314
7.686419
-1.769914
0.71146
-5.498049
-3.891914
3.293111
12.906897
-6.639554
15.561465
15.237187
14.252383
14.371245
12.915052
5.627627
15.483368
15.443096
7.605412
-7.628599
-7.517828
-8.12791
-8.044015
-6.706947
-7.485264
-1.572496
0.882157
-5.432767
-3.708413
3.396518
-7.65623
-7.354523
-7.902416
