10.553671
8.800204
12.253903
14.897992
14.617177
13.598964
12.123179
14.444748
7.097191
3.505115
10.348645
3.702359
1.983748
5.429078
5.308888
13.346869
0.64149
0.475439
10.254074
11.903273
-0.691215
4.503148
4.837695
2.438887
2.194978
-0.176214
8.689114
10.508447
14.592396
14.438368
13.551314
12.18305
13.967553
8.471521
6.553172
-0.222935
6.827931
-0.701549
-11.745447
-10.162261
-13.328183
-15.20414
-15.613942
-15.23579
-8.571776
-5.021208
-10.698518
-3.441155
-5.228837
-6.822568
-6.976404
-14.306348
-2.071556
-1.901573
-12.998208
-4.807694
-2.598676
-2.741333
-5.057641
-10.894335
-8.97512
-15.150843
-15.458694
-12.698615
-14.132609
-14.9636
-6.814911
-8.746327
-7.044307
