11.263444
9.632227
15.985552
15.746359
14.713515
13.226193
15.374923
7.953267
1.885602
4.085585
11.408757
2.397152
6.042838
14.276407
0.974996
0.825741
11.153658
12.803791
-0.421026
5.222557
5.504712
2.944955
2.746326
0.298558
9.65242
11.541642
15.729748
15.579958
14.649601
13.251573
15.094123
9.4538
7.422822
0.222811
7.683001
-0.464695
-12.036857
-10.45535
-15.562386
-15.951854
-15.626451
-8.857874
-2.815579
-5.130262
-10.925011
-3.40069
-7.045451
-14.763716
-1.951153
-1.716391
-13.471632
-11.899173
-4.598559
-2.240954
-2.27365
-4.76882
-11.074131
-9.058605
-15.400413
-15.819717
-12.891833
-14.346384
-15.525056
-6.786705
-8.865326
-6.986845
