11.241842
13.214588
1.502926
-1.259935
-3.568458
-5.390604
4.329129
15.088585
17.448879
17.313728
-6.790593
17.757052
16.544447
6.826485
17.576238
17.327437
11.036308
9.019346
16.971157
-8.276482
-8.414745
-8.377262
-8.054422
-8.261686
-7.643681
-6.657997
1.696825
-1.032795
-3.382202
-5.236111
4.31144
-7.743345
-8.249244
-7.714482
-8.228234
17.10913
10.310537
12.388528
-1.781628
0.809418
3.497871
14.428179
17.452545
17.08378
-7.001821
17.67701
16.068945
5.952605
17.634617
17.388418
8.103461
10.088014
-8.099994
-7.89046
-8.329151
-8.322139
-6.93488
-7.847977
-1.610778
0.881586
-5.574432
-3.790278
3.476004
-8.186781
-7.845939
-8.282001
