11.171009
9.458722
12.896094
15.728654
15.410516
14.368207
12.87529
15.29571
7.694238
11.057079
4.077779
2.326071
7.696365
5.8576
5.814684
14.363172
14.238518
0.951023
0.813538
12.779282
0.752803
-0.396995
4.97986
5.33487
2.611145
0.255829
9.42395
11.335063
15.646943
15.416955
14.470951
13.060357
9.102436
7.10277
0.197292
7.457514
-0.412666
-11.897691
-10.256493
-13.498874
-15.311105
-15.777083
-12.581643
-14.167439
-15.522608
-8.548903
-10.684073
-3.193486
-5.002376
-6.702539
-6.78382
-8.563059
-14.767327
-14.696886
-1.805107
-1.61389
-13.427932
-1.618934
-4.5101
-2.220588
-2.343806
-4.785529
-10.937946
-8.950332
-15.335539
-15.786761
-12.750533
-14.238548
-6.628989
-8.659262
-6.916468
