10.532268
12.298921
8.633333
1.344896
-1.372631
-3.648634
-5.428384
4.120398
13.932215
-6.768591
15.991712
16.282516
13.799891
15.167514
15.22449
6.459554
6.571328
16.182679
16.148738
8.653212
16.135535
15.916301
-8.306152
-8.526515
-8.248859
-8.613575
-7.6832
-6.733498
1.612888
-1.119007
-3.47101
-5.324382
-7.651102
-8.145692
-7.951035
-8.249508
15.776921
9.699923
11.587469
7.807329
-1.915491
0.635946
-5.787695
-4.102629
3.289939
13.384684
-7.012753
16.139532
15.75409
14.815086
14.836951
13.323656
5.646228
5.704083
16.109164
16.073503
7.794076
16.03111
-8.266095
-8.159635
-8.636449
-8.506307
-7.013439
-7.8873
-1.731222
0.794237
-5.697948
-3.924382
-8.19691
-7.814535
-8.349283
