11.083404
9.359905
12.806925
15.598032
15.286863
14.247238
12.755805
15.156713
7.603728
10.943419
4.02456
2.279736
7.619489
5.795608
5.736699
14.267258
14.092975
0.913131
0.768047
12.638522
-0.435634
4.901735
5.255172
2.783625
2.540574
0.175426
9.298852
11.190863
15.467446
15.247128
14.309079
12.905567
9.001299
7.01478
0.119478
7.353589
-0.449662
-11.872007
-10.238927
-13.472531
-15.293717
-15.743585
-12.582414
-14.163662
-15.460626
-8.552767
-10.691515
-3.229202
-5.036019
-6.722251
-6.812976
-8.581935
-14.744502
-14.614259
-1.841646
-1.656017
-13.341614
-4.570794
-2.294858
-2.423263
-4.844049
-10.929132
-8.957923
-15.29068
-15.712709
-12.738225
-14.212906
-15.427678
-6.669474
-8.681061
-6.946515
