10.561498
12.317848
8.68174
1.391648
-1.311985
-3.568365
-5.326622
4.159187
13.951219
-6.644659
16.041392
16.311442
13.848458
15.222232
15.241215
6.523309
6.600734
16.186001
16.122711
8.664845
15.867876
-8.101408
-8.353422
-8.43126
-8.030932
-8.409623
-7.556699
-6.627849
1.630981
-1.078307
-3.40604
-5.236142
-7.508978
-7.976458
-7.757241
-8.098905
15.764525
9.697295
11.568663
7.82013
-1.867859
0.667673
-5.704716
-4.038435
3.305054
13.368237
-6.911777
16.158934
15.785177
14.80269
14.866583
13.34646
5.671291
5.700957
16.111901
16.046971
7.765442
-8.066466
-7.946742
-8.449876
-8.347894
-6.927405
-7.776905
-1.682542
0.819537
-5.619547
-3.857756
3.390974
-8.045689
-7.693075
-8.216598
