11.063484
9.342498
12.784313
15.58086
15.268482
14.230129
12.739984
15.14572
7.5876
10.929251
4.011203
2.266508
7.604397
5.780744
5.72408
14.241761
14.081878
0.898128
0.755398
12.625816
-0.447078
4.893567
5.246037
2.778558
2.536375
0.1784
9.29198
11.186737
15.460322
15.242392
14.306327
12.903029
8.988176
7.003093
0.122211
7.344524
-0.4614
-11.869344
-10.237465
-13.467391
-15.289541
-15.745659
-12.574769
-14.155628
-15.469262
-8.549443
-10.684533
-3.233942
-5.038481
-6.719716
-6.813579
-8.582578
-14.737124
-14.625315
-1.849258
-1.662521
-13.3501
-4.562779
-2.288192
-2.416092
-4.835181
-10.928555
-8.953904
-15.300581
-15.72631
-12.739357
-14.217712
-6.661071
-8.673155
-6.939237
