10.712299
8.910252
12.421711
14.990843
14.671591
13.637849
12.149438
14.595083
7.147882
3.560749
10.358642
3.752662
2.074021
7.208207
5.453011
5.341596
13.844007
13.524659
0.760426
0.59136
12.094455
-0.570501
4.499173
4.878781
2.483106
2.213507
-0.149211
8.723914
10.552642
14.749893
14.530766
13.615824
12.23367
14.216005
8.464121
6.541146
-0.187729
6.860673
-0.56594
-11.713551
-10.084929
-13.303948
-15.53922
-15.178428
-8.431999
-10.614694
-3.273235
-5.040811
-6.646683
-6.779737
-8.511597
-14.2696
-1.915347
-1.770231
-12.993412
-4.763472
-2.568899
-2.756868
-5.074811
-10.835839
-8.939643
-15.090524
-15.415223
-12.629198
-14.067485
-14.975918
-6.754965
-8.674238
-7.030614
