11.202098
9.41956
12.940505
15.613942
15.280379
14.226006
12.721156
15.194099
7.616629
3.89822
10.895007
4.06174
2.356428
7.618716
5.807433
5.734503
14.412312
14.148026
1.027222
0.865327
12.714265
-0.331991
4.854324
5.247478
2.775697
2.506353
0.116827
9.23803
11.112176
15.462364
15.188145
14.227373
12.81779
15.005401
8.946095
6.962885
0.070889
7.316933
-0.331032
-11.83051
-10.162515
-13.444769
-15.643908
-15.329312
-8.448688
-4.755142
-10.649498
-3.104316
-4.89951
-6.599362
-6.671044
-8.439785
-14.474206
-1.718284
-1.562174
-13.233392
-4.613178
-2.357325
-2.530245
-4.939048
-10.873662
-8.947489
-15.16819
-15.56659
-12.66498
-14.119707
-15.280055
-6.681714
-8.664738
-6.984916
