10.609395
12.295265
8.833489
1.609929
-1.071105
-3.298938
-5.018044
4.367976
13.834349
15.657813
-6.279128
15.798423
15.997592
13.719608
15.043823
15.027612
6.754238
6.788985
15.833078
15.792165
8.792298
15.57529
-7.568788
-7.986979
-8.061767
-7.479277
-8.053678
-7.179978
-6.278515
1.809131
-0.869589
-3.14504
-4.922768
4.464202
-7.088776
-7.496873
-7.293416
-7.703859
15.442301
9.643482
11.412772
7.853265
0.817883
3.407358
13.131561
15.323605
-6.593718
15.833762
15.490902
14.491935
14.600909
13.123404
5.752968
15.766182
15.709908
7.748798
-7.594636
-7.463943
-8.117723
-8.052644
-6.618946
-7.418789
-1.473334
0.97101
-5.327324
-3.607674
3.501607
-7.632041
-7.323151
-7.877048
