10.668121
12.436592
8.787667
1.45861
-1.24082
-3.487799
-5.235741
4.227109
14.089217
16.094974
-6.543329
16.221202
16.472369
15.403975
15.387603
6.630527
6.667177
16.319479
16.217042
8.72896
15.939421
-7.933557
-8.209897
-8.260617
-7.834119
-8.221829
-7.445359
-6.526015
1.669612
-1.024265
-3.333365
-5.145731
4.294483
-7.400804
-7.849092
-7.577334
-7.975158
15.885548
9.764343
11.639486
7.889535
-1.806206
0.721377
-5.624967
-3.968623
3.349119
13.461159
15.801517
-6.823563
16.321292
15.950041
14.915418
15.017417
5.735015
16.261853
16.156884
7.786184
-7.891196
-7.750814
-8.279163
-8.21086
-6.839856
-7.676035
-1.620094
0.859539
-5.532278
-3.77987
3.412417
-7.920996
-7.59372
-8.102583
