9.049457
10.822316
9.001733
12.526529
15.097569
14.731822
13.688992
12.195209
14.793246
7.186914
10.393896
3.772436
2.123136
7.217093
5.449562
13.94792
13.752191
0.817217
0.66525
0.658482
4.522469
4.937606
2.271161
8.830929
10.700203
15.012259
14.740458
13.804707
12.405134
8.478447
6.547267
-0.071204
6.934671
-0.477649
-0.437731
-10.022345
-11.69462
-10.025452
-13.278829
-15.035295
-15.51577
-12.343331
-13.904116
-15.231792
-8.288343
-10.496741
-3.119829
-4.85935
-6.584706
-8.335572
-14.544826
-14.37294
-1.787042
-1.652522
-1.585207
-4.625952
-2.438955
-2.659026
-4.988244
-10.789645
-8.879889
-15.132581
-15.518716
-12.585954
-14.060125
-6.62002
-8.548422
-6.951688
