11.429475
9.764902
13.177609
16.123709
15.840145
14.793478
13.295966
15.588021
8.026251
4.162326
11.462753
4.293707
2.484951
6.098101
14.520048
1.080574
0.938919
11.384402
13.053397
-0.305122
5.252833
5.57712
3.022098
2.802167
0.385524
9.754584
11.671979
15.985873
15.772486
14.814506
13.398849
15.45492
9.485018
7.444002
0.31536
7.763904
-0.336268
-12.017488
-10.389606
-13.638846
-15.481562
-15.907428
-12.751131
-14.351521
-15.63288
-8.713462
-4.949225
-10.823576
-3.226141
-5.083888
-6.857468
-14.809389
-1.793845
-1.576665
-13.544618
-11.97547
-4.496864
-2.147044
-2.218605
-4.725602
-11.022586
-9.010252
-15.395332
-15.858948
-12.836058
-14.312106
-15.654294
-6.682661
-8.763365
-6.936827
