11.011183
12.907392
9.002955
1.484466
-1.276577
-3.593277
-5.418753
4.304026
14.667379
16.771942
-6.809811
16.848085
17.136136
16.034287
6.7931
17.001122
16.87154
10.914615
8.953401
16.60423
-8.36052
-8.549941
-8.581536
-8.198421
-8.520332
-7.679689
-6.68436
1.726478
-1.025223
-3.389359
-5.255464
4.380133
-7.745378
-8.263131
-7.873489
-8.288376
16.590882
10.111722
12.112337
8.147673
-1.806815
0.77855
-5.749286
-4.027925
3.460897
14.040141
16.536441
-7.016508
17.047491
16.617598
15.578854
5.909199
17.025315
16.890588
8.05064
10.010464
-8.243938
-8.080251
-8.558468
-8.488338
-6.950207
-7.867196
-1.625524
0.886527
-5.598375
-3.818308
3.504347
-8.236019
-7.856487
-8.353074
