10.941531
12.851662
8.905742
1.370989
-1.372598
-3.665687
-5.471681
4.174094
14.667152
17.053523
16.881117
-6.855827
16.993274
17.298917
16.096494
6.654165
17.151036
16.960784
10.776753
8.814594
16.622609
-8.379461
-8.499981
-8.506185
-8.225951
-8.420482
-7.738159
-6.770834
1.593092
-1.134502
-3.490739
-5.350948
4.201074
-7.79026
-8.298226
-7.881672
-8.30525
16.68395
10.074833
12.106921
8.082707
-1.890403
0.690895
-5.810811
-4.096598
3.374255
14.082848
16.646543
-7.076483
17.19026
16.766556
15.671658
5.82117
17.14984
16.966725
7.958586
9.91131
-8.236647
-8.065784
-8.471238
-8.416373
-7.045012
-7.94596
-1.721186
0.794093
-5.701884
-3.911724
3.38887
-8.26716
-7.911074
-8.366496
