9.503517
10.98826
9.691243
11.126052
8.131201
1.327791
-1.233505
-3.332475
-4.913533
3.975612
12.47093
-6.036151
14.375752
14.560731
12.402125
13.638646
6.204114
6.30146
14.410358
14.452554
14.190695
-7.146146
-7.617787
-7.240945
-7.027946
-6.270349
1.512863
-1.071321
-3.277482
-4.988081
4.093907
-6.714445
-7.026123
-7.129989
-7.397546
13.955277
13.492001
10.278149
8.827595
10.382008
7.174916
-1.873643
0.526772
-5.425879
-3.910317
3.036112
-6.470939
14.261673
14.027377
13.275905
11.946387
5.176708
5.285925
14.136165
14.179797
13.894534
-7.30379
-7.253976
-7.767778
-6.676524
-7.341401
-1.673322
0.760849
-5.473532
-3.777132
3.191211
-7.336072
-7.089928
-7.663738
