10.42576
8.601737
12.113462
14.61032
14.281122
13.257438
11.777795
14.269398
6.844464
10.006524
3.550575
1.902982
6.931763
5.20991
5.086344
13.501778
13.194865
0.603836
0.436724
11.766832
-0.69897
4.265754
4.651545
2.313904
2.037117
-0.28465
8.416647
10.230973
14.372828
14.168504
13.275811
11.905026
13.830822
8.140299
6.255067
-0.316488
6.579533
-0.687586
-11.625192
-10.006002
-13.19695
-15.013474
-15.456419
-12.3694
-13.915288
-15.095568
-8.359146
-10.541174
-3.322648
-5.059513
-6.770452
-8.485051
-14.465876
-14.170741
-1.994437
-1.861707
-12.87812
-4.809473
-2.660193
-2.872508
-5.13295
-10.789911
-8.909251
-15.053063
-15.35266
-12.585604
-14.027289
-14.85184
-6.74898
-8.62809
-7.029564
