10.052628
11.607118
8.38024
1.377186
-1.22026
-3.353218
-4.975062
4.059214
13.081235
-6.148208
15.132699
15.332322
13.049599
14.358421
14.270219
6.373305
6.417984
15.159205
15.110078
8.318106
14.816441
-7.296529
-7.69915
-7.789182
-7.312753
-7.791348
-7.108589
-6.314052
1.545848
-1.055933
-3.280594
-5.010539
4.121243
-6.879351
-7.219399
-7.159682
-7.50841
14.684706
9.160811
10.83092
7.429229
-1.838558
0.596317
-5.457764
-3.905636
3.137819
12.474187
-6.546235
15.075429
14.800665
13.977929
12.556635
5.381957
5.424478
14.957302
14.911673
7.331417
-7.376628
-7.281963
-7.875108
-7.798383
-6.702453
-7.408682
-1.646144
0.789105
-5.468765
-3.757218
3.239484
-7.453224
-7.204912
-7.735169
