9.486131
11.035459
3.69732
9.748628
11.242997
8.112581
1.255313
-1.35668
-3.521655
-5.174464
3.938072
-6.370296
14.449235
14.686315
12.465266
13.698201
6.12749
6.300086
14.596487
14.34968
-7.70219
-7.80336
-7.35551
-6.526755
1.512405
-1.140294
-3.41522
-5.191812
-7.111039
-7.502179
-7.623712
-7.805868
14.189604
13.73093
8.687993
10.375122
8.94767
10.570589
7.238954
-1.960564
0.491589
-5.628169
-4.052181
3.0524
-6.732355
14.429521
14.15166
13.38477
12.051953
5.197866
5.359862
14.352903
14.082163
-7.829637
-7.801015
-6.875973
-7.619081
-1.7622
0.730172
-5.641982
-3.913919
-7.744193
-7.416551
-8.015672
