10.645256
12.382997
8.805274
1.500137
-1.169303
-3.376669
-5.08195
4.248173
14.027498
16.149182
16.013877
-6.346882
16.213153
16.433985
15.401302
15.321467
6.667274
16.24291
16.097333
10.484925
8.690925
15.778654
-7.602909
-7.924142
-7.948134
-7.496743
-7.894635
-7.252119
-6.375569
1.665969
-0.986085
-3.253885
-5.02675
4.263537
-7.168558
-7.569381
-7.279176
-7.732487
15.776689
9.703572
11.543084
7.858456
0.742106
3.339955
13.358774
15.688101
-6.670316
16.258182
15.911971
14.812804
14.985326
5.692303
16.168646
16.022776
7.695813
9.489701
-7.574685
-7.41933
-7.979498
-7.950675
-6.723588
-7.513332
-1.568814
0.875663
-5.43392
-3.699716
3.380967
-7.679266
-7.402296
-7.892397
