10.825777
8.945337
10.717247
8.882291
12.413639
14.945332
14.572463
13.532315
12.040888
14.667641
10.246188
3.693015
2.060477
7.103723
5.35061
13.822
13.627107
0.763777
0.608745
4.423287
4.84515
2.197368
8.702452
10.565372
14.863688
14.59217
13.66315
12.267299
8.341265
6.425649
-0.125117
6.818075
-0.515559
-0.471114
-9.995052
-11.654423
-9.985209
-13.231952
-14.984175
-15.472937
-12.296514
-13.851901
-15.188286
-10.460064
-3.125892
-4.851124
-6.564192
-8.308436
-14.494813
-14.32342
-1.80606
-1.605039
-4.644828
-2.478284
-5.01775
-10.765023
-8.865018
-15.10816
-15.483605
-12.560899
-14.035735
-6.615123
-8.524907
-6.952409
