9.62647
11.189001
9.878611
11.393579
8.233013
1.328234
-1.289819
-3.458674
-5.114815
4.019777
-6.312469
14.631091
14.854592
12.641561
13.884889
6.242522
6.387264
14.74747
14.524239
-7.614133
-8.02352
-7.684882
-7.284529
-6.450603
1.56987
-1.080883
-3.348456
-5.117928
-7.056324
-7.441502
-7.514271
-7.740314
14.342623
13.929482
10.497399
9.042165
10.676145
7.330406
-1.899374
0.55337
-5.569568
-3.993268
3.112307
-6.67468
14.608719
14.325619
13.543064
12.191684
5.287529
5.41882
14.529369
14.281027
-7.732251
-7.686334
-8.128538
-6.804481
-7.54838
-1.698951
0.778931
-5.564636
-3.842556
-7.675791
-7.358476
-7.951603
