11.172197
9.465023
12.90562
15.731526
15.437173
14.39617
12.902916
15.243111
7.721769
3.953283
11.085466
4.103606
2.336675
5.898871
5.836986
14.173008
0.960529
0.810982
12.717167
-0.405157
4.996529
5.336814
2.837024
2.602054
0.206602
9.404339
11.292944
15.561107
15.349946
14.408632
13.00494
15.025363
9.136917
7.136362
0.146547
7.455373
-0.425167
-11.915821
-10.290359
-13.525243
-15.361566
-15.788509
-12.655813
-14.242013
-15.487487
-8.623939
-4.924431
-10.754016
-3.251925
-5.079269
-6.793662
-6.871703
-14.635649
-1.845428
-1.650709
-13.364332
-4.58428
-2.286469
-2.394707
-4.837463
-10.962418
-8.986253
-15.300827
-15.718944
-12.770489
-14.23549
-15.434124
-6.705513
-8.732935
-6.965309
