10.807325
12.602335
8.908233
1.543734
-1.19382
-3.489113
-5.284686
4.343945
14.234789
16.177788
-6.630754
16.237973
16.493034
15.445488
15.497645
6.737676
6.809283
16.36795
16.325021
8.905358
16.122659
-8.124585
-8.423766
-8.500749
-8.006947
-8.482593
-7.514455
-6.540704
1.793626
-0.947199
-3.289033
-5.131568
4.472039
-7.518379
-8.006206
-7.737929
-8.112864
15.997468
9.890529
11.778886
8.009522
-1.75479
0.799057
-5.642107
-3.953544
3.448078
13.585494
15.907246
-6.868605
16.38054
15.982867
15.016403
15.044456
5.860187
16.354696
16.297716
7.950645
-8.083138
-7.948929
-8.515759
-8.420651
-6.825443
-7.708417
-1.559839
0.936317
-5.494926
-3.738614
3.538792
-8.046935
-7.671495
-8.218388
