10.613522
8.639043
10.408609
8.518525
12.094635
14.459186
14.089209
13.055684
11.56797
14.199301
6.706784
9.792186
3.479434
1.891191
6.786244
5.087718
13.473582
13.147772
0.632644
0.459549
0.503051
-0.655322
4.111368
4.545669
2.244485
1.936816
-0.361673
8.243436
10.05099
14.265325
14.005929
13.099129
11.72302
13.801372
7.927815
6.062384
-0.380593
6.427262
-0.624543
-0.539534
-9.956157
-11.537438
-9.880068
-13.107874
-14.8662
-15.323334
-12.230242
-13.767945
-14.966024
-8.182614
-10.423681
-3.191342
-4.891866
-6.578343
-8.290667
-14.377521
-14.044433
-1.889717
-1.791268
-12.775007
-1.67517
-4.816324
-2.710274
-2.983393
-5.207643
-10.703452
-8.862097
-14.950678
-15.241013
-12.487268
-13.928298
-14.744675
-6.704773
-8.5429
-7.030051
