11.17907
9.469551
12.913757
15.734161
15.440168
14.398509
12.904575
15.243336
7.725315
3.955253
11.086442
4.107719
2.341611
5.902874
5.839315
14.173337
0.967071
0.81605
11.054149
12.718637
-0.400233
4.996344
5.337603
2.836568
2.600755
0.201704
9.401805
11.288368
15.557709
15.345053
14.402851
12.999218
15.021747
9.137795
7.137171
0.141996
7.454833
-0.419826
-11.915332
-10.289104
-13.525943
-15.361417
-15.784917
-12.65805
-14.244206
-15.479782
-8.623715
-4.92351
-10.756381
-3.249236
-5.07723
-6.793362
-6.870165
-14.626127
-1.841643
-1.648037
-13.356226
-4.590253
-2.292694
-2.402033
-4.844554
-10.961449
-8.987951
-15.293347
-15.708601
-12.768428
-14.23118
-15.421325
-6.710459
-8.736578
-6.969871
