10.798709
12.606703
8.882344
1.489069
-1.228077
-3.494109
-5.26293
4.273492
14.292644
16.320686
-6.592449
16.442112
16.698262
15.618925
15.60992
6.727881
16.544183
16.426904
10.690005
8.817692
16.150043
-8.013635
-8.274459
-8.313957
-7.888123
-8.265503
-7.481934
-6.54152
1.702831
-1.005125
-3.325843
-5.149579
4.336345
-7.470922
-7.934974
-7.616852
-8.033595
16.116835
9.884371
11.795345
7.985659
-1.78632
0.756224
-5.637517
-3.964461
3.397312
13.651081
16.041266
-6.853964
16.566715
16.178748
15.132415
15.224517
5.79885
16.515851
16.394428
7.873043
-7.949136
-7.797049
-8.320996
-8.260023
-6.844653
-7.701717
-1.600791
0.882343
-5.523842
-3.766316
3.450508
-7.978989
-7.641831
-8.145461
