11.43679
9.785698
13.189975
16.154378
15.890183
14.845632
13.349092
15.575299
8.066994
1.99003
4.179172
11.516729
4.321628
2.494885
6.133673
14.496807
1.083311
0.936084
11.370593
13.029236
-0.314623
5.2894
5.598023
3.027266
2.815549
0.373074
9.775628
11.682182
15.961886
15.767114
14.813575
13.402314
15.392759
9.541588
7.496447
0.299962
7.790679
-0.351258
-12.042315
-10.428794
-13.668572
-15.533395
-15.935726
-15.635579
-8.782698
-2.70736
-5.017718
-10.880764
-3.277618
-5.151453
-6.937651
-14.797749
-1.830968
-1.606322
-13.528274
-11.963204
-4.535052
-2.173317
-2.226886
-4.740947
-11.050033
-9.03744
-15.393336
-15.840952
-12.862918
-14.326641
-15.611216
-6.730888
-8.817083
-6.963039
