11.190689
13.1299
9.149756
1.545463
-1.221834
-3.54001
-5.368297
4.374712
14.942399
17.227574
17.081235
-6.765197
17.200716
17.479024
16.342659
6.871507
17.316302
17.129395
11.045838
9.05076
16.829073
-8.274881
-8.461341
-8.455649
-8.069119
-8.367351
-7.619122
-6.621724
1.760616
-0.9834
-3.338193
-5.195943
4.405066
-7.710198
-8.220862
-7.744723
-8.225336
16.889232
10.254303
12.291036
8.26916
-1.752836
0.835907
3.519875
14.273052
17.228716
16.84686
-6.972154
17.402519
16.963495
15.859076
5.970739
17.372309
17.180566
8.116837
10.092487
-8.130184
-7.938017
-8.421664
-8.389832
-6.893812
-7.811591
-1.573546
0.921783
-5.533952
-3.756493
3.530225
-8.174489
-7.814485
-8.286379
