10.636646
8.970404
15.171771
14.936211
13.927925
12.460701
14.624174
7.327885
1.511553
3.644693
10.687458
3.826892
2.031514
5.517533
13.502659
0.634672
0.480418
10.389107
12.035315
-0.716345
4.744286
5.021072
2.569665
2.364493
-0.030044
8.983906
10.82351
14.843252
14.749316
13.873744
12.507232
14.138656
8.799584
6.848158
-0.094136
7.083731
-0.751294
-11.869722
-10.327357
-13.455028
-15.395654
-15.797509
-12.726967
-14.29848
-15.432471
-8.784657
-2.990636
-5.20204
-10.838001
-3.576266
-5.410007
-7.045252
-14.512218
-2.173175
-1.958039
-13.178849
-11.613067
-4.760971
-2.490114
-2.555493
-4.930015
-11.005446
-9.028316
-15.302908
-15.640523
-12.826117
-14.268935
-15.170661
-6.843727
-8.83723
-7.025413
