10.964177
9.213921
12.694255
15.388246
15.10139
14.064134
12.572165
14.896938
7.477426
1.69067
3.773779
10.767123
3.963378
2.226807
5.624125
13.816578
0.880928
0.71108
10.729965
12.376701
-0.484121
4.775599
5.123767
2.658115
2.410725
-0.004939
9.066085
10.906534
15.108008
14.906401
13.980254
12.592217
14.534704
8.848703
6.883859
-0.055695
7.173395
-0.495561
-11.834511
-10.219197
-13.442775
-15.676463
-15.306099
-8.592803
-2.764115
-4.952124
-3.30532
-5.119852
-6.796323
-14.404848
-1.906176
-1.733206
-13.130883
-11.625101
-4.733645
-2.478093
-2.613152
-4.997772
-10.921214
-8.994572
-15.166452
-15.511374
-12.717625
-14.149446
-15.11416
-6.794615
-8.767522
-7.03955
