11.272301
9.883746
11.372018
8.278449
1.375815
-1.19557
-3.300414
-4.889731
4.03597
12.781144
-6.025187
14.776309
14.957547
12.747287
14.023156
6.320107
6.372849
14.782076
14.762867
8.225526
14.628588
14.480506
-7.110259
-7.564143
-7.672006
-7.159453
-7.691999
-7.000312
-6.236105
1.537175
-1.043215
-3.245329
-4.95286
4.108139
-6.719669
-7.030603
-7.040529
-7.371306
14.308309
10.53651
8.989529
10.592502
7.306014
-1.831815
0.57694
-5.397705
-3.874352
3.093175
12.172317
-6.454413
14.673852
14.42602
13.638587
12.259904
5.290128
5.351278
14.542794
14.526228
7.217114
14.366193
-7.232214
-7.153136
-7.780292
-7.696805
-6.644187
-7.316102
-1.634966
0.787209
-5.430314
-3.732674
3.213005
-7.312765
-7.081836
-7.627702
