11.179185
9.467872
12.920476
15.723778
15.445249
14.403727
12.908772
15.195542
7.735774
1.825289
3.952002
11.090796
4.122559
2.349493
5.846419
14.117251
0.977696
0.816436
11.015571
12.666826
-0.40254
4.996394
5.330178
2.818576
2.584838
0.155526
9.371179
11.239077
15.479955
15.277427
14.337668
12.939074
14.912255
9.147144
7.147498
0.095746
7.440073
-0.423887
-11.922207
-10.30516
-13.539367
-15.782302
-15.440076
-8.668282
-2.732282
-4.972366
-3.284242
-5.123866
-6.84928
-14.56576
-1.86441
-1.671051
-13.296093
-11.768102
-4.650378
-2.349937
-2.452658
-4.892888
-10.973434
-9.012644
-15.256307
-15.64418
-12.775707
-14.219893
-15.319769
-6.767992
-8.788222
-7.009173
