8.608268
10.314489
8.461339
11.994019
14.421329
14.076438
13.053363
11.574346
14.124165
6.689408
9.808869
3.45426
1.83652
6.784624
5.082741
13.367116
13.054919
0.555716
0.386845
11.633379
0.410653
-0.732747
4.130673
4.533671
2.228401
1.939304
-0.361704
8.246571
10.052363
14.19506
13.979357
13.090559
11.722578
13.672937
7.95397
6.089002
-0.38699
6.426644
-0.712805
-10.054062
-11.565175
-9.937912
-13.130005
-14.929956
-15.383566
-12.292641
-13.831213
-15.021687
-8.278922
-10.479458
-3.301354
-5.016041
-6.709284
-8.41642
-14.396124
-14.09079
-1.991818
-1.874527
-12.799453
-1.78821
-4.83208
-2.713047
-2.953219
-5.180834
-10.74627
-8.884516
-15.004701
-15.290525
-12.538798
-13.980466
-14.766271
-6.736077
-8.587044
-7.031582
