11.251214
9.864208
11.354239
8.253532
1.354038
-1.21981
-3.328503
-4.922357
4.01497
12.764342
-6.063135
14.756406
14.944669
12.724837
14.000023
6.290772
6.353525
14.776522
14.764124
8.210192
14.618788
14.485076
-7.170138
-7.611618
-7.72491
-7.225236
-7.747618
-7.040352
-6.272245
1.523099
-1.062305
-3.270893
-4.984703
4.095179
-6.76205
-7.080017
-7.098664
-7.415525
14.304398
10.525741
8.982042
10.58967
7.293635
-1.851794
0.560865
-5.425749
-3.897851
3.081564
12.169347
-6.486978
14.661861
14.411629
13.625198
12.248336
5.274215
5.344392
14.534572
14.525495
7.216666
14.353838
-7.290384
-7.215671
-7.831277
-7.739468
-6.675263
-7.352774
-1.655843
0.773526
-5.460181
-3.758672
3.205458
-7.357915
-7.119505
-7.667049
