10.636103
8.916626
12.342113
15.062975
14.800617
13.783932
12.309371
14.56449
7.234254
1.503385
3.59174
10.531618
3.784167
2.032869
5.429087
13.458707
0.669318
0.506269
10.360514
12.006828
-0.675834
4.629935
4.942969
2.514461
2.285355
-0.103586
8.846183
10.673945
14.74435
14.608864
13.721733
12.352268
14.091506
8.64581
6.709058
-0.157538
6.967745
-0.696028
-11.805237
-10.234919
-13.392801
-15.291397
-15.692429
-15.316316
-8.661618
-2.918181
-5.08806
-10.763344
-3.480628
-5.290694
-6.91164
-14.391662
-2.093118
-1.905305
-13.077959
-11.544155
-4.787
-2.548017
-2.659094
-5.006073
-10.94196
-9.000769
-15.207673
-15.528646
-12.751119
-14.186266
-15.051315
-6.829784
-8.789699
-7.040637
