10.666581
12.443997
8.776259
1.413949
-1.252661
-3.453011
-5.156373
4.158368
14.160722
16.395256
16.261963
-6.431492
16.486694
16.728469
15.523795
6.579638
16.527146
16.319413
10.445174
8.623509
15.939141
-7.690437
-7.936487
-7.931773
-7.575832
-7.850673
-7.339864
-6.472854
1.566055
-1.075486
-3.345913
-5.122965
4.129178
-7.267615
-7.672354
-7.329144
-7.799218
16.015293
9.750156
11.643236
7.862522
-1.821608
0.683413
3.292437
13.52479
16.269251
15.947865
-6.753168
16.548363
16.19566
15.041684
5.655454
16.449453
16.251439
7.672765
9.483477
-7.623401
-7.454917
-7.944243
-7.931692
-6.819633
-7.610811
-1.646485
0.805204
-5.528396
-3.780688
3.302065
-7.758635
-7.493766
-7.944171
