10.222904
11.827005
8.507094
1.415579
-1.194221
-3.337046
-4.971114
4.110818
13.356986
-6.160289
15.478784
15.678362
13.348888
14.690508
14.583294
6.469834
6.481629
15.487976
15.391302
8.409522
15.071787
-7.302517
-7.685577
-7.745393
-7.279875
-7.723931
-7.105702
-6.300245
1.569054
-1.034474
-3.260394
-4.992216
4.139389
-6.909514
-7.254402
-7.115724
-7.512851
15.001669
9.308455
11.024253
7.547168
-1.806978
0.638581
3.189417
12.723884
-6.548439
15.43783
15.148431
14.085126
14.294019
12.830868
5.487066
15.318528
15.225986
7.410423
-7.350438
-7.232201
-7.816802
-7.767195
-6.686331
-7.404108
-1.617459
0.811323
-5.441081
-3.726535
3.263415
-7.459916
-7.218803
-7.727501
