10.701561
8.967808
12.409788
15.114421
14.835756
13.813488
12.334673
14.642333
7.262504
3.620717
10.550637
3.806203
2.068351
5.555812
5.450083
13.54798
0.712687
0.551383
10.446847
12.099181
-0.629677
4.639869
4.969349
2.541977
2.304275
-0.075538
8.880762
10.717423
14.835258
14.675056
13.777093
12.401167
14.221188
8.65642
6.716074
-0.12712
6.996023
-0.644863
-11.797206
-10.209099
-13.386359
-15.260653
-15.67279
-15.312559
-8.607301
-5.019922
-10.726951
-3.413887
-5.215676
-6.841176
-6.977022
-14.401085
-2.032136
-1.85176
-13.09852
-4.753807
-2.518143
-2.644635
-4.995548
-10.92181
-8.983869
-15.20003
-15.535247
-12.728595
-14.170093
-15.089291
-6.794686
-8.754201
-7.025396
