10.592296
12.340427
8.730955
1.419706
-1.24541
-3.44741
-5.150229
4.161634
14.013626
16.064053
-6.419674
16.264372
16.502788
15.429443
15.341384
6.579237
16.315108
16.149228
10.408967
8.609227
15.801531
-7.692618
-7.964735
-7.983376
-7.59712
-7.921488
-7.33299
-6.463729
1.586264
-1.061502
-3.334438
-5.113118
4.164128
-7.247391
-7.653352
-7.359962
-7.800065
15.824528
9.681238
11.543007
7.815625
-1.819767
0.681392
3.286032
13.382504
15.745582
-6.741959
16.319488
15.972419
14.860933
15.040528
5.644469
16.226593
16.067017
7.65534
-7.648961
-7.495427
-8.006209
-7.974067
-6.808681
-7.598955
-1.640137
0.815325
-5.521018
-3.776847
3.318346
-7.754747
-7.47872
-7.95142
