11.239434
9.501316
12.977507
15.749495
15.434479
14.385277
12.885201
15.292977
7.725837
3.966555
11.05999
4.117519
2.375664
5.894983
5.834243
14.455679
14.237121
1.018225
0.865177
12.790158
-0.346251
4.972871
5.338861
2.844252
2.593886
0.201536
9.391056
11.280405
15.604922
15.358668
14.403423
12.993528
15.116084
9.104712
7.105063
0.146908
7.446217
-0.357193
-11.890247
-10.240604
-13.503694
-15.306255
-15.736463
-12.602112
-14.187168
-15.438757
-8.543275
-4.833356
-10.706465
-3.164085
-4.978948
-6.696229
-6.764983
-14.593751
-1.764917
-1.586017
-13.339788
-4.573631
-2.287927
-2.423837
-4.861876
-10.92601
-8.967182
-15.255
-15.675649
-12.726989
-14.191374
-15.411148
-6.680374
-8.695881
-6.964462
