10.711929
12.470194
8.850984
1.53208
-1.17543
-3.433276
-5.189352
4.308951
14.089629
16.028254
-6.497537
16.139935
16.377632
15.34694
15.350563
6.70872
6.752801
16.228641
16.157968
8.811584
15.918957
-7.891646
-8.213485
-8.276472
-7.785535
-8.250666
-7.391987
-6.459384
1.750649
-0.954016
-3.264116
-5.076447
4.400578
-7.352783
-7.802723
-7.543865
-7.942597
15.825934
9.784294
11.638052
7.928608
-1.750139
0.777354
-5.576407
-3.918771
3.401921
13.431218
15.731455
-6.773086
16.236758
15.863751
14.856134
14.938328
5.785796
16.185572
16.105144
7.835356
-7.865798
-7.727871
-8.303091
-8.22977
-6.771282
-7.613145
-1.556734
0.917552
-5.459831
-3.71516
3.480042
-7.87992
-7.543235
-8.074854
