11.238775
9.609932
12.974379
15.968574
15.713728
14.681984
13.1968
15.399163
7.92064
1.881804
4.073618
11.38108
4.209175
2.374262
6.017583
14.308169
0.949003
0.810912
11.166344
12.830616
-0.431484
5.207645
5.496435
2.95156
2.751247
0.338066
9.663986
11.571831
15.782368
15.625236
14.69478
13.292644
15.176569
9.423286
7.39387
0.26251
7.679403
-0.473417
-12.025071
-10.436128
-13.635798
-15.52965
-15.9522
-12.803621
-14.401265
-15.665692
-8.811036
-5.084166
-10.874658
-3.373001
-5.240244
-6.989572
-14.823172
-1.937978
-1.702789
-13.528549
-11.937535
-4.539084
-2.18691
-2.226482
-4.720335
-11.060648
-9.031676
-15.439844
-15.886093
-12.883943
-14.358351
-15.624937
-6.727258
-8.810046
-6.94538
