11.03775
12.98473
8.964505
1.377424
-1.386606
-3.703628
-5.535816
4.197042
14.82748
17.243547
17.065662
-6.947248
17.154775
17.473002
16.273096
6.692855
17.334737
17.144572
10.884207
8.883768
16.816561
-8.529863
-8.624833
-8.630012
-8.36019
-8.540997
-7.820213
-6.826762
1.613696
-1.13495
-3.510819
-5.390033
4.234193
-7.906532
-8.438734
-7.994087
-8.415483
16.879818
10.175292
12.243519
8.157182
-1.893204
0.707028
-5.855073
-4.119281
3.408254
14.246417
16.850124
-7.142918
17.384499
16.94214
15.855716
5.875614
17.35811
17.17366
8.042582
10.031902
-8.366761
-8.191716
-8.583019
-8.522551
-7.083975
-8.012288
-1.724846
0.802939
-5.726728
-3.927534
3.421274
-8.377217
-8.000605
-8.456506
