10.905455
12.753109
8.9498
1.494548
-1.237079
-3.518221
-5.304679
4.291514
14.479201
16.706307
16.54745
-6.654977
16.667043
16.932333
15.824641
6.758331
16.776919
16.637905
10.784552
8.875413
16.351482
-8.106317
-8.338783
-8.36512
-7.959148
-8.304436
-7.535162
-6.578422
1.709668
-1.008944
-3.340902
-5.175911
4.344414
-7.554042
-8.033063
-7.669402
-8.101834
16.347254
9.989289
11.939916
8.062582
-1.785639
0.77125
-5.665764
-3.977049
3.4261
13.835076
16.282526
-6.899811
16.816181
16.412926
15.349581
5.843239
16.771426
16.628843
7.939964
9.846778
-8.016543
-7.853428
-8.359043
-8.305292
-6.871579
-7.747082
-1.602765
0.885916
-5.539429
-3.774579
3.466309
-8.049271
-7.704685
-8.197382
