10.617645
12.437066
8.661897
1.269182
-1.418834
-3.647871
-5.386576
4.024019
14.199885
16.404571
-6.706381
16.564869
16.857558
15.61238
6.462317
16.695153
16.498926
10.415042
8.54931
16.116781
-8.109157
-8.248851
-8.260922
-8.014617
-8.181732
-7.62255
-6.72654
1.462965
-1.210646
-3.525263
-5.345794
4.024384
-7.583055
-8.037581
-7.706228
-8.10885
16.179832
9.776252
11.731599
7.83418
-1.953525
0.583822
-5.772251
-4.108767
3.229
13.65078
16.12951
-6.987418
16.689887
16.313309
15.200836
15.348881
5.630546
16.613672
16.433963
7.700876
-8.008492
-7.855804
-8.250302
-8.197834
-7.03832
-7.872246
-1.787957
0.710136
-5.733502
-3.956
3.246943
-8.077998
-7.768985
-8.21293
