10.795965
9.056429
12.513638
15.211475
14.93395
13.906422
12.422711
14.722777
7.34333
1.594297
3.675506
10.631215
3.866789
2.127207
5.515339
13.631247
0.775364
0.608579
10.539451
12.186531
-0.578384
4.689916
5.023881
2.579913
2.339501
-0.060668
8.941375
10.774956
14.915316
14.743174
13.835809
12.456798
14.307551
8.729502
6.78043
-0.112082
7.057424
-0.592816
-11.813006
-10.217679
-13.410606
-15.674628
-15.301793
-8.614364
-2.834748
-5.008782
-10.745968
-3.384502
-5.19398
-6.840228
-14.388981
-1.993332
-1.815376
-13.096534
-11.578789
-4.761001
-2.517133
-2.644579
-5.007347
-10.925231
-8.994066
-15.179942
-15.512124
-12.727262
-14.16082
-15.07467
-6.808905
-8.772161
-7.03994
