11.069895
9.417188
12.788896
15.726614
15.449736
14.421916
12.940891
15.225046
7.713923
11.135538
4.070821
2.268742
5.888369
5.842587
14.25258
14.140616
0.857763
0.725502
12.665068
-0.496401
5.044215
5.349758
2.639807
0.271742
9.471781
11.38063
15.588634
15.424168
14.50259
13.103189
9.191613
7.187112
0.202469
7.497169
-0.529821
-11.953917
-10.358185
-13.549914
-15.426662
-15.881282
-12.695711
-14.284701
-15.616415
-8.711119
-10.784538
-3.357523
-5.193721
-6.895171
-6.990302
-14.81515
-14.776952
-1.951494
-1.729645
-13.476972
-4.532863
-2.216476
-4.740319
-11.011366
-8.991418
-15.420308
-15.865857
-12.836489
-14.323263
-6.683041
-8.738394
-6.922586
