10.708273
12.577796
8.694022
1.253951
-1.485803
-3.782046
-5.591507
4.046554
14.345565
-6.978714
16.599332
16.930248
15.713848
15.751591
6.435946
6.520666
16.823939
16.700508
8.668576
16.395889
-8.583794
-8.676977
-8.488292
-8.67537
-7.883103
-6.913617
1.516695
-1.225842
-3.603212
-5.483358
-7.911365
-8.438934
-8.127106
-8.456233
16.37169
9.906524
11.912529
7.924543
-1.993523
0.591084
-5.922399
-4.202912
3.281189
13.836077
-7.1905
16.808332
16.390426
15.379907
15.414849
5.709875
5.734088
16.781514
16.667457
7.87821
-8.464677
-8.331267
-8.592499
-7.172618
-8.081507
-1.82515
0.721566
-5.836615
-4.035406
-8.419797
-8.031588
-8.51186
