11.077416
9.196591
11.036973
9.194438
12.755671
15.308117
14.92207
13.865407
12.360141
15.018171
7.340081
10.540752
3.884927
2.248494
7.342599
5.561767
14.196896
13.996097
0.95494
0.800263
0.807255
4.613109
5.054255
2.652042
2.353235
0.034837
8.975487
10.856408
15.262148
14.943299
13.981042
12.56816
8.603022
6.653856
0.002337
7.067538
-0.343364
-0.287559
-9.946498
-11.709731
-10.00809
-13.306236
-15.022263
-15.50156
-12.324009
-13.889972
-15.228497
-10.473185
-2.994012
-4.733103
-6.46418
-8.22874
-14.578178
-14.389017
-1.656758
-1.533019
-1.443752
-4.57977
-2.383825
-2.622816
-4.976011
-10.771014
-8.869643
-15.109305
-15.516047
-12.559474
-14.034961
-15.239212
-6.584637
-8.521375
-6.94354
