9.752584
11.324523
10.05861
11.588525
8.417169
1.472846
-1.166627
-3.360013
-5.037717
4.186729
12.957204
-6.24695
14.716592
14.918248
12.776032
14.001304
6.431607
6.568275
14.807016
14.909425
14.566017
-7.552577
-8.023892
-8.191494
-7.587837
-8.255363
-7.197047
-6.333956
1.717793
-0.952246
-3.222701
-4.993725
-6.998968
-7.390432
-7.434638
-7.692204
14.446367
13.989539
10.582906
9.169035
10.797158
7.469592
-1.78778
0.6719
-5.483579
-3.897913
3.231846
-6.594748
14.699765
14.404249
13.613422
12.264942
5.430407
5.542351
14.633559
14.720204
14.364638
-7.677324
-7.620688
-8.292054
-8.142675
-6.68281
-7.443857
-1.577204
0.888174
-5.429091
-3.717636
3.410343
-7.615101
-7.286336
-7.903426
