10.803434
9.150512
15.395969
15.16258
14.148422
12.67635
14.82523
7.502221
1.611017
3.765858
10.891711
3.9411
2.129216
5.664615
13.708045
0.723248
0.570302
10.592058
12.238393
-0.641083
4.880379
5.155271
2.672541
2.471107
0.0599
9.170313
11.022752
15.081402
14.976524
14.087441
12.71312
14.388965
8.986175
7.012517
-0.008084
7.251122
-0.679616
-11.919652
-10.369671
-13.514251
-15.449977
-15.846531
-15.490349
-8.816728
-2.951914
-5.195132
-10.870077
-3.539374
-5.38828
-7.059498
-14.58432
-2.12188
-1.899423
-13.260425
-11.691516
-4.719877
-2.423275
-2.475964
-4.884557
-11.02946
-9.040203
-15.333684
-15.69244
-12.84991
-14.295169
-15.267215
-6.833587
-8.851932
-7.016671
