10.938626
12.841058
1.371304
-1.343342
-3.596334
-5.361885
4.154105
14.685806
17.079554
16.938053
-6.711501
17.132218
17.419197
16.145492
6.616072
17.229674
16.96709
10.691307
8.751555
16.559895
-8.109907
-8.236197
-8.202178
-7.944131
-8.088413
-7.59758
-6.674486
1.543654
-1.139703
-3.458376
-5.28348
4.109423
-7.619971
-8.085359
-7.622454
-8.108596
16.710062
10.047043
12.073183
8.061297
-1.872224
0.684812
3.345784
14.077405
17.019847
16.679052
-6.971487
17.286059
16.882121
15.698115
5.766715
17.21283
16.964248
7.866618
9.780701
-7.960458
-7.768122
-8.169645
-8.160978
-6.980127
-7.838631
-1.708158
0.777116
-5.652534
-3.87298
3.32322
-8.077472
-7.774805
-8.192745
