10.793568
9.000283
12.5021
15.111214
14.778654
13.742005
12.252274
14.73909
7.224019
10.455818
3.794772
2.114206
7.268706
5.498781
5.40756
13.928576
13.678467
0.793205
0.634573
12.242923
-0.532026
4.566734
4.952117
2.550928
2.281441
-0.060798
8.845333
10.698134
14.940799
14.707176
13.783452
12.392745
14.442364
8.547925
6.613021
-0.101254
6.957552
-0.527708
-11.73208
-10.09134
-13.320781
-15.11919
-15.566727
-12.443311
-14.006029
-15.245517
-8.406723
-10.587739
-3.223083
-4.987289
-6.602068
-6.727228
-8.470831
-14.59309
-14.36325
-1.869599
-1.720387
-13.091255
-4.686179
-2.48144
-2.669003
-5.006032
-10.836872
-8.922338
-15.141643
-15.502775
-12.634704
-14.091854
-15.12051
-6.695655
-8.632982
-6.98895
