10.966205
9.218172
12.680449
15.411898
15.086244
14.048205
12.558331
15.013512
7.450295
10.752551
3.926966
2.209041
7.474456
5.669142
5.605011
14.124874
13.954091
0.85781
0.712527
12.50445
0.673135
-0.475678
4.772372
5.140304
2.700945
2.447508
0.10554
9.137232
11.022792
15.296335
15.068094
14.135305
12.734759
8.821812
6.854918
0.055349
7.206595
-0.482251
-11.815644
-10.176643
-13.408191
-15.21578
-15.678913
-12.508785
-14.083051
-15.398507
-8.479342
-10.632021
-3.215378
-5.000766
-6.760465
-8.522362
-14.676208
-14.547567
-1.846516
-1.674038
-13.274027
-1.655674
-4.587807
-2.34031
-2.493304
-4.882774
-10.889585
-8.933403
-15.252905
-15.664065
-12.696951
-14.173675
-6.653772
-8.639893
-6.944394
