10.366555
12.063527
8.540547
1.350105
-1.331996
-3.566865
-5.300718
4.097409
13.639271
-6.591277
15.67748
15.942219
13.528157
14.871384
14.893085
6.420165
6.520489
15.825804
15.79921
8.546027
15.749158
15.557274
-8.022235
-8.299787
-8.402188
-7.992969
-8.400764
-7.521245
-6.616124
1.594066
-1.10195
-3.418394
-5.237109
-7.427918
-7.878697
-7.738466
-8.040994
15.405146
9.521007
11.337584
7.680302
-1.897466
0.619406
-5.695773
-4.049775
3.240067
13.078863
-6.879928
15.764817
15.413016
14.529005
13.050865
5.55499
5.616442
15.71079
15.683387
7.652143
15.605151
-8.023085
-7.924885
-8.438394
-8.317226
-6.926546
-7.751809
-1.70993
0.791511
-5.635927
-3.880633
-7.986735
-7.639573
-8.178787
