11.617575
10.106052
11.752017
8.31332
1.221703
-1.434931
-3.643915
-5.351923
3.94251
13.295688
-6.620403
15.340713
15.619497
13.195494
14.524906
6.214877
6.345675
15.518615
15.513491
15.411451
-8.049498
-8.075508
-7.577502
-6.702374
1.474242
-1.205931
-3.518148
-5.3331
-7.435855
-7.877017
-7.819195
-8.062968
15.076273
14.98024
10.96592
9.313846
11.096634
7.489493
-1.997551
0.505085
-5.760385
-4.130575
3.116653
12.800042
-6.928142
15.409487
15.078686
14.225961
12.779385
5.376686
5.480457
15.346514
15.347998
15.213241
-8.072103
-7.999716
-7.019121
-7.821985
-1.814614
0.699506
-5.747813
-3.988219
-8.015525
-7.671919
-8.211519
