9.439432
15.741962
15.524961
14.500241
13.018227
15.100173
7.789396
9.291079
1.763973
3.956
11.214405
5.90397
13.983431
0.884589
0.722121
10.883438
12.516273
-0.514414
-0.5162
5.091162
5.359552
2.81695
2.620945
0.151524
9.429471
11.2823
15.381738
15.264293
14.354059
12.971724
14.682691
13.578478
9.285158
7.277606
0.07827
7.497986
-12.001376
-10.444977
-15.912015
-15.530638
-8.90101
-10.211862
-2.912995
-5.220646
-7.124866
-14.626118
-2.0512
-1.820217
-13.320471
-11.767283
-4.717575
-2.379357
-2.409764
-4.868869
-11.073846
-9.0821
-15.334548
-15.697778
-12.887661
-14.316768
-15.306783
-14.376535
-6.874844
-8.924013
-7.044847
