10.206684
11.812454
8.485388
1.402877
-1.218903
-3.378867
-5.030448
4.105843
13.329
-6.235048
15.399128
15.609502
13.287556
14.615575
14.543201
6.443274
6.484023
15.439804
15.376902
8.422408
15.087153
-7.437397
-7.812889
-7.892473
-7.424227
-7.88438
-7.180709
-6.35652
1.580303
-1.042925
-3.286689
-5.03527
4.167908
-6.995816
-7.360626
-7.247928
-7.611516
14.975359
9.308977
11.027379
7.544085
-1.825456
0.631049
-5.491436
-3.914999
3.19244
12.713373
-6.605593
15.378243
15.080581
14.059896
14.231142
12.780754
5.502102
15.273687
15.212546
7.442588
-7.488494
-7.381874
-7.96263
-7.889617
-6.727895
-7.464524
-1.634244
0.810134
-5.476491
-3.756007
3.284221
-7.556225
-7.290195
-7.815332
