11.12263
9.452974
15.739065
15.489003
14.456935
12.969728
15.161923
7.762345
1.794886
3.955977
11.159678
2.31773
5.876533
14.065289
0.920745
0.76306
10.95728
12.603591
-0.464796
5.050511
5.350316
2.825436
2.612242
0.172717
9.417512
11.284661
15.457284
15.298759
14.374686
12.983194
14.828334
9.222066
7.217465
0.105315
7.47954
-0.498543
-11.964388
-10.377892
-15.857085
-15.508103
-8.781816
-2.821127
-5.092821
-10.873569
-3.393778
-6.982346
-14.62529
-1.960712
-1.745895
-13.335152
-11.786042
-4.663368
-2.342628
-2.407058
-4.859043
-11.02546
-9.041799
-15.31616
-15.701503
-12.836234
-14.279593
-15.354904
-6.804636
-8.843797
-7.013039
