11.107876
13.011792
1.538304
-1.192817
-3.464514
-5.244298
4.340298
14.821866
17.089231
16.967669
-6.595888
17.416533
16.22963
6.812052
17.218368
16.982965
10.898482
8.949744
16.627787
-7.974303
-8.184456
-8.152834
-7.774051
-8.048475
-7.460243
-6.513924
1.708809
-0.988395
-3.302211
-5.121148
4.314452
-7.503304
-7.965863
-7.482167
-8.005685
16.745831
10.152283
12.15577
0.816995
3.471539
14.134837
17.053081
16.701565
-6.84952
17.306963
15.725674
5.888448
17.243338
17.008989
7.985458
9.905396
-7.841591
-7.638705
-8.130188
-8.133502
-6.820796
-7.687856
-1.563709
0.901689
-5.482948
-3.719727
3.458362
-7.959799
-7.652167
-8.098396
