8.615128
10.299415
8.464034
11.975531
14.441339
14.101694
13.082046
11.606283
14.138589
6.703456
9.843377
3.454974
1.825143
6.800033
5.09217
13.347045
13.065553
0.532893
0.369537
11.637765
0.378984
-0.753146
4.158043
4.550472
1.961118
8.28519
10.098623
14.227278
14.024496
13.140343
11.772837
13.694
7.988117
6.119826
-0.361155
6.455446
-0.737574
-10.084569
-11.581339
-9.962197
-13.142889
-14.954376
-15.416331
-12.308219
-13.848356
-15.066819
-8.307634
-10.491015
-3.329227
-5.04785
-6.743643
-8.45253
-14.405175
-14.141346
-2.018657
-1.89246
-12.842237
-1.821829
-4.811665
-2.68461
-5.146361
-10.763169
-8.886818
-15.044354
-15.340921
-12.560908
-14.009689
-14.824521
-6.727403
-8.589274
-7.017205
