11.270209
9.852779
11.364403
8.210634
1.291214
-1.29117
-3.410792
-5.018703
3.956351
12.800771
-6.178383
14.822812
15.032806
12.760323
14.048431
6.223856
6.30216
14.878374
14.863384
8.1784
14.731939
14.577307
-7.341629
-7.73428
-7.402496
-7.15841
-6.379438
1.474834
-1.122236
-3.348363
-5.079592
4.043047
-6.895028
-7.232957
-7.24888
-7.542514
14.400481
10.571685
9.001375
10.639599
7.286947
-1.908082
0.518241
-5.507944
-3.964912
3.054366
12.241691
-6.585856
14.755038
14.494406
13.699746
12.311564
5.250789
5.333559
14.635751
14.62764
7.228322
14.46655
-7.444225
-7.373725
-7.840715
-6.768594
-7.463327
-1.716963
0.730949
-5.547674
-3.833235
3.177804
-7.489894
-7.235546
-7.776342
