10.407844
8.410832
10.151786
8.246383
11.820057
14.125037
13.753073
12.729379
11.249907
13.898999
6.446385
9.492089
3.306464
1.739991
6.552648
4.883621
13.170411
12.839944
0.492125
0.318636
0.364992
3.912632
4.346981
1.781361
7.971789
9.762132
13.913921
13.674546
12.789463
11.425274
13.428764
7.65434
5.821679
-0.503547
6.181617
-0.739869
-0.652236
-9.944745
-11.466139
-9.822449
-13.021547
-14.790328
-15.258017
-12.166242
-13.692987
-14.890969
-10.377857
-3.254554
-4.93308
-6.597872
-8.293192
-14.284679
-13.949475
-1.97457
-1.884782
-1.764866
-4.872524
-2.803316
-5.266715
-10.671578
-8.844511
-14.915169
-15.176629
-12.457189
-13.896613
-14.615108
-6.717296
-8.520807
-7.039051
