9.390246
10.825258
9.573057
10.954013
8.070779
1.341398
-1.192812
-3.26015
-4.805634
3.968074
12.253224
-5.889229
14.138372
14.301013
12.200191
13.417137
6.186144
6.27256
14.136343
14.184003
13.893755
-6.912797
-7.433503
-7.026939
-6.891717
-6.168252
1.506616
-1.04961
-3.227148
-4.909805
4.075816
-6.531447
-6.808132
-6.951657
-7.22601
13.67119
13.126672
10.104068
8.694946
10.193172
7.083927
-1.851717
0.521448
-5.346183
-3.86138
3.004165
-6.358927
13.976163
13.767919
13.04169
11.739303
5.114286
5.223979
13.832157
13.881381
13.568957
-7.102793
-7.058222
-7.61413
-6.598777
-7.225624
-1.648293
0.76548
-5.41476
-3.733649
3.163852
-7.162578
-6.944613
-7.522578
