10.840701
9.11159
12.557681
15.289095
15.007116
13.978877
12.49521
14.808123
7.395083
1.626962
3.715581
10.701078
3.89448
2.149175
5.560945
13.720304
0.789758
0.629612
10.617068
12.271032
-0.561508
4.739114
5.072414
2.622976
2.385154
-0.00442
9.022572
10.870591
15.030508
14.854802
13.943833
12.560443
14.436702
8.791808
6.834634
-0.057969
7.122877
-0.577633
-11.830007
-10.230987
-13.426453
-15.289773
-15.700822
-15.350826
-8.613546
-4.994279
-10.73913
-3.367097
-5.177246
-6.82992
-6.948117
-14.45303
-1.976676
-1.793589
-13.160815
-4.715909
-2.463085
-2.585475
-4.961633
-10.93252
-8.987516
-15.217996
-15.571896
-12.738214
-14.182905
-15.166498
-6.777907
-8.754616
-7.015525
