10.672727
12.438019
8.798772
1.459064
-1.219695
-3.437715
-5.15661
4.213209
14.115105
16.295092
16.152118
-6.439775
16.339423
16.577281
15.437999
6.640564
16.393238
16.235396
10.505101
8.685496
15.905611
-7.738526
-8.017268
-8.037118
-7.628561
-7.976591
-7.344017
-6.45664
1.633029
-1.028517
-3.310318
-5.097224
4.226448
-7.279211
-7.696698
-7.387422
-7.832917
15.919923
9.750314
11.623604
7.878432
-1.792704
0.717703
3.329635
13.468964
15.841379
-6.748283
16.408914
16.051428
14.949199
15.111542
5.697156
16.32538
16.170178
7.721793
-7.689564
-7.532453
-8.056609
-8.023238
-6.793313
-7.599006
-1.610618
0.847
-5.496601
-3.751619
3.364341
-7.784097
-7.496205
-7.976368
