11.377928
9.977142
11.55539
8.258652
1.267429
-1.371691
-3.563636
-5.24877
3.97434
13.015786
-6.48443
14.949688
15.203753
12.887779
14.169827
6.214381
6.360535
15.105419
14.93195
-7.863916
-7.916987
-7.450192
-6.592411
1.520698
-1.148863
-3.442768
-5.238737
-7.265751
-7.683178
-7.700895
-7.92518
14.686569
14.416752
10.711114
9.168775
10.875745
7.401031
-1.956377
0.52321
-5.677702
-4.072223
3.110448
-6.816076
14.97666
14.668723
13.853871
12.459738
5.322782
5.447794
14.908707
14.709621
-7.936383
-7.881224
-8.256138
-6.924528
-7.701396
-1.764368
0.735783
-5.668338
-3.926061
-7.868791
-7.532458
-8.103161
