10.710248
12.5715
8.707789
1.275044
-1.460294
-3.750803
-5.553419
4.065111
14.331079
-6.932363
16.579533
16.902137
15.699661
15.729028
6.45873
6.535761
16.789355
16.663896
8.675507
16.358695
-8.512363
-8.622722
-8.414719
-8.618282
-7.836126
-6.872559
1.53062
-1.20582
-3.575406
-5.447918
-7.857535
-8.376216
-8.063964
-8.403477
16.336723
9.897044
11.891823
7.924574
-1.97375
0.604926
-5.890678
-4.177892
3.288602
13.808447
-7.151708
16.77717
16.363907
15.346385
15.391109
5.734562
16.746079
16.629095
7.869048
-8.399308
-8.263691
-8.648951
-8.546149
-7.137809
-8.038684
-1.803937
0.73509
-5.804659
-4.008403
-8.36564
-7.985327
-8.466365
