9.213322
11.032461
9.202727
12.754492
15.324395
14.955384
13.901235
12.397428
14.997976
7.367017
10.579677
3.902671
2.250396
7.376143
5.59377
14.199602
13.966245
0.949897
0.791004
12.540875
0.799997
-0.379035
4.640051
5.066718
2.652478
2.361331
0.022556
8.987682
10.859493
15.232302
14.931417
13.974216
12.565571
14.829074
8.645084
6.693226
-0.012609
7.084565
-0.362864
-9.998526
-11.730061
-10.042028
-13.329882
-15.066377
-15.526774
-12.377361
-13.944533
-15.232729
-8.289827
-10.521643
-3.043172
-4.795638
-6.534888
-8.295959
-14.60588
-14.380823
-1.694309
-1.563584
-13.143272
-1.48041
-4.612367
-2.406732
-2.629557
-4.987732
-10.795078
-8.892504
-15.11038
-15.503497
-12.583633
-14.049247
-15.203668
-6.625454
-8.566763
-6.964816
