11.537627
10.203193
11.7703
8.531944
1.51533
-1.129353
-3.324011
-5.004417
4.236976
13.185509
-6.219538
15.01491
15.210564
13.034158
14.288858
6.526128
6.625097
15.077144
15.130538
8.557029
14.886998
14.957065
-7.494535
-7.958073
-8.094525
-7.494588
-8.135262
-7.15709
-6.292373
1.738638
-0.925186
-3.188938
-4.954122
4.394675
-6.980481
-7.367205
-7.339417
-7.649616
14.700625
10.773171
9.286355
10.947146
7.566996
-1.749742
0.713529
-5.450008
-3.861591
3.27589
12.540413
-6.566836
15.001811
14.698267
13.881124
12.495951
5.516914
5.589577
14.929025
14.96751
7.537947
14.710154
-7.594226
-7.514284
-8.18501
-8.066617
-6.645647
-7.408053
-1.541491
0.911519
-5.385191
-3.674698
3.426337
-7.574508
-7.261371
-7.856526
