11.034781
12.942952
1.455107
-1.272014
-3.539702
-5.318025
4.250724
14.77202
17.10613
16.971977
-6.674089
17.157647
17.431909
16.206034
6.7206
17.24182
16.997188
10.812751
8.862455
16.621329
-8.07747
-8.241963
-8.211471
-7.893317
-8.103693
-7.547987
-6.607427
1.631327
-1.06421
-3.385181
-5.211703
4.221043
-7.586679
-8.056245
-7.582387
-8.083015
16.750324
10.113417
12.1331
8.136908
-1.808
0.752889
3.414231
14.126399
17.062757
16.713279
-6.925438
17.314465
16.903745
15.732822
5.837265
17.249744
17.012081
7.941659
9.865516
-7.934255
-7.737474
-8.182226
-8.176
-6.909669
-7.778388
-1.637586
0.84118
-5.574291
-3.801098
3.398413
-8.044103
-7.733175
-8.167533
