10.263942
11.956397
8.431183
1.248823
-1.407209
-3.608373
-5.311093
3.973238
13.570458
-6.581366
15.742702
16.015931
13.527693
14.904156
14.873469
6.305318
6.380387
15.881272
15.796972
8.391017
15.484316
-7.954435
-8.18372
-7.938824
-7.526488
-6.660127
1.465882
-1.196969
-3.495396
-5.298276
-7.404388
-7.833157
-7.678607
-7.993962
15.402331
9.443259
11.270986
7.589957
-1.967541
0.535866
-5.724396
-4.096081
3.148067
13.044234
-6.895749
15.810677
15.47375
14.467101
14.5862
13.08642
5.46271
5.512524
15.732425
15.659072
7.529249
-7.940903
-7.836811
-8.190783
-6.987356
-7.783825
-1.790467
0.706247
-5.711523
-3.952142
-7.952645
-7.638482
-8.139161
