10.816458
9.058223
12.520625
15.214247
14.887358
13.854866
12.369595
14.835424
7.296706
10.574194
3.825658
2.121186
7.336646
5.549128
13.948465
13.771687
0.777033
0.630969
12.323568
0.594491
-0.544557
4.653906
5.022432
2.354526
8.97467
10.849285
15.086531
14.869369
13.949063
12.555573
8.659195
6.711774
-0.019369
7.060233
-0.548377
-11.772846
-10.141502
-13.356908
-15.170123
-15.638356
-12.471039
-14.038763
-15.350744
-8.454103
-10.605184
-3.251266
-5.023691
-6.770614
-8.522299
-14.621503
-14.48739
-1.894955
-1.728155
-13.204697
-1.706376
-4.623233
-2.397841
-4.920605
-10.869973
-8.923374
-15.228766
-15.621771
-12.677961
-14.152937
-6.662736
-8.627709
-6.951339
