10.662657
8.84191
12.366889
14.896798
14.563236
13.528746
12.040035
14.536402
7.065068
10.251249
3.70076
2.042448
7.126312
5.380961
5.269643
13.780525
13.472417
0.740164
0.572064
12.045751
-0.580185
4.425656
4.819186
2.443463
2.165026
-0.17959
8.640401
10.469008
14.680268
14.448475
13.533256
12.150639
14.169882
8.360658
6.448155
-0.213986
6.78305
-0.569614
-11.677432
-10.039462
-13.263231
-15.060838
-15.495217
-15.142732
-8.369824
-10.566076
-3.243093
-4.994875
-6.582398
-6.722234
-8.452103
-14.236288
-1.898659
-1.763541
-12.962905
-4.760276
-2.583675
-2.791179
-5.09191
-10.805743
-8.918717
-15.06791
-15.391957
-12.597624
-14.040042
-14.951413
-6.731992
-8.636407
-7.022634
