10.906116
9.158423
12.631883
15.325001
15.040603
14.00652
12.517253
14.836094
7.428995
1.657349
3.738753
10.716786
3.928946
2.192374
5.58458
13.752318
0.845129
0.676266
10.664046
12.311057
-0.515743
4.743545
5.087687
2.630138
2.384611
-0.025233
9.020411
10.858449
15.040265
14.847805
13.92786
12.542815
14.456561
8.804118
6.845025
-0.075995
7.131025
-0.527875
-11.825609
-10.216478
-13.430166
-15.673577
-15.30255
-8.597053
-2.786538
-4.968633
-3.330161
-5.142299
-6.807922
-14.397452
-1.934249
-1.760149
-13.117534
-11.608129
-4.742954
-2.49216
-2.625662
-5.002168
-10.921082
-8.993512
-15.169467
-15.509949
-12.719237
-14.151705
-15.099117
-6.798576
-8.767492
-7.03956
