10.765614
12.519689
8.920622
1.573842
-1.099447
-3.308103
-5.013821
4.328928
14.177949
16.265684
16.150644
-6.277438
16.376442
16.581958
15.473168
6.751772
16.372411
16.203731
10.587683
8.780471
15.879271
-7.496256
-7.842037
-7.847273
-7.361236
-7.782573
-7.170409
-6.291491
1.722577
-0.925232
-3.18337
-4.946867
4.32331
-7.099341
-7.491381
-7.155505
-7.653271
15.907269
9.787373
11.633542
7.942467
0.803227
3.397077
13.466377
16.148893
15.820226
16.414963
16.06561
14.933883
5.746076
16.321166
16.149287
7.745994
9.543132
-7.461216
-7.288965
-7.877607
-7.872948
-6.646137
-7.433591
-1.503821
0.924545
-5.352154
-3.625128
3.423426
-7.597084
-7.332757
-7.817083
