10.551539
8.588694
10.338153
8.45578
12.017254
14.393374
14.024917
12.995872
11.512251
14.14118
6.652948
9.742338
3.437574
1.847472
6.738985
5.04329
13.387978
13.086182
0.584015
0.415171
0.448948
4.081443
4.509731
2.219022
1.915019
8.2059
10.015768
14.208831
13.961467
13.062539
11.68913
13.735514
7.883632
6.023801
-0.389568
6.388364
-0.667171
-0.591152
-9.969824
-11.530117
-9.88033
-13.094364
-14.86124
-15.328697
-12.22085
-13.756971
-14.980017
-10.416197
-3.22093
-4.917725
-6.600094
-8.310028
-14.35935
-14.058874
-1.924829
-1.822803
-1.716319
-4.811693
-2.709577
-2.97874
-5.195838
-10.705516
-8.857276
-14.970378
-15.262954
-12.493441
-13.940147
-14.759249
-6.697393
-8.534676
-7.019791
