9.521253
11.001087
9.716498
11.147432
8.165333
1.362082
-1.199244
-3.297853
-4.877361
4.011296
12.48351
-5.996013
14.371004
14.547357
12.410874
13.642213
6.245253
6.336746
14.392323
14.436987
14.168296
-7.090113
-7.582225
-7.727648
-7.178839
-6.984406
-6.226637
1.543081
-1.039841
-3.24127
-4.947038
4.12929
-6.670342
-6.97701
-7.077396
-7.355781
13.943493
13.464347
10.277518
8.837907
10.383546
7.193618
-1.844899
0.552481
-5.392715
-3.880348
3.057619
-6.433824
14.250042
14.017189
13.266725
11.940157
5.20037
5.303303
14.123624
14.167467
13.87724
-7.253081
-7.200542
-7.854629
-7.739614
-6.636236
-7.298165
-1.642133
0.785243
-5.433261
-3.741691
3.213198
-7.291545
-7.048875
-7.626891
