10.800447
8.926667
10.689344
8.858733
12.382725
14.922119
14.549957
13.511774
12.022171
14.647584
10.229896
3.676926
2.042865
7.086676
5.334084
13.787749
13.605588
0.743359
0.585457
4.414072
2.19109
8.691781
10.556513
14.846177
14.580049
13.654333
12.259453
8.327004
6.413234
-0.12567
6.805835
-0.533588
-0.493831
-10.002013
-11.652783
-9.986914
-13.227591
-14.983704
-15.477576
-12.293315
-13.848231
-15.197833
-10.457301
-3.138659
-4.862575
-6.574162
-8.317752
-14.488237
-14.333933
-1.821062
-1.622991
-4.640393
-2.474767
-5.00971
-10.766909
-8.862923
-15.119395
-15.497023
-12.564835
-14.042714
-6.61061
-8.52103
-6.946687
