9.59637
11.161824
9.846542
11.362692
8.1947
1.294768
-1.323587
-3.493616
-5.151905
3.985026
-6.353518
14.612361
14.844404
12.614472
13.85978
6.199047
6.352856
14.743885
14.519886
-7.674333
-7.753125
-7.329362
-6.494667
1.542635
-1.110688
-3.383808
-5.158803
-7.100932
-7.491894
-7.573615
-7.785041
14.335726
13.927223
10.484161
9.025835
10.665634
7.307746
-1.928004
0.52778
-5.603273
-4.023603
3.090835
-6.712145
14.5969
14.31258
13.531049
12.180055
5.260914
5.401432
14.519563
14.270817
-7.789505
-7.748066
-8.164693
-6.844458
-7.591892
-1.729492
0.755981
-5.604683
-3.877974
-7.722692
-7.399994
-7.991686
