11.543902
10.152984
11.688186
8.520796
1.526385
-1.075643
-3.213672
-4.83522
4.217381
13.113941
-5.996001
15.061468
15.226295
13.049765
14.327729
14.244976
6.545187
6.576864
15.041412
15.019913
8.462647
14.770783
-7.097343
-7.591027
-7.685392
-7.091669
-7.699135
-6.941675
-6.139016
1.687229
-0.916973
-3.127483
-4.842339
4.293643
-6.713059
-7.03839
-6.977398
-7.359162
14.605121
9.201125
10.830189
7.507669
0.70838
3.23471
12.434008
-6.400891
14.980468
14.709504
13.706522
13.894928
12.494392
5.507072
14.864426
14.835116
7.396018
-7.20455
-7.103435
-7.787121
-7.722762
-6.53697
-7.237118
-1.512342
0.898766
-5.301318
-3.609446
3.347312
-7.290294
-7.047037
-7.604366
