8.891806
10.582133
8.789869
12.272012
14.867478
14.531421
13.504797
12.024145
14.531474
7.026297
10.243476
3.65459
1.985162
7.090168
5.337448
13.673144
13.465327
0.663565
0.512161
0.492443
4.430278
4.811052
2.180753
8.670752
10.522152
14.716412
14.503776
13.599388
12.216514
8.354351
6.442419
-0.162753
6.79075
-0.633683
-0.610534
-10.12695
-11.685057
-10.057346
-13.257353
-15.066862
-15.53936
-12.386975
-13.942347
-15.232541
-8.378401
-10.543368
-3.279259
-5.024788
-6.747116
-8.480946
-14.518922
-14.345946
-1.946411
-1.797692
-1.755934
-4.69421
-2.513756
-5.010797
-10.819355
-8.901253
-15.154831
-15.510743
-12.623917
-14.091469
-6.678619
-8.598578
-6.971783
