11.242723
9.617328
12.978795
15.979894
15.727513
14.696147
13.211243
15.405054
7.930937
1.884131
4.079502
11.395537
4.2152
2.376873
6.026754
14.312785
0.949522
0.811472
11.170865
12.834458
-0.432293
5.217769
5.503936
2.956399
2.757731
0.342275
9.675141
11.583052
15.789977
15.635624
14.705676
13.303794
15.179706
9.437458
7.406681
0.266009
7.689604
-0.475294
-12.030501
-10.443543
-13.641643
-15.538649
-15.959585
-12.812579
-14.410755
-15.672062
-8.821521
-2.794927
-5.093407
-10.882273
-3.37972
-5.249347
-7.00086
-14.829088
-1.94279
-1.705786
-13.533507
-11.941319
-4.539612
-2.184755
-2.220922
-4.717127
-11.065671
-9.034885
-15.444447
-15.890803
-12.889418
-14.363401
-15.629251
-6.730802
-8.815908
-6.946258
