10.892717
9.238935
12.604936
15.509206
15.250434
14.231281
12.756565
14.987179
7.562999
3.824959
10.964705
3.97359
2.171095
5.784366
5.716398
13.886823
0.763006
0.623118
10.748465
12.413096
-0.589528
4.930867
5.222163
2.74166
2.534667
0.157241
9.285415
11.168094
15.296764
15.163897
14.261925
12.875898
9.04322
7.059169
0.089264
7.338466
-0.624666
-11.924306
-10.352102
-13.515329
-15.420741
-15.855762
-12.712889
-14.29526
-15.553185
-8.748412
-5.101772
-10.809591
-3.452581
-5.288968
-6.963915
-7.079927
-14.682348
-2.047259
-1.82591
-13.36709
-4.620219
-2.320036
-2.384011
-4.808628
-11.013367
-9.00719
-15.382419
-15.786918
-12.837908
-14.308509
-15.435275
-6.746248
-8.779419
-6.960904
