10.859648
9.072989
12.580346
15.194523
14.883168
13.844919
12.352531
14.765068
7.311659
3.670976
10.552058
3.860553
2.16219
5.585199
5.480058
13.695156
0.83868
0.668846
12.262814
-0.507735
4.628128
5.001387
2.573615
2.309679
-0.075869
8.891304
10.727538
14.948037
14.725003
13.799638
12.412094
14.412861
8.64305
6.699566
-0.118618
7.013631
-0.507915
-11.76433
-10.133457
-13.364421
-15.589902
-15.228366
-8.481065
-4.867318
-10.660366
-3.256877
-5.042611
-6.6837
-6.797475
-14.327193
-1.881971
-1.728357
-13.057922
-4.740447
-2.519966
-2.691545
-5.041105
-10.864954
-8.958519
-15.115603
-15.453297
-12.657806
-14.094126
-15.044556
-6.761682
-8.703972
-7.031702
