10.544338
12.21633
8.780109
1.566261
-1.083903
-3.270912
-4.949606
4.30026
13.781445
15.656883
-6.177779
15.866274
16.056273
15.091645
15.008222
6.701488
15.85963
15.755536
8.678628
15.469662
-7.363158
-7.769654
-7.81277
-7.276203
-7.781142
-7.088994
-6.233168
1.724366
-0.912138
-3.155623
-4.903759
4.333897
-6.962444
-7.33322
-7.104764
-7.554754
15.41353
9.574544
11.337619
7.788008
0.776144
3.346212
13.079321
15.301615
-6.52966
15.863289
15.541282
14.467935
14.649244
5.668478
15.764892
15.654366
7.629857
-7.383717
-7.239875
-7.870537
-7.839458
-6.601204
-7.360288
-1.499308
0.92423
-5.327154
-3.613425
3.409489
-7.492153
-7.230243
-7.747687
