10.80666
8.919184
14.776002
10.720903
8.867263
12.412756
14.917549
14.521225
13.477582
11.98408
14.690112
10.187237
3.666612
2.056608
7.054161
5.303909
13.815569
13.66281
0.770191
0.618755
4.382381
2.182941
8.679858
10.554415
14.897436
14.601009
13.66513
12.263663
8.278436
6.367117
-0.108127
6.789897
-0.489085
-0.442264
-11.544702
-9.922429
-11.624886
-9.936891
-13.197929
-14.921811
-15.435807
-12.222342
-13.775846
-15.178691
-10.393024
-3.058318
-4.764874
-6.46641
-8.215048
-14.455447
-14.330062
-1.754577
-1.554402
-4.602675
-2.450267
-10.730904
-8.833644
-15.103716
-15.496569
-12.526344
-14.014093
-6.560501
-8.462937
-6.924596
