9.3721
10.89568
3.697988
9.680425
11.142933
8.07775
1.273408
-1.336664
-3.502692
-5.153857
3.953806
-6.341942
14.218682
14.448982
12.285675
13.488142
6.116596
6.311634
14.371114
14.077949
-7.681092
-7.799782
-7.331134
-6.500566
1.543401
-1.114728
-3.390089
-5.1662
-7.072218
-7.462292
-7.633684
-7.789391
13.987821
13.420725
8.582475
10.233748
8.879427
10.466675
7.196612
-1.948257
0.498495
-5.610136
-4.038822
3.052976
-6.706222
14.189165
13.917922
13.171933
11.871364
5.169792
5.353883
14.118034
13.800866
-7.834594
-7.820239
-6.849515
-7.590081
-1.74442
0.74907
-5.619444
-3.896899
-7.721918
-7.38463
-8.007879
