9.608245
11.159709
9.893112
11.395835
8.265912
1.376334
-1.244996
-3.418851
-5.077828
4.071646
-6.272897
14.546805
14.760026
12.593486
13.818379
6.289227
6.439876
14.655516
14.407397
-7.572525
-8.016068
-7.641754
-7.241207
-6.400872
1.62262
-1.033674
-3.300225
-5.067993
-7.01235
-7.396411
-7.483811
-7.708554
14.271541
13.797683
10.452877
9.040957
10.655267
7.34577
-1.862119
0.588507
-5.533104
-3.958207
3.143361
-6.634432
14.518734
14.236636
13.461837
12.125932
5.311557
5.446293
14.443906
14.169966
-7.705056
-7.662198
-8.133916
-6.754947
-7.499935
-1.656503
0.816948
-5.514141
-3.798249
-7.638117
-7.315772
-7.925379
