10.835338
9.103633
12.552542
15.276968
14.99506
13.966699
12.482832
14.795797
7.386703
1.622722
3.709428
10.688905
3.890302
2.146685
5.553385
13.707815
0.789038
0.627743
10.606562
12.259529
-0.56255
4.730387
5.064569
2.616214
2.377514
-0.013588
9.00903
10.85478
15.01324
14.837062
13.926269
12.543396
14.418631
8.780656
6.824829
-0.066631
7.111969
-0.578129
-11.826462
-10.22731
-13.423188
-15.286123
-15.695042
-15.341547
-8.611175
-4.993827
-10.738699
-3.367265
-5.176899
-6.828572
-6.94719
-14.441572
-1.976979
-1.795189
-13.149821
-11.621727
-4.722747
-2.471748
-2.595791
-4.969632
-10.930229
-8.987942
-15.210586
-15.561111
-12.735136
-14.178059
-15.151202
-6.782031
-8.756217
-7.019344
