10.676516
12.438973
8.807084
1.469022
-1.207823
-3.423238
-5.139075
4.222151
14.113597
16.28409
16.144374
-6.418661
16.337537
16.571615
15.433765
6.648076
16.384163
16.224156
10.506089
8.689734
15.893238
-7.705475
-7.991484
-8.009413
-7.593819
-7.948204
-7.322392
-6.43771
1.639257
-1.019357
-3.297516
-5.080871
4.232054
-7.254951
-7.66834
-7.357226
-7.808522
15.910148
9.748511
11.617606
7.880348
-1.783333
0.724494
3.333614
13.461064
15.830592
-6.730574
16.402033
16.046464
14.939739
15.107206
5.698105
16.316391
16.158682
7.718547
9.532323
-7.658587
-7.499964
-8.03047
-8.000685
-6.777293
-7.57939
-1.600695
0.853236
-5.481735
-3.73895
3.367035
-7.759167
-7.475212
-7.955107
