11.20904
9.466558
12.948629
15.701066
15.393348
14.345135
12.845268
15.229869
7.697825
1.845579
3.94174
11.022137
4.103742
2.362028
5.880692
5.809525
14.169123
1.008322
0.849452
11.063532
12.725129
-0.360463
4.945946
5.308992
2.814928
2.564537
0.15931
9.338274
11.215178
15.518456
15.278796
14.327097
12.921241
15.011549
9.072766
7.077964
0.105541
7.405707
-0.371408
-11.883584
-10.239676
-13.498844
-15.308994
-15.724191
-15.405025
-8.55875
-4.858383
-10.723484
-3.18759
-5.005406
-6.720772
-6.792002
-14.546402
-1.784859
-1.60793
-13.291197
-4.613448
-2.331505
-2.467072
-4.897169
-10.926802
-8.977579
-15.228012
-15.629998
-12.725116
-14.179084
-15.337549
-6.71243
-8.719666
-6.987149
