10.350098
8.595186
12.033937
14.656843
14.37512
13.36627
11.898718
14.23183
6.905609
3.372406
10.139248
3.569099
1.861324
5.275843
5.150377
13.127364
0.520375
0.358646
11.68097
-0.793118
4.367427
4.697233
2.33426
2.091443
-0.250313
8.508897
10.322231
14.3551
14.221977
13.353649
11.993949
13.712695
8.281398
6.385944
-0.294962
6.659598
-0.802397
-11.699266
-10.129627
-13.267765
-15.155985
-15.583008
-12.509534
-14.060609
-15.20995
-8.549853
-10.663258
-3.49948
-5.270895
-6.821267
-7.002401
-14.271527
-2.147589
-1.979176
-12.946491
-4.829938
-2.644867
-2.793146
-5.075991
-10.877751
-8.959324
-15.151589
-15.447624
-12.687014
-14.126556
-14.912982
-6.810918
-8.723009
-7.037196
