10.291876
11.970577
8.48394
1.294102
-1.332342
-3.492089
-5.151426
3.99951
13.60183
15.660955
-6.381058
15.872297
16.115084
15.030154
14.920217
6.387529
15.93215
15.778304
8.367271
15.404836
-7.605738
-7.868396
-7.90442
-7.570189
-7.854479
-7.325705
-6.504274
1.455383
-1.16077
-3.414686
-5.175412
3.99978
-7.172123
-7.550855
-7.345775
-7.73839
15.408274
9.426385
11.235691
7.591182
-1.911355
0.563175
-5.59999
-4.006501
3.146876
13.027773
-6.739615
15.886991
15.572314
14.473063
14.67863
5.479249
15.774178
15.635254
7.450452
-7.593034
-7.46385
-7.942976
-7.894096
-6.868089
-7.617291
-1.736227
0.72104
-5.608259
-3.86613
3.191666
-7.700454
-7.445125
-7.913608
