9.610766
11.186596
9.86456
11.391387
8.200425
1.287405
-1.337136
-3.51472
-5.181465
3.982196
-6.392246
14.650105
14.888251
12.645814
13.894096
6.195611
6.354758
14.792816
14.571156
-7.73651
-7.813186
-7.366466
-6.523656
1.541636
-1.118883
-3.399522
-5.181819
-7.147916
-7.547815
-7.624849
-7.830764
14.387896
13.992266
10.513612
9.049695
10.701216
7.322562
-1.936873
0.525358
-5.62594
-4.038916
3.094829
-6.742376
14.646259
14.356134
13.570213
12.214987
5.269375
5.412603
14.573849
14.327182
-7.845334
-7.804269
-8.207799
-6.867158
-7.62378
-1.739047
0.752413
-5.623252
-3.892613
-7.768858
-7.438207
-8.030185
