8.9914
10.763901
8.923831
12.475178
14.978043
14.630006
13.587563
12.092213
14.633611
7.121302
10.294128
3.746297
2.101674
7.168504
5.420002
5.312386
13.897369
13.581441
0.810792
0.640165
12.160883
-0.513045
4.449111
4.861223
2.479608
2.190763
-0.157419
8.686074
10.518613
14.783331
14.522065
13.592321
12.202804
14.311081
8.39325
6.474715
-0.18891
6.826509
-0.49678
-11.673502
-10.015261
-13.265335
-15.470802
-15.122463
-8.32003
-10.541264
-3.166709
-4.914013
-6.514882
-6.641208
-8.377108
-14.224903
-1.823086
-1.697671
-12.967473
-4.741472
-2.566104
-2.790421
-5.097868
-10.785933
-8.908646
-15.041683
-15.373283
-12.572272
-14.014448
-14.960546
-6.711588
-8.614397
-7.020445
