11.01615
9.336715
12.737871
15.60313
15.327731
14.298603
12.815408
15.097544
7.629604
3.879574
11.012071
4.029492
2.244351
5.832071
5.766309
14.011092
0.851679
0.707103
10.880818
12.545896
-0.506542
4.955461
5.269734
2.78151
2.561253
0.175837
9.332387
11.217077
15.409091
15.240118
14.320341
12.926437
14.821318
9.078751
7.087984
0.11175
7.385514
-0.534443
-11.918126
-10.321392
-13.517416
-15.390801
-15.82198
-12.684561
-14.268381
-15.519364
-8.68904
-5.019432
-10.78253
-3.360538
-5.19211
-6.884004
-6.983157
-14.656584
-1.955199
-1.74667
-13.361496
-4.605831
-2.307902
-2.39314
-4.824688
-10.988508
-8.997077
-15.342406
-15.752059
-12.805292
-14.272974
-15.429346
-6.728179
-8.757467
-6.963753
