10.756981
12.598649
8.788867
1.362157
-1.357924
-3.627032
-5.404656
4.144662
14.342654
16.484242
-6.7546
16.595106
16.885759
15.731886
15.7212
6.604175
16.742432
16.593994
10.618053
8.718603
16.27641
-8.232602
-8.402417
-8.433688
-8.117234
-8.370797
-7.652791
-6.711316
1.584608
-1.12695
-3.46569
-5.308207
4.192919
-7.654675
-8.138951
-7.803941
-8.197011
16.282433
9.894545
11.857986
7.95081
-1.892023
0.665682
-5.76556
-4.076909
3.326332
13.763783
16.225792
-7.002059
16.751795
16.353542
15.29311
15.383197
5.747547
16.702594
16.559865
7.84786
-8.134123
-7.983542
-8.421432
-8.351552
-7.001109
-7.872379
-1.717861
0.789336
-5.676787
-3.898838
3.365571
-8.15493
-7.808811
-8.285387
