11.662083
10.243812
11.841563
8.537164
1.471747
-1.17075
-3.359368
-5.037056
4.191671
13.310693
-6.257657
15.244186
15.450307
13.200916
14.491144
14.473566
6.505655
6.581433
15.304289
15.307111
8.527502
15.166733
15.087319
-7.522028
-7.939164
-8.050262
-7.509569
-8.068488
-7.194863
-6.337848
1.680053
-0.973967
-3.236065
-5.000826
4.311437
-7.027672
-7.413637
-7.337677
-7.671354
14.894561
9.335606
11.034606
7.587165
-1.781303
0.685979
-5.482046
-3.890899
3.25437
12.6781
-6.605831
15.239585
14.931606
14.093857
12.673965
5.521722
5.573746
15.158199
15.152651
7.52949
14.992501
-7.593201
-7.499753
-8.127566
-8.027328
-6.692853
-7.454195
-1.580607
0.872799
-5.430954
-3.713076
3.37861
-7.60459
-7.304504
-7.869621
