10.873926
9.218871
12.587841
15.481299
15.229805
14.211543
12.737058
14.943996
7.549863
3.81083
10.946645
3.968234
2.163591
5.704722
13.839089
0.757122
0.612626
10.708628
12.367254
-0.599874
4.91775
5.205165
2.722972
2.516966
0.127621
9.253187
11.126201
15.236599
15.110367
14.211255
12.828449
14.587789
9.029376
7.047993
0.059852
7.315141
-0.63569
-11.923038
-10.356399
-13.515931
-15.429105
-15.851099
-12.731008
-14.312478
-15.530953
-8.767368
-5.126898
-10.828156
-3.474468
-5.314868
-6.99023
-14.649246
-2.064931
-1.843984
-13.332637
-4.651562
-2.352359
-2.413878
-4.834147
-11.017321
-9.017561
-15.364046
-15.754092
-12.839983
-14.302057
-15.380746
-6.773703
-8.80206
-6.979379
