10.457277
12.266259
8.491093
1.155496
-1.551605
-3.812226
-5.584688
3.917505
13.995036
-6.937272
16.258701
16.591356
15.36958
15.389361
6.266447
6.366446
16.488634
16.377586
8.470629
16.054001
-8.498917
-8.453462
-7.867561
-6.938263
1.413534
-1.302348
-3.662797
-5.526865
-7.837852
-8.34147
-8.105402
-8.395535
16.010504
9.691028
11.649684
7.737343
-2.064628
0.496739
-5.939083
-4.246159
3.168134
13.530106
-7.18029
16.431917
16.041849
15.042959
15.099507
13.534703
5.543685
5.59801
16.388367
16.293345
7.707308
-8.407969
-8.295128
-7.213805
-8.087421
-1.899352
0.647618
-5.901414
-4.103083
-8.364548
-7.994054
-8.47257
