10.474287
12.117934
8.738379
1.573554
-1.0751
-3.263569
-4.941555
4.305178
13.640872
15.466422
-6.163982
15.652883
15.839163
13.569903
14.895069
14.833237
6.688296
6.702817
15.655272
15.591308
8.666363
15.336884
-7.361656
-7.794253
-7.859633
-7.292706
-7.846437
-7.07978
-6.2219
1.745198
-0.897103
-3.142654
-4.892013
4.369039
-6.940301
-7.31188
-7.130969
-7.552898
15.229785
9.508812
11.24135
7.743874
0.775509
3.34109
12.942385
15.106656
-6.516708
15.643136
15.326667
14.293784
14.45377
12.986301
5.658677
15.550382
15.476609
7.613497
-7.404924
-7.275243
-7.927536
-7.878029
-6.588442
-7.346393
-1.491573
0.93516
-5.317867
-3.607811
3.426081
-7.485626
-7.21332
-7.752293
