8.907907
10.692034
8.830721
12.399498
14.849601
14.49363
13.451285
11.955843
14.527497
7.019726
10.161359
3.685544
2.060448
7.073439
5.339567
5.223865
13.812787
13.477613
0.783272
0.609027
12.062741
-0.533781
4.357459
4.780519
2.418484
2.121199
-0.219693
8.564495
10.387158
14.648417
14.380318
13.453154
12.066389
14.184364
8.268922
6.364247
-0.246575
6.720192
-0.511786
-10.007756
-11.633687
-9.971075
-13.222503
-15.419143
-15.061949
-8.272794
-10.508107
-3.156592
-4.891091
-6.472809
-6.607639
-8.337247
-14.501304
-14.155973
-1.823071
-1.708733
-12.900181
-4.769664
-2.61446
-2.857148
-5.141849
-10.757805
-8.896776
-14.999017
-15.315347
-12.540669
-13.978652
-14.879413
-6.714759
-8.59686
-7.030564
