11.474677
10.123937
11.639328
8.514553
1.549326
-1.049788
-3.185714
-4.803181
4.238221
13.036803
-5.955935
14.939212
15.095832
12.958268
14.219136
14.143038
6.555638
6.594052
14.913266
14.912391
8.467794
14.681169
-7.047437
-7.56839
-7.672817
-7.048548
-7.696356
-6.902813
-6.101896
1.712718
-0.891238
-3.097833
-4.80838
4.327654
-6.663987
-6.984137
-6.946865
-7.321814
14.489186
10.67811
9.164902
10.770306
7.48951
0.721441
3.241224
12.347762
-6.365706
14.847396
14.581944
13.596174
13.77897
12.395995
5.474092
5.506714
14.731999
14.720526
7.386183
-7.170821
-7.075326
-7.78271
-7.71317
-6.502982
-7.197897
-1.489921
0.917369
-5.270527
-3.584227
3.364661
-7.249109
-7.005143
-7.575184
