9.634911
11.132493
9.820991
11.27539
8.252577
1.404359
-1.165022
-3.270788
-4.857909
4.062464
12.632794
-5.984207
14.538226
14.709969
12.565423
13.808523
6.320878
6.394902
14.545377
14.571327
14.343067
14.327084
-7.071948
-7.567086
-7.698483
-7.137366
-7.739239
-6.962437
-6.196379
1.577725
-1.007818
-3.208954
-4.914541
4.167149
-6.666747
-6.975074
-7.035157
-7.341985
14.097591
10.391135
8.922362
10.486129
7.267905
-1.810804
0.591488
-5.369444
-3.851861
3.099967
12.017068
-6.416646
14.423641
14.183054
13.41738
12.072652
5.268132
5.350103
14.29791
14.321489
7.205014
14.072305
-7.222212
-7.156974
-7.820098
-7.719771
-6.605221
-7.273611
-1.607628
0.813683
-5.395402
-3.704848
3.243746
-7.276695
-7.036937
-7.608763
