9.222463
11.061654
9.219189
12.786655
15.332595
14.957426
13.899892
12.393105
15.013511
7.372041
10.572092
3.911704
2.268468
7.377234
5.596928
14.234219
13.986433
0.975893
0.814104
12.565276
0.832009
-0.35456
4.63186
5.067901
2.65391
2.356827
0.014756
8.97981
10.849357
15.241424
14.927588
13.964918
12.554392
14.852847
8.635293
6.68371
-0.018248
7.080472
-0.334986
-9.97057
-11.721164
-10.024523
-13.323673
-15.048398
-15.505702
-12.362801
-13.92953
-15.207728
-8.263746
-10.509237
-3.012048
-4.761273
-6.499041
-8.26077
-14.601984
-14.355766
-1.664248
-1.539927
-13.125422
-1.445686
-4.616301
-2.41491
-2.64792
-5.004202
-10.782229
-8.888434
-15.086662
-15.477069
-12.56721
-14.02991
-15.180615
-6.623435
-8.559298
-6.970072
