10.841475
12.750783
8.792503
1.276869
-1.464939
-3.758151
-5.566735
4.07431
14.575157
16.835706
-6.958491
16.925261
17.253123
16.023416
6.553374
17.122061
16.938419
10.679665
8.718183
16.591295
-8.527453
-8.600824
-8.617901
-8.397993
-8.535611
-7.852458
-6.886435
1.514146
-1.217725
-3.586799
-5.459876
-7.899794
-8.420685
-8.031557
-8.415418
16.643689
10.017912
12.062223
8.011038
-1.969775
0.617616
-5.899002
-4.178139
3.31022
14.042008
16.611296
-7.172398
17.137382
16.712577
15.636639
5.765953
17.100607
16.929375
7.914465
-8.378537
-8.220339
-8.577439
-8.502253
-7.151483
-8.058737
-1.80587
0.728831
-5.8103
-4.008348
-8.383511
-8.015361
-8.466217
