10.656403
12.472389
8.708886
1.331165
-1.38372
-3.649724
-5.423313
4.107135
14.186669
16.307813
-6.767506
16.398912
16.693108
15.541776
15.546304
6.500871
6.561152
16.562895
16.443816
8.662817
16.142278
-8.260333
-8.434652
-8.485058
-8.168724
-8.436369
-7.674687
-6.736821
1.565865
-1.147533
-3.489016
-5.333831
-7.660232
-8.145642
-7.857518
-8.217458
16.110461
9.812073
11.753303
7.881864
-1.918656
0.635397
-5.785954
-4.100688
3.29337
13.628582
-7.017348
16.551008
16.159283
15.13155
15.206461
5.711176
16.504521
16.391078
7.80609
-8.17834
-8.042664
-8.479644
-8.390855
-7.025164
-7.893284
-1.743329
0.771031
-5.706328
-3.928046
3.349699
-8.174557
-7.820544
-8.309799
