10.612964
8.877299
12.314737
15.006202
14.728072
13.709718
12.234234
14.543823
7.178181
3.561543
10.456675
3.748745
2.015858
5.489661
5.379937
13.446132
0.661722
0.50113
11.996849
-0.673404
4.578423
4.905875
2.493559
2.256033
-0.113767
8.79651
10.628515
14.722435
14.57144
13.681622
12.309846
14.098745
8.571371
6.641389
-0.164241
6.918923
-0.687992
-11.776425
-10.194515
-13.36006
-15.240173
-15.656885
-12.580378
-15.295068
-8.599486
-5.031722
-10.71446
-3.440648
-5.235983
-6.843209
-6.990651
-14.377604
-2.06575
-1.88665
-13.068119
-4.76982
-2.544964
-2.67422
-5.009774
-10.914423
-8.978798
-15.194803
-15.521894
-12.722683
-14.164648
-15.054995
-6.798196
-8.748035
-7.026403
