10.47326
8.488416
10.240269
8.34075
11.913206
14.242897
13.868342
12.841264
11.359205
14.013182
9.595179
3.362997
1.790368
6.629603
4.949297
13.272295
12.958471
0.538088
0.36701
0.40877
3.981567
4.417389
1.838732
8.072653
9.873058
14.052425
13.804101
12.911046
11.541658
13.581311
7.747154
5.902928
-0.450805
6.269963
-0.699458
-0.615397
-9.941813
-11.489464
-9.839163
-13.048609
-14.810869
-15.281519
-12.178313
-13.708943
-14.925984
-10.383929
-3.225495
-4.909152
-6.580017
-8.282609
-14.312168
-13.995886
-1.940668
-1.847732
-1.730938
-4.8399
-2.758499
-3.043179
-5.235481
-10.680194
-8.84528
-14.935889
-15.213355
-12.466263
-13.910332
-14.682451
-6.700451
-8.517314
-7.027291
