10.926348
9.216801
12.635488
15.443776
15.136685
14.106595
12.623728
15.01705
7.479968
10.824197
3.930968
2.183481
7.511191
5.695363
5.637612
14.078
13.945286
0.808186
0.670634
12.483652
0.606377
-0.525154
4.828636
2.485301
9.203134
11.096996
15.324969
15.130577
14.209774
12.812829
8.895531
6.922453
0.089369
7.2583
-0.542158
-11.85305
-10.236607
-13.440833
-15.280722
-15.749283
-12.563104
-14.140425
-15.479684
-8.562314
-10.677139
-3.294754
-5.093581
-6.861432
-8.623967
-14.703815
-14.631144
-1.918649
-1.726614
-13.339961
-1.739816
-4.570447
-2.304658
-4.828845
-10.931875
-8.949132
-15.32401
-15.746222
-12.748814
-14.233087
-6.660395
-8.667383
-6.930067
