10.414736
12.168822
8.5172
1.255337
-1.443931
-3.698089
-5.457637
4.01338
13.815952
-6.784493
15.946644
16.247703
13.719918
15.101925
15.134485
6.343453
6.452293
16.1444
16.087165
8.520954
16.114683
15.815839
-8.299646
-8.263686
-7.713731
-6.789406
1.513946
-1.198988
-3.543101
-5.389761
-7.657025
-8.140684
-7.95944
-8.246704
15.703812
9.611669
11.499751
7.713963
-1.981786
0.561026
-5.827661
-4.153616
3.21036
13.305768
-7.044228
16.083373
15.709336
14.797384
13.280076
5.553111
5.617376
16.039758
15.988874
7.695538
15.981145
-8.255937
-8.153578
-8.457773
-7.077598
-7.933645
-1.80439
0.724101
-5.773575
-3.995405
-8.202777
-7.835684
-8.350773
