11.910899
10.480077
12.161076
8.690638
1.511454
-1.189283
-3.448419
-5.200981
4.278135
13.672601
-6.494618
15.54499
15.780926
13.492101
14.788942
14.850923
6.59847
6.71066
15.67071
15.706172
8.733004
15.533438
15.543457
-7.932862
-8.305253
-8.430201
-7.884757
-8.453648
-7.406657
-6.472046
1.769668
-0.949481
-3.268123
-5.086902
-7.328569
-7.783346
-7.661267
-7.971562
15.315199
9.580884
11.357169
7.777523
-1.774029
0.743851
-5.59055
-3.940589
3.358782
13.044281
-6.772198
15.627172
15.269947
14.397568
12.952573
5.669902
5.732075
15.590551
15.609873
7.766188
15.421466
-7.965164
-7.869387
-8.481938
-8.353349
-6.778121
-7.616779
-1.571275
0.917924
-5.477911
-3.738804
3.495529
-7.899409
-7.533127
-8.118301
