10.911715
9.236417
12.6236
15.49062
15.214131
14.190498
12.712345
15.002373
7.537313
10.917093
3.961963
2.179933
5.755919
5.691179
14.071355
13.91276
0.784577
0.644896
12.444005
-0.561852
4.89556
5.205717
2.735916
2.51787
0.152775
9.25742
11.143554
15.310393
15.153784
14.244143
12.853937
8.992547
7.012092
0.088901
7.311805
-0.59014
-11.898634
-10.309508
-13.489194
-15.369801
-15.81556
-12.659245
-14.239871
-15.523482
-8.679896
-10.762185
-3.392034
-5.21509
-6.884208
-6.998002
-14.660357
-1.996757
-1.786656
-13.354879
-4.603711
-2.315894
-2.401365
-4.818522
-10.983157
-8.986674
-15.357881
-15.768042
-12.804365
-14.279042
-6.716492
-8.739836
-6.95141
