10.633269
12.463023
8.663825
1.27262
-1.442001
-3.707364
-5.482839
4.04649
14.203666
-6.834373
16.466428
16.775458
15.590784
15.59161
6.439111
6.501734
16.648664
16.513307
8.612797
16.190781
-8.347515
-8.481221
-8.526798
-8.260886
-8.47085
-7.746034
-6.809937
1.509388
-1.203612
-3.551561
-5.403281
-7.735314
-8.227878
-7.931874
-8.282727
16.179316
9.811932
11.775639
7.862266
-1.966601
0.592991
-5.840829
-4.150083
3.25862
13.67359
-7.079836
16.630768
16.235608
15.19864
15.275869
5.683933
16.583588
16.458635
7.788632
-8.250554
-8.115156
-8.513073
-8.421675
-7.093692
-7.966079
-1.796601
0.727493
-5.774235
-3.987226
-8.245775
-7.889925
-8.365717
