10.335569
8.578905
12.017121
14.63753
14.351939
13.343418
11.876365
14.223146
6.8866
10.117772
3.555334
1.851229
5.257864
5.134524
13.120302
0.51111
0.351224
11.673506
-0.798448
4.353516
4.685687
2.328034
2.08403
-0.249926
8.496525
10.312384
14.348669
14.213652
13.345785
11.985668
13.712702
8.260462
6.367004
-0.294037
6.645996
-0.806786
-11.692337
-10.120957
-13.258717
-15.143687
-15.577382
-12.494228
-14.044617
-15.211015
-8.535629
-10.649657
-3.493722
-5.260988
-6.806057
-6.98954
-14.275543
-2.145893
-1.97856
-12.949993
-4.821563
-2.639902
-2.79148
-5.071338
-10.872038
-8.952691
-15.154838
-15.454389
-12.682083
-14.125108
-14.923402
-6.799663
-8.710203
-7.030114
