10.696298
12.413727
8.890365
1.608479
-1.07121
-3.292941
-5.0082
4.367405
14.003535
16.016651
15.884781
-6.271475
16.062263
16.262
15.288111
15.238051
6.790586
16.07711
15.981926
10.590663
8.806341
15.722183
-7.529978
-7.92244
-7.966586
-7.416814
-7.934113
-7.166662
-6.272333
1.785631
-0.881275
-3.149287
-4.920807
4.420461
-7.08728
-7.48882
-7.223986
-7.676252
15.657826
9.719571
11.52217
7.906481
0.823261
3.414712
13.290217
15.55227
-6.589934
16.099454
15.752536
14.696167
14.839497
5.762152
16.021545
15.91523
7.760519
-7.529617
-7.379469
-8.011642
-7.974174
-6.618609
-7.414598
-1.47457
0.961402
-5.324595
-3.602781
3.479631
-7.610086
-7.319837
-7.845354
