9.483389
11.341841
9.529269
13.08264
15.72712
15.353139
14.286767
12.773168
15.377134
7.672911
10.933532
4.103367
2.429399
7.646462
5.827334
14.559918
14.358472
1.116175
0.96162
12.929823
0.961814
-0.232461
4.875125
5.306183
2.840669
2.552147
0.1929
9.322294
11.222045
15.683823
15.353075
14.368264
12.943077
15.321134
8.964894
6.973709
0.152086
7.382171
-0.220132
-9.99415
-11.81069
-10.101342
-13.426019
-15.142526
-15.602536
-12.43162
-14.011915
-15.335014
-8.316409
-10.555224
-2.949001
-4.7223
-6.484321
-8.268372
-14.706644
-14.515392
-1.579678
-1.439457
-13.298349
-1.362396
-4.520988
-2.273361
-2.481712
-4.899636
-10.826145
-8.902516
-15.164719
-15.603222
-12.614028
-14.088898
-15.396875
-6.58624
-8.57039
-6.938436
