11.723039
10.38733
12.002267
8.675448
1.584535
-1.094169
-3.328887
-5.050611
4.335594
13.437282
-6.303528
15.220182
15.4218
13.244803
14.500937
6.64067
6.748552
15.300392
15.369002
8.721741
15.111832
15.232374
-7.654973
-8.116357
-8.255258
-7.622793
-8.297239
-7.220989
-6.311481
1.828694
-0.870055
-3.159616
-4.949157
4.518202
-7.097462
-7.516933
-7.449222
-7.76585
14.960271
10.940866
9.454242
11.153011
7.710898
-1.706288
0.78276
-5.468067
-3.849475
3.367031
12.769267
-6.614003
15.248976
14.917946
14.07877
12.677977
5.6412
5.707036
15.199842
15.246516
7.69451
14.97989
-7.735525
-7.647955
-8.333908
-8.209488
-6.64144
-7.444715
-1.494244
0.969503
-5.358217
-3.64148
3.521543
-7.684623
-7.339821
-7.948605
