10.716586
8.750091
10.534236
8.650479
12.229647
14.619581
14.251625
13.213148
11.721166
14.340312
6.833468
9.936525
3.564734
1.965965
6.900483
5.188357
13.623023
13.291927
0.703084
0.528995
11.880958
0.573268
-0.596309
4.206465
4.640667
2.315923
2.0098
-0.305046
8.370699
10.184586
14.427612
14.158664
13.241271
11.85978
13.971818
8.059669
6.178578
-0.326248
6.543794
-0.567512
-9.96295
-11.571806
-9.908144
-13.15029
-14.904132
-15.353074
-12.264595
-14.996616
-8.204904
-10.449288
-3.162147
-4.874154
-6.571611
-8.291549
-14.424022
-14.082613
-1.849002
-1.746847
-12.821636
-1.631106
-4.795324
-2.671556
-2.937176
-5.184988
-10.719063
-8.872656
-14.962579
-15.263994
-12.501318
-13.941136
-14.795692
-6.704138
-8.557987
-7.029859
