9.705439
11.20144
9.911778
11.368163
8.353321
1.489129
-1.086296
-3.198097
-4.789086
4.155458
12.713166
-5.913834
14.578698
14.733284
12.632566
13.866757
6.430177
6.491588
14.559889
14.590884
8.3265
14.351526
14.36522
-6.979893
-7.516586
-7.644301
-7.025474
-7.686243
-6.880991
-6.106982
1.656417
-0.932041
-3.127363
-4.826731
4.261646
-6.59418
-6.897384
-6.939749
-7.272845
14.130285
10.42807
8.978075
10.531804
7.335885
-1.742058
0.658471
-5.302109
3.162062
12.055019
-6.346322
14.457103
14.214464
13.445778
12.10258
5.342502
5.408244
14.333104
14.355929
7.25892
14.100154
-7.136623
-7.063232
-7.770493
-7.681439
-6.519231
-7.188448
-1.533314
0.875086
-5.30527
-3.62371
3.306023
-7.200924
-6.963871
-7.545513
