10.654348
12.513353
8.648166
1.217354
-1.50051
-3.768048
-5.549198
3.992602
14.298992
16.543559
-6.913574
16.637556
16.963345
15.737273
15.728991
6.452632
16.835798
16.669275
8.582058
16.316261
-8.448419
-8.530985
-8.356695
-8.492405
-7.826119
-6.888805
1.452458
-1.260765
-3.616495
-5.476655
-7.828869
-8.331002
-8.004484
-8.358235
16.344371
9.852731
11.854397
7.872925
-2.011898
0.556986
-5.899663
-4.199624
3.233907
13.793334
-7.151211
16.820371
16.417214
15.356517
15.440961
5.670817
16.772223
16.621617
7.791227
-8.325741
-8.184227
-8.448807
-7.166625
-8.047188
-1.848671
0.684714
-5.843207
-4.045502
-8.328571
-7.972421
-8.427256
