10.709335
12.592828
8.676219
1.219146
-1.522427
-3.820322
-5.633328
4.012199
14.382384
-7.027855
16.672597
17.013777
15.774044
15.809684
6.404007
6.488773
16.909253
16.772665
8.646197
16.453762
-8.649241
-8.553666
-7.933657
-6.963044
1.483214
-1.260481
-3.643278
-5.529132
-7.968352
-8.502283
-8.179095
-8.505081
16.446263
9.921239
11.946511
7.92348
-2.022521
0.567425
-5.959557
-4.234594
3.264078
13.889497
-7.234714
16.892408
16.470297
15.45153
15.487391
5.699544
5.723686
16.865952
16.741736
7.876853
-8.517429
-8.382571
-8.617006
-7.217922
-8.131912
-1.857774
0.695568
-5.879974
-4.072449
-8.472567
-8.082324
-8.552769
