11.457279
9.84223
13.207917
16.254457
16.001578
14.961587
13.469502
15.655801
8.14343
2.011005
4.228648
11.638558
4.356839
2.50283
6.204811
14.571042
1.067997
0.930431
11.428082
13.09175
-0.330304
5.378332
5.66662
3.081611
2.884721
0.448289
9.897232
11.820006
16.083229
15.909581
14.960796
13.548528
15.494946
9.658054
7.600545
0.368307
7.890118
-0.376052
-12.086593
-10.486346
-13.710032
-15.595489
-16.009265
-12.85904
-14.466095
-15.731438
-8.847468
-2.736126
-5.070383
-10.914397
-3.320341
-5.206556
-7.002611
-14.906046
-1.866766
-1.623822
-13.625163
-12.033151
-4.490514
-2.106567
-2.132173
-4.668695
-11.088581
-9.046866
-15.471633
-15.94286
-12.910541
-14.386544
-15.737506
-6.716427
-8.829177
-6.937254
