11.12608
9.384428
12.858509
15.60612
15.297687
14.253486
12.757221
15.147647
7.621361
3.88916
10.940329
4.049518
2.311591
5.818709
5.746629
14.326197
14.084368
0.957427
0.801196
12.638579
-0.402836
4.893428
5.254138
2.774803
2.525308
0.133898
9.270178
11.146135
15.429197
15.198418
14.254475
12.851856
14.915919
8.998439
7.012546
0.08073
7.340896
-0.413598
-11.865896
-10.2276
-13.474875
-15.290139
-15.714325
-15.399904
-8.549943
-4.866882
-10.707978
-3.211436
-5.02245
-6.719894
-6.802459
-14.539066
-1.816332
-1.639358
-13.276478
-4.617987
-2.34521
-2.482378
-4.89966
-10.920821
-8.970219
-15.233043
-15.632391
-12.721752
-14.17937
-15.32641
-6.707422
-8.707985
-6.981336
