10.506555
8.541653
10.282747
8.399096
11.957755
14.325592
13.957277
12.930661
11.44912
14.079907
6.599944
9.683247
3.401426
1.814575
6.691735
5.001564
13.322316
13.022928
0.552111
0.38379
0.416595
4.042803
4.469961
1.88485
8.153238
9.960346
14.138812
13.897034
13.003155
11.632289
13.65987
7.830072
5.976741
-0.412473
6.34007
-0.694001
-0.618927
-9.970719
-11.516937
-9.870888
-13.077677
-14.847983
-15.318579
-12.209104
-13.743102
-14.969229
-10.407821
-3.237162
-4.92977
-6.60787
-8.314439
-14.340878
-14.044524
-1.945489
-1.84431
-1.738735
-4.821199
-2.725929
-5.20443
-10.700667
-8.853825
-14.967274
-15.25499
-12.489536
-13.936692
-14.738518
-6.699031
-8.530253
-7.020086
