9.478996
10.952628
9.669644
11.092387
8.123163
1.336152
-1.220198
-3.313532
-4.887921
3.980254
12.425008
-6.002548
14.318935
14.498301
12.356588
13.587063
6.206076
6.301981
14.34543
14.391538
14.11829
-7.095296
-7.580645
-7.193736
-6.996009
-6.244373
1.517873
-1.061465
-3.261872
-4.96677
4.098521
-6.673216
-6.977873
-7.091304
-7.360027
13.890843
13.404345
10.23854
8.801297
10.342308
7.158789
-1.864927
0.529871
-5.405881
-3.896542
3.033485
-6.44413
14.194704
13.965659
13.220084
11.897753
5.167235
5.276966
14.066093
14.113087
13.817167
-7.261025
-7.212614
-7.73819
-6.655364
-7.312882
-1.663379
0.766255
-5.455996
-3.763339
3.190857
-7.297467
-7.05627
-7.632857
