10.590385
8.767434
12.292891
14.80351
14.478873
13.447703
11.961207
14.4306
7.002419
3.460975
10.177821
3.662097
2.003823
7.075374
5.339681
5.216732
13.701372
13.359332
0.704063
0.531085
11.934479
-0.617375
4.376207
4.763837
2.394579
2.117548
-0.235218
8.555958
10.370787
14.546889
14.328318
13.421133
12.044636
14.011247
8.297183
6.393581
-0.268812
6.712857
-0.60735
-11.664557
-10.03676
-13.249363
-15.48146
-15.107777
-8.388185
-10.580988
-3.28437
-5.037288
-6.614974
-6.762896
-8.484879
-14.185347
-1.938847
-1.804739
-12.90632
-4.805563
-2.636043
-2.841963
-5.129087
-10.806549
-8.928039
-15.044278
-15.347048
-12.597171
-14.030021
-14.869458
-6.765918
-8.659466
-7.044525
