10.255497
11.839783
8.571143
1.499133
-1.110994
-3.254686
-4.886001
4.197324
13.33196
15.159019
-6.064621
15.381446
15.559817
13.301518
14.619647
14.517732
6.557835
6.566339
15.364567
15.291242
8.480712
15.001748
-7.177764
-7.618915
-7.685689
-7.148104
-7.674648
-7.003677
-6.195747
1.649664
-0.954401
-3.171057
-4.892985
4.23889
-6.802045
-7.136672
-7.009441
-7.419459
14.902431
9.308238
10.99179
7.574839
0.699057
3.238916
12.658888
-6.459079
15.322927
15.038487
13.988463
14.194041
12.749847
5.525792
15.2046
15.128593
7.435101
-7.247156
-7.128573
-7.769014
-7.723091
-6.588414
-7.300037
-1.541407
0.873466
-5.344091
-3.64203
3.323477
-7.35802
-7.119544
-7.647516
