9.017749
10.765724
8.954831
12.467928
15.047913
14.694422
13.655986
12.165538
14.724418
7.157432
10.369419
3.750773
2.092305
7.197589
5.433404
13.885987
13.67454
0.781177
0.627569
0.619402
4.508079
4.911075
2.251283
-0.062736
8.794998
10.656553
14.931069
14.678205
13.751152
12.356858
8.461188
6.533829
-0.09929
6.904802
-0.51893
-0.482375
-10.062063
-11.698077
-10.042579
-13.280826
-15.055725
-15.527486
-12.37025
-13.930069
-15.230359
-8.327668
-10.522996
-3.171572
-4.916688
-6.643888
-8.389496
-14.547396
-14.360527
-1.834974
-1.695407
-1.635042
-4.654114
-2.465955
-2.675228
-4.999719
-10.803468
-8.892338
-15.135485
-15.509306
-12.601388
-14.070249
-15.146379
-6.647879
-8.575102
-6.964428
