10.435712
8.696815
12.122487
14.793071
14.511133
13.500566
12.032073
14.36192
7.006248
10.267422
3.629141
1.908366
5.350184
5.237423
13.26017
0.556403
0.400478
11.80856
-0.760158
4.455551
4.781295
2.402426
2.164607
-0.175596
8.637732
10.466335
14.521398
14.385635
13.51134
12.146274
13.88848
8.398363
6.488797
-0.223839
6.769425
-0.773001
-11.732713
-10.160308
-13.303237
-15.190547
-15.625945
-12.529832
-14.085895
-15.272691
-8.569814
-10.675022
-3.483147
-5.261907
-6.82965
-7.001104
-14.349783
-2.125821
-1.949184
-13.026372
-4.782823
-2.580485
-2.717338
-5.022909
-10.895885
-8.960857
-15.196105
-15.515608
-12.70859
-14.157364
-15.018565
-6.78703
-8.719389
-7.015981
