10.796793
8.968671
12.514747
15.036058
14.705378
13.66357
12.167979
14.649283
7.182074
3.589319
10.368682
3.788346
2.126445
7.23245
5.479615
5.364268
13.945269
13.58861
0.829147
0.65289
12.167692
-0.50814
4.498764
4.897648
2.497404
2.215642
-0.159543
8.727356
10.550838
14.791753
14.544244
13.615994
12.229305
14.28779
8.467659
6.542554
-0.193884
6.871559
-0.496848
-11.701362
-10.054096
-13.299458
-15.499535
-15.127436
-8.3843
-4.791325
-3.204818
-4.968534
-6.58626
-6.706835
-8.440915
-14.218109
-1.8461
-1.713955
-12.958767
-4.773125
-2.584162
-2.791881
-5.109819
-14.136863
-10.812331
-8.934955
-15.03914
-15.357761
-12.597418
-14.027738
-14.927524
-6.755389
-8.665405
-7.045047
