10.399847
11.997409
8.717367
1.609453
-1.014078
-3.17206
-4.815552
4.322781
13.482065
15.255605
-5.999808
15.482239
15.642149
13.430872
14.740988
14.645303
6.707085
6.700934
15.437986
15.370311
8.623858
15.106777
-7.101108
-7.587972
-7.649276
-7.041188
-7.638456
-6.921992
-6.096726
1.755802
-0.857668
-3.072223
-4.791378
4.368436
-6.741427
-7.076134
-6.917458
-7.361149
15.002078
9.408687
11.089948
7.68342
0.789403
3.328
12.75541
14.866936
15.423875
15.131558
14.078506
14.278117
12.830608
5.615527
15.311509
15.233397
7.52767
-7.172737
-7.04225
-7.734946
-7.702324
-3.493353
-6.489128
-7.209361
-1.44728
0.954409
-5.235538
-3.54245
3.411899
-7.291258
-7.050825
-7.591063
