9.016021
10.760277
8.946391
12.4673
15.030046
14.687938
13.64962
12.158381
14.679267
7.157767
10.362663
3.757614
2.095232
7.204279
5.444878
5.348484
13.888695
13.623133
0.787264
0.625452
12.193246
0.63052
-0.533284
4.50113
4.899157
2.511964
2.233648
-0.103249
8.762001
10.608348
14.860521
14.615001
13.690047
12.299869
14.377289
8.45895
6.533406
-0.13951
6.885255
-0.523267
-11.700375
-10.05167
-13.287963
-15.073093
-15.521549
-12.403614
-13.962752
-15.195021
-8.358624
-10.55596
-3.197965
-4.951117
-6.682693
-8.422865
-14.560916
-14.308543
-1.852657
-1.714117
-13.041302
-1.64684
-4.702834
-2.513975
-2.719509
-5.040491
-10.810624
-8.910565
-15.103573
-15.455023
-12.604638
-14.058804
-15.061554
-6.692689
-8.613778
-6.995635
