11.628266
10.194449
11.78156
8.495982
1.445527
-1.184658
-3.357915
-5.020285
4.155147
13.253909
-6.228092
15.223004
15.427482
13.166878
14.463402
14.425454
6.47035
6.536551
15.27344
15.260214
8.470587
15.146122
15.018753
-7.459988
-7.87203
-7.976349
-7.454597
-7.989347
-7.171454
-6.331698
1.642329
-0.997077
-3.248784
-5.003911
4.257706
-6.987785
-7.361085
-7.28747
-7.626556
14.845016
9.290517
10.982911
7.545772
-1.797109
0.661435
-5.47559
-3.895033
3.222625
12.628128
-6.589935
15.204212
14.905118
14.070648
12.64908
5.484814
5.533208
15.112478
15.094287
7.475819
14.957989
-7.532621
-7.438203
-8.055582
-7.962635
-6.695954
-7.442195
-1.598879
0.849379
-5.441653
-3.725364
3.339701
-7.563173
-7.277784
-7.832377
