10.388671
12.028417
8.644691
1.510359
-1.151701
-3.361443
-5.062025
4.248001
13.531391
-6.306139
15.478679
15.68901
13.415081
14.720892
14.712156
6.586702
6.653414
15.541632
15.530147
8.629414
15.313507
-7.603256
-8.007087
-8.106601
-7.561917
-8.11509
-7.229203
-6.348731
1.721794
-0.947918
-3.222355
-4.999126
4.364081
-7.098515
-7.501317
-7.375674
-7.730479
15.140953
9.466981
11.203141
7.694143
-1.755319
0.727959
-5.491251
-3.882157
3.310377
12.881636
-6.634014
15.500017
15.17396
14.210869
14.313269
12.868417
5.611881
5.646323
15.428265
15.406172
7.626572
-7.651631
-7.545493
-8.172068
-8.0798
-6.692258
-7.476296
-1.554745
0.901784
-5.415858
-3.693115
3.424467
-7.662648
-7.351606
-7.912452
