10.789639
8.879154
10.680698
8.816859
12.374127
14.845137
14.454704
13.411629
11.917863
14.606022
10.123363
3.643346
2.037984
7.016369
5.276074
13.775163
13.574389
0.759121
0.614387
4.336927
4.779029
2.138808
8.601069
10.459894
14.781878
14.48963
13.55721
12.160356
8.222081
6.318341
-0.163964
6.727729
-0.502707
-0.444261
-11.55664
-9.92689
-11.609874
-9.926189
-13.1849
-14.913866
-15.410757
-12.230202
-13.780975
-15.127771
-10.404808
-3.077856
-4.785189
-6.48546
-8.227044
-14.447015
-14.26269
-1.771888
-1.566253
-4.65195
-2.507532
-5.053546
-10.725351
-8.842709
-15.063268
-15.432565
-12.516713
-13.991758
-6.59631
-8.485462
-6.952238
