10.886486
9.048658
12.608152
15.125439
14.780081
13.732254
12.232069
14.759304
7.240255
3.638507
10.425059
3.82906
2.176034
7.276227
5.516538
5.410984
14.044998
13.709916
0.883648
0.70977
12.290975
-0.453063
4.534113
4.947379
2.5426
2.253969
-0.11476
8.795836
10.630682
14.922189
14.650425
13.709953
12.31581
14.456229
8.512958
6.580303
-0.147796
6.929888
-0.438012
-11.703764
-10.03898
-13.304681
-15.492217
-15.137863
-8.340692
-10.568672
-3.137428
-4.896231
-6.524432
-6.634145
-8.37619
-14.244017
-1.781618
-1.654494
-12.996215
-4.732627
-2.541671
-2.760706
-5.088889
-14.17084
-10.798799
-8.921123
-15.040711
-15.377492
-12.582054
-14.019476
-14.985509
-6.71946
-8.63435
-7.02775
