10.352302
11.930279
8.689227
1.617608
-1.008739
-3.173128
-4.821419
4.332089
13.380054
15.110737
-6.005865
15.310432
15.469442
13.297662
14.583901
14.51361
6.692574
6.710074
15.279602
15.250589
8.626293
15.019432
-7.131429
-7.637973
-7.720518
-7.085516
-7.726755
-6.930529
-6.097828
1.779985
-0.843475
-3.064151
-4.788485
4.408987
-6.74466
-7.085234
-6.966515
-7.382649
14.866053
9.366283
11.025729
7.656342
0.791999
3.330033
12.657692
-6.389073
15.252435
14.961547
13.949259
14.122944
12.700081
5.617348
15.148442
15.105455
7.529379
-7.220664
-7.102963
-7.813414
-7.761837
-3.504021
-6.485225
-7.210101
-1.440789
0.966633
-5.232033
-3.540567
3.434513
-7.308238
-7.053481
-7.614533
