11.431784
9.969747
11.521464
8.289097
1.306096
-1.292142
-3.428513
-5.05547
3.985183
12.995937
-6.236597
15.049076
15.26676
12.95696
14.264428
6.274698
6.344271
15.11101
15.076558
8.248389
14.993331
14.784625
-7.430607
-7.799353
-7.903029
-7.467894
-7.205999
-6.408749
1.491589
-1.117524
-3.355152
-5.097812
4.063799
-6.974227
-7.327585
-7.297077
-7.607831
14.634072
10.728235
9.113217
10.79015
7.371982
-1.900206
0.540856
-5.530633
-3.971371
3.090745
12.430162
-6.626443
15.006109
14.729478
13.912751
12.498296
5.318243
5.385734
14.893912
14.866107
7.303471
14.752403
-7.508786
-7.426858
-7.985544
-7.887869
-6.787549
-7.501841
-1.711003
0.741745
-5.55445
-3.833427
3.202098
-7.556354
-7.293596
-7.825436
