10.636449
8.966733
12.340598
15.164326
14.927387
13.91857
12.450857
14.619073
7.321929
1.510711
3.641098
10.677339
3.824365
2.031681
5.511863
13.49838
0.637049
0.482
10.386208
12.032127
-0.713867
4.736804
5.015755
2.565614
2.358947
-0.03589
8.974188
10.812601
14.834925
14.738556
13.862309
12.495727
14.132935
8.789726
6.839288
-0.099328
7.075782
-0.747903
-11.865682
-10.321733
-13.45127
-15.389515
-15.790649
-12.722155
-15.424062
-8.777713
-2.986743
-5.195812
-10.834194
-3.570937
-5.403402
-7.0379
-14.503051
-2.168588
-1.955221
-13.170942
-11.607585
-4.764027
-2.495179
-2.56336
-4.936027
-11.00161
-9.027085
-15.29593
-15.631843
-12.821436
-14.263344
-15.160628
-6.844125
-8.835314
-7.027277
