10.793627
12.653957
8.807621
1.331366
-1.361243
-3.589645
-5.328882
4.094684
14.468322
16.850452
16.706058
-6.652239
16.913006
17.194535
15.913644
6.539507
17.002764
16.747574
10.540358
8.643245
16.330569
-8.0075
-8.146466
-8.120279
-7.869503
-8.013523
-7.552839
-6.657051
1.496248
-1.167565
-3.470803
-5.281027
4.047077
-7.536375
-7.981426
-7.563638
-8.034063
16.469046
9.913862
11.903098
7.952441
-1.897733
0.641383
-5.716907
3.286617
13.875602
16.760495
16.430438
-6.935792
17.037538
16.653248
15.472466
5.688956
16.951797
16.71357
7.761412
9.638302
-7.879751
-7.698145
-8.099518
-8.086948
-6.97678
-7.809053
-1.734143
0.745621
-5.664975
-3.890971
3.270662
-8.004776
-7.717697
-8.136207
