10.967678
9.268488
15.492669
15.23968
14.210553
12.725115
14.934392
7.576734
1.695415
3.825722
10.924337
2.231166
5.716228
13.834644
0.854156
0.687723
10.741876
12.381849
-0.523336
4.889133
5.198277
2.704504
2.481483
0.044854
9.187767
11.030551
15.169138
15.012819
14.098899
12.716132
14.529773
13.465203
9.006115
7.027114
-0.015861
7.281608
-0.550062
-11.901513
-10.317855
-15.778124
-15.400002
-8.735377
-2.850219
-5.087372
-3.415245
-6.954576
-14.492874
-1.994544
-1.795018
-13.20008
-11.671431
-4.737904
-2.449475
-2.536569
-4.947397
-10.989365
-9.033984
-15.240892
-15.588571
-12.794591
-14.224561
-15.180699
-14.264155
-6.836955
-8.839975
-7.04439
