11.020813
12.874188
1.571919
-1.130667
-3.36769
-5.108566
4.352905
14.644145
16.840989
16.737409
-6.41775
17.203605
16.022393
6.802709
16.982816
16.741111
10.791004
8.895488
16.37296
-7.68924
-7.955967
-7.919069
-7.499784
-7.816474
-7.289881
-6.380788
1.713935
-0.950491
-3.229914
-5.015414
4.305216
6.570644
-7.286814
-7.7084
-7.248838
-7.79603
16.496344
10.03885
11.986968
0.827622
3.452489
13.928539
16.772071
16.439517
17.068488
15.490047
5.836213
16.982509
16.741735
7.886004
9.751264
-7.586827
-7.383019
-7.915547
-7.937759
-6.716451
-7.541234
-1.519931
0.918221
-5.397791
-3.652753
3.437118
5.674316
-7.747907
-7.476248
-7.922218
