10.804073
9.139457
12.505196
15.388077
15.112789
14.095813
12.623786
14.913949
7.452671
10.837399
3.896573
2.112904
5.685533
5.623802
13.940121
13.819667
0.710678
0.577655
12.345169
-0.623572
4.847354
2.483401
9.198144
11.088204
15.22464
15.085154
14.187202
12.800881
8.92138
6.949765
0.075416
7.250372
-0.653913
-11.885806
-10.307335
-13.466733
-15.358996
-15.821554
-12.64128
-14.219368
-15.543706
-8.682606
-10.747534
-3.433933
-5.250372
-6.897187
-7.026427
-14.725739
-14.681888
-2.047858
-1.83288
-13.363348
-4.595116
-2.314103
-10.984511
-8.977852
-15.387187
-15.801359
-12.811908
-14.295734
-6.702916
-8.724443
-6.934704
