10.656666
8.953465
12.353366
15.130965
14.850957
13.835206
12.363256
14.676469
7.260506
10.584856
3.784878
2.032471
5.541928
5.455999
13.773342
13.580526
0.656137
0.511026
12.118313
-0.671991
4.672154
4.988428
2.340751
8.947215
10.808034
14.915932
14.772703
13.882704
12.505147
8.688689
6.744409
-0.061333
7.037075
-0.693205
-11.815154
-10.235938
-13.393247
-15.278806
-15.725935
-12.589001
-14.157221
-15.410682
-8.624145
-10.71319
-3.443296
-5.242545
-6.856785
-7.002251
-14.52068
-2.069441
-1.874254
-13.203407
-4.683244
-2.438431
-4.908847
-10.940557
-8.97023
-15.28991
-15.6595
-12.759524
-14.225359
-6.742763
-8.722327
-6.975453
