10.439901
12.206394
8.530701
1.23471
-1.44475
-3.669656
-5.401509
3.978931
13.902509
-6.708912
16.168591
16.462645
15.299892
15.267595
6.349488
6.40715
16.324709
16.192006
8.467559
15.850382
-8.135545
-8.299478
-8.083629
-7.639895
-6.748366
1.452168
-1.22655
-3.545009
-5.368292
-7.569572
-8.024848
-7.785386
-8.127845
15.831959
9.623934
11.529301
7.714488
-1.984704
0.544501
-5.791196
-4.135139
3.182448
13.381796
-6.994753
16.281719
15.917951
14.873008
14.989109
5.575585
16.211957
16.093512
7.633303
-8.07168
-7.947334
-8.267543
-7.058178
-7.886025
-1.814683
0.693914
-5.763266
-3.98823
-8.092873
-7.768064
-8.242203
