10.670601
8.896925
12.375614
14.999552
14.694877
13.667597
12.184821
14.582375
7.159062
3.561861
10.399567
3.748511
2.048197
5.464596
5.356734
13.501941
0.716976
0.553336
12.062907
-0.613413
4.532837
4.89177
2.490925
2.234499
-0.125778
8.760379
10.593877
14.752695
14.56049
13.655694
12.277001
14.186634
8.508009
6.581864
-0.169337
6.88819
-0.616626
-11.738935
-10.128368
-13.325311
-15.164511
-15.589447
-12.505437
-15.234924
-8.494726
-10.648607
-3.337547
-5.11477
-6.719596
-6.859157
-14.326198
-1.974662
-1.815141
-13.035925
-4.755245
-2.548367
-2.71272
-5.038565
-10.866894
-8.95174
-15.141278
-15.471958
-12.667392
-14.110584
-15.027769
-6.762827
-8.696105
-7.021735
