10.399142
12.067893
8.618925
1.432065
-1.210456
-3.39066
-5.06596
4.15436
13.649751
15.597163
-6.298813
15.788043
16.006417
14.986626
14.907986
6.550891
15.826834
15.720538
8.529578
15.4106
-7.527334
-7.868155
-7.920326
-7.47304
-7.889129
-7.227419
-6.38114
1.603479
-1.03154
-3.286838
-5.047241
4.191148
-7.088537
-7.470344
-7.274154
-7.677652
15.355943
9.486715
11.265435
7.680776
-1.805389
0.670397
-5.509813
3.249635
13.016568
-6.64796
15.798953
15.478974
14.418138
14.592657
5.579832
15.700165
15.596085
7.55033
-7.538591
-7.409439
-7.970895
-7.918409
-6.741605
-7.502239
-1.61779
0.828318
-5.473138
-3.744515
3.315625
-7.624983
-7.354926
-7.859835
