10.575738
8.897862
12.276307
15.075659
14.83705
13.829867
12.363424
14.539999
7.253328
1.473555
3.593647
10.593787
3.780937
1.996596
5.45333
13.418284
0.607434
0.450882
10.308773
11.954014
-0.738906
4.680358
4.961835
2.523969
2.314591
-0.075299
8.89654
10.728665
14.738532
14.644114
13.772199
12.408523
14.033725
8.712966
6.771553
-0.136711
7.007136
-0.770828
-11.843938
-10.301508
-13.426598
-15.364758
-15.766317
-12.702647
-15.394048
-8.760735
-2.998007
-5.193772
-10.820207
-3.580251
-5.406324
-7.027314
-14.466599
-2.183496
-1.974461
-13.132245
-11.572756
-4.783456
-2.525768
-2.601017
-4.959507
-10.989602
-9.022281
-15.277173
-15.603065
-12.808584
-14.248243
-15.113366
-6.849744
-8.829574
-7.033276
