10.743114
12.585769
8.774395
1.324514
-1.358939
-3.576886
-5.304679
4.080181
14.386442
16.75661
16.613195
-6.616093
16.828086
17.104925
15.823762
6.517849
16.910343
16.657428
10.486863
8.607694
16.237105
-7.948119
-8.09744
-8.073324
-7.819258
-7.969106
-7.521587
-6.637257
1.484544
-1.170493
-3.465791
-5.268311
4.030095
-7.489194
-7.924219
-7.52245
-7.990584
16.371774
9.863708
11.83608
7.914117
-1.900033
0.630837
-5.701194
3.268413
13.79486
16.654652
16.329445
-6.910371
16.938576
16.562722
15.381117
5.66193
16.847111
16.611861
7.721568
9.582059
-7.830151
-7.651684
-8.058114
-8.046142
-6.963952
-7.784418
-1.736091
0.739234
-5.658626
-3.888233
3.254528
-7.961429
-7.682302
-8.101465
