10.554533
12.304388
8.684464
1.386851
-1.291078
-3.511938
-5.234526
4.13614
13.964683
16.010823
-6.522462
16.163589
16.418336
15.330356
15.282995
6.561648
16.256744
16.129231
8.604075
15.812394
-7.870555
-8.124846
-8.167353
-7.790257
-8.120808
-7.438377
-6.548792
1.582753
-1.087512
-3.382633
-5.182312
4.177486
-7.364261
-7.794709
-7.535285
-7.930612
15.787889
9.670521
11.537663
7.797946
-1.856004
0.658416
-5.639356
-3.999161
3.276518
13.363023
15.707091
-6.824042
16.243812
15.887429
14.826513
14.961897
5.649938
16.167845
16.045095
7.681875
-7.829122
-7.690869
-8.187684
-8.125775
-6.875746
-7.688008
-1.675587
0.800907
-5.581703
-3.828633
3.329555
-7.883952
-7.578139
-8.06795
