11.381667
9.751651
13.124285
16.138226
15.871417
14.832455
13.34173
15.578449
8.041811
4.165698
11.515025
4.289595
2.454815
6.118214
14.498926
1.028865
0.894361
11.350879
13.021338
-0.355652
5.295545
5.595266
3.034124
2.830036
0.4178
9.803182
11.727587
15.997288
15.815663
14.869586
13.457703
9.540315
7.495079
0.341494
7.800511
-0.396139
-12.048504
-10.441783
-13.664779
-15.537381
-15.96896
-12.797571
-14.400276
-15.704217
-8.787154
-5.027168
-10.862412
-3.301238
-5.170203
-6.942543
-14.882236
-1.863383
-1.628688
-13.600592
-4.482901
-2.117995
-2.161227
-4.678413
-11.059765
-9.023639
-15.459174
-15.931883
-12.88212
-14.365177
-15.724115
-6.688739
-8.787063
-6.923748
