9.166855
10.935342
9.131325
12.651222
15.260102
14.91085
13.865526
12.368974
14.906366
7.327498
10.560801
3.86694
2.194427
7.351812
5.570451
5.491579
14.089399
13.859959
0.878723
0.722071
12.42716
0.718053
-0.449457
4.633456
5.036206
2.62298
2.345444
0.005147
8.958783
10.825897
15.136405
14.870998
13.929688
12.528773
14.684984
8.636485
6.688511
-0.03423
7.056951
-0.44105
-11.743759
-10.080344
-13.338373
-15.108132
-15.564484
-12.421022
-13.987652
-15.262891
-8.360904
-10.562168
-3.134648
-4.896311
-6.638872
-8.393751
-14.611752
-14.400224
-1.781152
-1.63734
-13.144648
-1.575293
-4.635079
-2.423427
-2.622835
-4.97808
-10.824587
-8.909409
-15.143718
-15.528129
-12.619418
-14.083776
-15.197526
-6.65491
-8.601626
-6.970211
