10.707838
9.039038
12.415525
15.252034
15.010117
13.997938
12.527653
14.709632
7.385294
1.554629
3.688562
10.74878
3.865978
2.071992
5.56477
13.594094
0.6761
0.522944
10.478631
12.127442
-0.677188
4.783992
5.067251
2.608173
2.400337
0.005366
9.047216
10.893965
14.943966
14.836706
13.953024
12.581733
14.258996
8.852733
6.893985
-0.058738
7.139386
-0.710951
-11.879339
-10.327448
-13.46773
-15.396776
-15.801999
-12.722432
-14.296231
-15.446055
-8.769974
-2.956165
-5.171336
-10.830897
-3.538355
-5.372532
-7.019071
-14.535124
-2.133964
-1.920063
-13.208936
-11.643841
-4.736104
-2.459939
-2.528538
-4.913616
-11.003168
-9.024226
-15.307773
-15.656977
-12.822786
-14.268961
-15.212095
-6.826134
-8.82596
-7.016615
