10.532049
8.836275
12.229103
14.988926
14.739468
13.731464
12.264441
14.479824
7.179959
1.447149
3.547957
10.496498
3.736557
1.970024
5.389129
13.362871
0.591964
0.434523
10.25502
11.9027
-0.746889
4.613147
4.906545
2.48515
2.26778
-0.110622
8.815388
10.644329
14.663342
14.558393
13.686348
12.322961
13.975567
8.619936
6.68821
-0.168195
6.93404
-0.773463
-11.811768
-10.261883
-13.39142
-15.316604
-15.724885
-12.657109
-14.221473
-15.354086
-8.710036
-5.154962
-10.782688
-3.556905
-5.370312
-6.976239
-14.42552
-2.170487
-1.970889
-13.094103
-11.541262
-4.790289
-2.548685
-2.641133
-4.983523
-10.963528
-9.006985
-15.249588
-15.570408
-12.780246
-14.22057
-15.07385
-6.837901
-8.803027
-7.032519
