10.891282
9.057015
14.912205
10.814768
9.010291
12.513366
15.126037
14.757485
13.717275
12.226543
14.833895
10.426957
3.769565
2.112919
7.226325
5.45094
13.931568
13.793696
0.795863
0.626953
4.549495
2.300135
8.883298
10.768114
15.082981
14.816894
13.883466
12.481685
8.508322
6.573222
-0.025262
6.970804
-0.494254
-0.471362
-10.032526
-11.706435
-10.039514
-13.285113
-15.044451
-15.54589
-12.335525
-13.898029
-15.289931
-10.485888
-3.125571
-4.863389
-6.588185
-8.34387
-14.544148
-14.445746
-1.797222
-1.604404
-4.579406
-2.386267
-10.798883
-8.870587
-15.184059
-15.592674
-12.601751
-14.090656
-6.585455
-8.526498
-6.920955
