9.664252
11.272677
3.723873
9.923823
11.484753
8.220794
1.264502
-1.378102
-3.577398
-5.268725
3.972641
-6.506759
14.782915
15.039332
12.754961
14.014945
6.187092
6.359299
14.957311
14.747168
-7.917892
-7.986606
-7.475856
-6.609793
1.535756
-1.144981
-3.44726
-5.250664
-7.287334
-7.713118
-7.771441
-7.964241
14.559355
14.212001
10.613282
9.125735
10.814736
7.369859
-1.963562
0.517824
-5.693043
-4.084319
3.106454
-6.832141
14.813582
14.506015
13.705265
12.334502
5.296879
5.445605
14.754831
14.518934
-8.005726
-7.964249
-6.935181
-7.718586
-1.768268
0.740323
-5.678938
-3.93641
-7.904198
-7.551597
-8.141938
