10.977836
9.177373
12.708345
15.305097
14.986132
13.940109
12.440953
14.874569
7.396638
1.695032
3.733626
10.630468
3.925506
2.233366
5.651289
5.547402
13.813227
0.918177
0.743876
10.734526
12.38659
-0.437179
4.675388
5.061781
2.620007
2.348717
-0.050977
8.9594
10.796719
15.062262
14.815105
13.875541
12.481966
14.553099
8.710593
6.757813
-0.092123
7.08009
-0.433808
-11.773014
-10.126102
-13.3817
-15.578935
-15.21311
-8.457682
-2.677162
-4.820844
-3.194872
-4.982967
-6.644871
-6.742422
-14.316907
-1.814554
-1.667576
-13.062888
-11.581641
-4.731902
-2.506454
-2.687718
-5.049218
-15.223651
-14.205183
-10.856469
-8.958924
-15.090554
-15.431795
-12.64346
-14.075301
-15.045716
-6.757453
-8.701959
-7.038208
