10.756464
9.082687
12.455877
15.311898
15.036381
14.020313
12.548785
14.841941
7.39608
10.765253
3.862764
2.086649
5.643476
5.574842
13.886103
13.746343
0.690684
0.554525
12.274769
-0.641657
4.797753
2.442518
9.126195
11.007953
15.132696
14.994324
14.099597
12.716176
8.85541
6.891706
0.036156
7.188893
-0.669914
-11.866777
-10.289575
-13.446502
-15.338862
-15.797163
-12.628884
-14.204171
-15.508743
-8.670264
-10.739987
-3.442043
-5.254119
-6.891075
-7.025723
-14.706436
-14.638552
-2.059236
-1.848972
-13.319208
-4.620644
-2.349438
-10.973934
-8.976524
-15.362432
-15.763835
-12.79942
-14.278321
-6.715354
-8.725514
-6.946053
