8.557421
10.284926
8.409246
11.963396
14.34053
13.985291
12.96007
11.479115
14.065594
6.62338
9.713937
3.418151
1.819929
6.719957
5.029007
13.331747
13.001445
0.553375
0.38082
0.417338
-0.730677
4.063403
4.480375
2.189166
1.89037
-0.405946
8.161225
9.960048
14.114746
13.885352
12.994582
11.626918
13.609705
7.86299
6.007506
-0.426707
6.353069
-0.704537
-10.008584
-11.532043
-9.895642
-13.096171
-14.881232
-15.335102
-12.250996
-13.785896
-14.967026
-8.227205
-10.446082
-3.272041
-4.97523
-6.659891
-8.363607
-14.363323
-14.031711
-1.970796
-1.865146
-12.746157
-1.762243
-4.849893
-2.747431
-3.007067
-5.218225
-10.71814
-8.872285
-14.962766
-15.238237
-12.506289
-13.9444
-14.702852
-6.73327
-8.56707
-7.039359
