11.126152
9.791738
11.242172
8.225187
1.381225
-1.178484
-3.271664
-4.846607
4.031378
12.609086
-5.963619
14.555177
14.726407
12.564717
13.817312
6.294846
6.357668
14.55345
14.560047
14.366197
14.293198
-7.023672
-7.510046
-7.632481
-7.092074
-7.666076
-6.946163
-6.194327
1.543285
-1.029606
-3.22217
-4.919931
4.117422
-6.639277
-6.937409
-6.991919
-7.30728
14.087183
10.389094
8.896243
10.459763
7.241119
-1.824779
0.57118
-5.366168
-3.856526
3.074683
11.998719
-6.406849
14.430418
14.196067
13.429967
12.079167
5.242967
5.318588
14.295484
14.303045
7.164104
14.085724
-7.171369
-7.103172
-7.753951
-7.662289
-6.610766
-7.267255
-1.624355
0.792476
-5.406511
-3.71653
3.209234
-7.245524
-7.019158
-7.578989
