10.887019
9.168851
12.605739
15.367167
15.086836
14.058045
12.574156
14.879299
7.454026
3.756634
10.777428
3.929389
2.174845
5.612184
13.791941
0.808106
0.651101
10.683237
12.339327
-0.545564
4.791814
5.121036
2.661594
2.42761
0.037491
9.097163
10.953259
15.121867
14.946951
14.033358
12.647387
14.52971
8.862194
6.896778
-0.018452
7.186828
-0.564335
-11.851199
-10.252263
-13.448886
-15.314102
-15.728582
-15.388388
-8.631451
-4.999504
-10.750512
-3.363808
-5.179411
-6.842459
-6.9554
-14.498398
-1.9693
-1.780568
-13.206201
-4.691546
-2.427869
-2.541813
-4.93139
-10.94558
-8.990491
-15.24488
-15.611174
-12.753467
-14.202791
-15.225039
-6.767771
-8.7567
-7.004859
