10.719066
8.802208
10.564834
8.710064
12.255238
14.720911
14.351777
13.316035
11.827533
14.448583
6.899571
10.04278
3.592033
1.975972
6.958732
5.22956
13.649169
13.401195
0.693339
0.532952
0.547355
4.284787
4.708502
2.080835
8.497148
10.335962
14.588362
14.327617
13.410938
12.024803
8.157172
6.264262
-0.238641
6.642115
-0.576586
-0.51749
-9.988624
-11.604827
-9.944476
-13.177972
-14.937713
-15.413594
-12.272008
-13.819537
-15.097797
-10.448276
-3.168218
-4.883458
-6.584991
-8.314494
-14.442903
-14.207311
-1.856324
-1.739819
-1.651127
-4.720751
-2.579996
-2.82795
-5.096965
-10.74222
-8.865177
-15.046586
-15.384646
-12.53412
-13.994922
-14.961888
-6.656292
-8.535772
-6.985258
