11.400259
9.671761
13.145254
15.96322
15.638931
14.583303
13.078564
15.510605
7.88027
4.081127
11.241899
4.215437
2.465357
7.859123
6.006538
5.964793
14.637916
14.465133
1.100168
0.953767
13.014648
-0.268984
5.094924
5.466464
2.949769
2.699842
0.309868
9.578028
11.489915
15.873007
15.60681
14.636141
13.215474
15.418971
9.266772
7.246274
0.252347
7.607153
-0.281149
-11.929125
-10.264411
-13.547824
-15.333865
-15.776834
-12.609857
-14.201892
-15.508856
-8.537758
-10.704125
-3.099928
-4.920589
-6.665901
-6.715562
-14.689515
-1.695406
-1.511501
-13.446144
-4.500295
-2.19404
-2.325335
-4.795388
-10.93692
-8.96173
-15.29905
-15.755051
-12.739558
-14.216729
-15.555119
-6.635221
-8.67549
-6.933865
