10.685603
8.92296
12.393208
15.037593
14.743082
13.716961
12.234873
14.597305
7.196083
3.582001
10.449533
3.771576
2.059051
5.499183
5.389286
13.511645
0.721357
0.556415
12.070695
-0.615325
4.567309
4.916705
2.505361
2.254577
-0.117547
8.794502
10.625739
14.769412
14.587448
13.684454
12.307185
14.184607
8.557527
6.626836
-0.163455
6.921234
-0.622276
-11.758083
-10.155107
-13.346851
-15.198144
-15.613534
-15.250602
-8.535262
-4.955826
-10.680073
-3.363658
-5.150418
-6.764085
-6.901298
-14.337675
-1.992699
-1.827266
-13.044477
-4.764917
-2.548637
-2.700909
-5.034467
-10.885102
-8.965742
-15.151273
-15.478699
-12.686387
-14.125608
-15.028571
-6.782269
-8.722516
-7.030021
