10.49157
12.187777
8.687091
1.45134
-1.197598
-3.382718
-5.064294
4.180566
13.801309
15.775638
-6.305735
15.980955
16.199527
15.171165
15.081148
6.583511
16.01012
15.8765
8.577379
15.55099
-7.530081
-7.859067
-7.894103
-7.454532
-7.849443
-7.226329
-6.374638
1.613934
-1.021519
-3.277264
-5.038493
4.197958
-7.105294
-7.489469
-7.249319
-7.679744
15.531663
9.567155
11.371464
7.744465
-1.789322
0.692192
3.276506
13.154425
15.43565
-6.649802
16.000656
15.672796
14.583548
14.768858
5.612636
15.900825
15.769989
7.591972
-7.523216
-7.380931
-7.936513
-7.899317
-6.734064
-7.500652
-1.603523
0.838988
-5.459433
-3.729034
3.326715
-7.628563
-7.363005
-7.85529
