10.787907
9.044924
12.502078
15.198196
14.911419
13.883531
12.400029
14.731654
7.323627
3.667616
10.608693
3.851386
2.118909
5.600748
5.49888
13.644916
0.768494
0.60588
10.546019
12.199353
-0.578105
4.675534
5.015613
2.579706
2.336491
-0.048199
8.937477
10.77845
14.933882
14.754622
13.845954
12.464732
14.344088
8.705605
6.758142
-0.098697
7.048433
-0.590523
-11.802942
-10.20172
-13.397159
-15.255112
-15.666301
-15.309807
-8.58332
-4.978196
-10.717666
-3.363153
-5.164784
-6.803946
-6.928424
-14.405775
-1.979524
-1.803679
-13.114116
-4.736344
-2.497258
-2.631577
-4.991908
-10.914059
-8.979939
-15.189429
-15.532394
-12.717534
-14.159219
-15.10984
-6.781248
-8.743792
-7.022835
