10.612819
12.351638
8.766865
1.465107
-1.20214
-3.407191
-5.111183
4.210066
14.00376
16.012615
-6.377328
16.209691
16.43787
15.389595
15.308599
6.628004
16.249804
16.099995
10.446573
8.652725
15.772112
-7.642143
-7.944706
-7.968993
-7.542966
-7.913981
-7.286758
-6.413318
1.632834
-1.017919
-3.28818
-5.06371
4.223282
-7.200595
-7.60371
-7.317914
-7.761967
15.775147
9.6853
11.530923
7.833742
-1.78366
0.714879
3.315146
13.352235
15.68948
-6.700452
16.258275
15.912423
14.812592
14.985808
5.669566
16.167863
16.020304
7.675452
-7.609847
-7.457024
-7.997819
-7.965321
-6.759858
-7.549591
-1.599687
0.850024
-5.471558
-3.733386
3.354896
-7.711711
-7.433994
-7.918919
