10.923003
12.798475
8.932777
1.433776
-1.29115
-3.560679
-5.33914
4.224953
14.581942
16.891237
16.739327
-6.691137
16.891337
17.168408
15.982408
6.690459
16.998365
16.802018
10.743996
8.818208
16.459582
-8.123305
-8.302806
-8.301374
-7.967399
-8.215874
-7.573942
-6.631295
1.630451
-1.07322
-3.400728
-5.232824
4.233419
-7.59642
-8.071122
-7.66052
-8.116278
16.52709
10.020271
12.008853
8.063826
-1.829319
0.72907
-5.702743
-4.014461
3.388263
13.956699
16.836437
16.478762
-6.941197
17.045324
16.640535
15.522229
5.808803
16.988323
16.796716
7.909307
9.822051
-8.004197
-7.8277
-8.281989
-8.248097
-6.928843
-7.798392
-1.655476
0.833172
-5.598007
-3.825268
3.399351
-8.073942
-7.747129
-8.204828
