9.075906
10.797835
9.011438
12.503534
15.133254
14.796898
13.76095
12.272335
14.771558
7.234042
10.476008
3.795834
2.113111
7.275501
5.500907
13.928658
13.712963
0.787074
0.633899
12.273819
0.617269
-0.533485
4.58257
4.967244
2.56739
2.299684
-0.030372
8.878381
10.740944
14.991545
14.75772
13.833836
12.441049
8.565258
6.627771
-0.071993
6.980832
-0.530089
-11.737335
-10.095419
-13.32317
-15.119844
-15.5805
-12.433613
-13.997359
-15.276914
-8.401403
-10.576641
-3.217211
-4.979289
-6.718416
-8.46548
-14.591524
-14.404509
-1.867017
-1.714551
-13.130524
-1.67002
-4.656054
-2.448465
-2.633645
-4.975527
-10.839126
-8.914841
-15.168918
-15.544349
-12.640255
-14.106406
-15.18025
-6.671782
-8.615951
-6.969914
