11.682081
10.208157
11.832991
8.45933
1.369722
-1.278563
-3.474527
-5.16414
4.09046
13.343942
-6.405148
15.343458
15.57949
13.246783
14.560498
6.39556
6.486402
15.44757
15.435351
8.454835
15.334456
15.19212
-7.730751
-8.074771
-8.184834
-7.728552
-8.19543
-7.349072
-6.485819
1.591468
-1.070966
-3.352165
-5.136315
-7.195399
-7.602797
-7.520423
-7.826558
15.018554
9.344898
11.085836
7.560158
-1.868525
0.61375
-5.594472
-3.987279
3.200436
12.764871
-6.737302
15.369658
15.051206
14.202072
12.763121
5.472613
5.538626
15.293745
15.280153
7.519694
15.15331
-7.776124
-7.686952
-8.24665
-8.133059
-6.826248
-7.604094
-1.676215
0.800289
-5.559772
-3.824294
3.318642
-7.768887
-7.45481
-8.00337
