10.886508
9.159888
12.590205
15.365547
15.042494
14.011388
12.528155
14.97731
7.407057
10.729994
3.884268
2.156577
7.437208
5.629159
14.024496
13.91318
0.791311
0.656281
0.593496
4.76441
2.446131
9.13627
11.033414
15.280948
15.072351
14.150277
12.751764
8.803522
6.839311
0.075122
7.193824
-0.541693
-0.558802
-11.819669
-10.19251
-13.402494
-15.224555
-15.709704
-12.502802
-14.076809
-15.454056
-8.49741
-10.62508
-3.258806
-5.041432
-6.797861
-8.559986
-14.661527
-14.61157
-1.89678
-1.713971
-1.71833
-4.556438
-2.307135
-10.902294
-8.925889
-15.309274
-15.735955
-12.718506
-14.209642
-6.629231
-8.623995
-6.916105
