11.035658
9.370931
12.752024
15.662509
15.378647
14.350514
12.869288
15.178694
7.660356
11.065445
4.038142
2.248096
5.843758
5.795903
14.210595
14.097128
0.844613
0.71168
12.624325
-0.50431
4.99596
5.309208
2.605682
9.412549
11.318782
15.531101
15.360309
14.439155
13.040252
9.124934
7.127489
0.178808
7.443902
-0.534164
-11.931413
-10.331208
-13.525167
-15.393814
-15.8528
-12.664998
-14.251389
-15.588363
-8.677535
-10.759446
-3.344027
-5.171574
-6.862057
-6.961521
-14.789472
-14.747554
-1.945116
-1.729612
-13.449118
-4.539078
-2.233974
-4.757695
-10.993762
-8.981263
-15.401231
-15.842598
-12.817411
-14.304428
-6.676085
-8.721032
-6.922622
