10.635934
12.479599
8.646856
1.248155
-1.482805
-3.770177
-5.569174
4.032921
14.220448
-6.943816
16.446437
16.772356
15.569192
15.60763
6.406833
6.499322
16.668402
16.561284
8.63008
16.264536
-8.533422
-8.643976
-8.453019
-7.854484
-6.894594
1.51166
-1.225136
-3.596404
-5.470365
-7.863785
-8.382937
-8.102858
-8.419127
16.218783
9.837038
11.817448
7.872928
-1.996292
0.579672
-5.907972
-4.197831
3.261541
13.714461
-7.165371
16.640806
16.232396
15.235815
15.271513
5.669617
5.70508
16.610919
16.512741
7.835646
-8.430932
-8.305617
-8.571442
-7.15911
-8.057148
-1.826164
0.718145
-5.830192
-4.03324
-8.381311
-7.996303
-8.484626
