10.841333
12.662982
8.911024
1.506655
-1.232438
-3.527346
-5.325377
4.307769
14.337354
16.341421
-6.680123
16.414026
16.680164
15.600498
15.638
6.717631
6.776598
16.549443
16.472518
8.887486
16.239275
-8.179878
-8.439188
-8.499625
-8.053273
-8.465855
-7.563147
-6.5907
1.749832
-0.98795
-3.332845
-5.179189
4.412423
-7.578436
-8.070663
-7.767463
-8.154625
16.157153
9.934895
11.856102
8.028644
-1.783792
0.776291
-5.678682
-3.984298
3.433037
13.701613
16.07896
-6.914079
16.568847
16.165131
15.168717
15.210345
5.853005
16.539631
16.45337
7.954096
-8.115222
-7.972236
-8.503253
-8.417903
-6.873173
-7.760245
-1.594609
0.905478
-5.539635
-3.775824
3.506111
-8.094919
-7.72414
-8.250162
