11.406462
9.659237
13.153843
15.931252
15.600351
14.54154
13.033823
15.488366
7.855586
4.066357
11.19515
4.207337
2.471011
7.833455
5.987752
5.940297
14.646717
14.447134
1.117798
0.966454
13.002834
-0.252141
5.05952
5.442497
2.930809
2.672903
0.278756
9.530646
11.43541
15.832788
15.553264
14.578419
13.157325
15.391804
9.220993
7.205036
0.224674
7.569661
-0.259522
-11.909386
-10.236127
-13.530436
-15.303937
-15.740908
-12.588015
-14.178069
-15.462564
-8.503418
-10.687195
-3.07094
-4.885894
-6.629197
-6.676962
-14.638433
-1.669167
-1.494732
-13.402452
-4.518944
-2.2225
-2.368333
-4.829488
-10.917478
-8.956908
-15.25964
-15.70554
-12.715158
-14.18631
-15.497883
-6.640383
-8.668597
-6.946112
