10.72228
12.469785
8.876687
1.575834
-1.140864
-3.412028
-5.179436
4.360416
14.056005
15.938708
-6.492523
16.023205
16.255494
13.909127
15.250269
15.282789
6.74564
6.808703
16.118544
16.087077
8.866995
15.888747
-7.912644
-8.265357
-8.347034
-7.808701
-8.337441
-7.38299
-6.434868
1.810089
-0.909493
-3.226946
-5.045437
4.484654
-7.349039
-7.807275
-7.574027
-7.95661
15.74713
9.786073
11.621874
7.945019
-1.720269
0.810401
-5.56036
-3.897636
3.435935
13.385007
-6.758941
16.123942
15.747806
14.779558
14.832023
5.822003
16.084258
16.036988
7.875525
-7.902364
-7.77256
-8.380099
-8.292085
-6.740024
-7.592055
-1.520835
0.956132
-5.42449
-3.683281
3.53358
-7.886847
-7.533485
-8.089198
