10.598258
8.761779
12.300595
14.786669
14.451818
13.418047
11.929515
14.433318
6.983253
10.144319
3.653064
2.007371
7.052594
5.320211
5.19832
13.707852
13.368163
0.715716
0.542396
11.946585
-0.602247
4.351571
4.750451
2.387985
2.104202
-0.241953
8.533343
10.349194
14.546529
14.314127
13.402663
12.024003
14.031765
8.262421
6.361558
-0.272954
6.692167
-0.588029
-11.648039
-10.010464
-13.232635
-15.455673
-15.086614
-8.3475
-10.55326
-3.249694
-4.994622
-6.568338
-6.715268
-8.438114
-14.16769
-1.910108
-1.78305
-12.894438
-4.798981
-2.637473
-2.856533
-5.138234
-10.78806
-8.916293
-15.026995
-15.331574
-12.576446
-14.010935
-14.861326
-6.750431
-8.637161
-7.040607
