10.191908
11.749521
8.534892
1.505423
-1.098597
-3.237019
-4.861073
4.198137
13.208718
-6.028903
15.212739
15.384786
13.164718
14.463561
14.368681
6.54127
6.56096
15.194189
15.144991
8.45907
14.872337
-7.132666
-7.598013
-7.67818
-7.117211
-7.679067
-6.972718
-6.170208
1.659977
-0.942041
-3.154428
-4.871734
4.255073
-6.754608
-7.083011
-6.990882
-7.385884
14.741877
9.244576
10.899817
7.531537
0.697257
3.229451
12.535116
-6.430549
15.141129
14.864892
13.836582
14.036334
12.614198
5.507898
15.022489
14.968725
7.405208
-7.221308
-7.111937
-7.770969
-7.716041
-6.566667
-7.270332
-1.532605
0.880272
-5.328014
-3.630949
3.327396
-7.32142
-7.08235
-7.623458
