10.503666
8.815998
12.192517
14.97806
14.718663
13.712915
12.248845
14.498627
7.156247
3.53899
10.483439
3.710743
1.946062
5.471379
5.372232
13.385844
0.561601
0.414636
11.91966
-0.764265
4.608751
4.903268
2.277038
8.833997
10.679568
14.709356
14.603946
13.733892
12.367764
8.605028
6.673788
-0.130616
6.937973
-0.791069
-11.807663
-10.255371
-13.379446
-15.299623
-15.736183
-12.621646
-14.186095
-15.399216
-8.684533
-10.748118
-3.547268
-5.351478
-6.945249
-7.10981
-14.487624
-2.171798
-1.968731
-13.151151
-4.738668
-2.498808
-4.935074
-10.959048
-8.987177
-15.29348
-15.638183
-12.78195
-14.239896
-15.168816
-6.789928
-8.761671
-6.995988
