10.483975
8.777807
12.178258
14.910828
14.657826
13.650487
12.183937
14.413523
7.118558
1.417288
3.50652
10.418726
3.698798
1.942251
5.336129
13.297056
0.570958
0.411824
10.192196
11.839543
-0.763647
4.559974
4.85818
2.448357
2.227029
-0.146598
8.744153
10.567511
14.580861
14.474212
13.604698
12.243315
13.895178
8.547618
6.624111
-0.201811
6.871311
-0.787424
-11.789662
-10.238762
-13.367069
-15.288848
-15.697848
-12.634229
-14.195664
-15.322275
-8.686784
-5.14414
-10.765388
-3.556635
-5.363051
-6.95709
-14.388593
-2.175984
-1.981845
-13.056861
-4.806713
-2.576354
-2.677894
-5.007051
-10.949123
-9.000769
-15.228202
-15.540258
-12.764385
-14.202633
-15.029067
-6.84046
-8.794186
-7.03782
