10.584937
12.368466
8.674948
1.317158
-1.344525
-3.539666
-5.240865
4.054037
14.10947
16.423285
16.276218
-6.521005
16.494641
16.757536
15.5049
6.473068
16.56449
16.34336
10.346219
8.522068
15.936843
-7.8068
-7.998806
-7.993905
-7.709902
-7.907667
-7.440282
-6.580589
1.474666
-1.164134
-3.442301
-5.227659
4.018158
-7.363182
-7.775484
-7.440973
-7.886538
16.029079
9.707701
11.620859
7.799985
-1.900237
0.609034
-5.657777
-4.026779
3.225866
13.52109
15.970607
-6.840481
16.568133
16.21521
15.058123
5.595875
16.467295
16.262979
7.621578
-7.726484
-7.564176
-7.998297
-7.976083
-6.922454
-7.715084
-1.732332
0.734341
-5.634117
-3.874812
3.230998
-7.854339
-7.586774
-8.021984
