9.001656
10.665901
8.910771
12.35793
15.044214
14.719145
13.694248
12.215625
14.681491
7.162639
10.431729
3.730811
2.030698
7.217925
5.442586
13.768913
13.611437
0.684942
0.542528
0.497876
4.562557
2.283819
8.851521
10.722189
14.916953
14.718789
13.813312
12.426511
8.530944
6.599322
-0.068739
6.944533
-0.627458
-0.62829
-10.186872
-11.743953
-10.125065
-13.31746
-15.143413
-15.623731
-12.44454
-14.007275
-15.339877
-8.448695
-10.586108
-3.302827
-5.06537
-6.801841
-8.545523
-14.575763
-14.469733
-1.958089
-1.790293
-1.776756
-4.639066
-2.428796
-10.863019
-8.914461
-15.235975
-15.620901
-12.675493
-14.154736
-6.662261
-8.615458
-6.945813
