10.731344
8.8251
10.580347
8.734264
12.271391
14.756986
14.391593
13.356478
11.868565
14.476143
6.928643
10.083384
3.608376
1.984725
6.986754
5.252943
13.667541
13.427067
0.696564
0.537659
0.547115
4.313346
4.731922
2.101957
8.534025
10.375921
14.625218
14.369129
13.452782
12.066271
8.195789
6.29876
-0.221227
6.673991
-0.577613
-0.523539
-10.005455
-11.618361
-9.961089
-13.191967
-14.956939
-15.432834
-12.288193
-13.837287
-15.119883
-10.461075
-3.177702
-4.8975
-6.602546
-8.333685
-14.456546
-14.231595
-1.862457
-1.741457
-1.659091
-4.712536
-2.564985
-5.081515
-10.75315
-8.869804
-15.063209
-15.405903
-12.546698
-14.009037
-14.988799
-6.656556
-8.5431
-6.981815
