9.648469
11.192443
9.866576
11.365608
8.242098
1.348345
-1.25205
-3.397409
-5.028525
4.027764
12.752304
-6.201759
14.640431
14.847221
12.645731
13.895372
6.267938
6.383116
14.717233
14.768683
14.510999
-7.425068
-7.856978
-7.491401
-7.175824
-6.367378
1.562861
-1.062916
-3.306466
-5.053045
-6.925419
-7.283038
-7.342275
-7.601677
14.291235
13.894206
10.484562
9.009165
10.62502
7.312629
-1.872819
0.562676
-5.5034
-3.947522
3.104696
-6.589133
14.586703
14.317903
13.537555
12.182211
5.282363
5.392132
14.489287
14.538275
14.258681
-7.549489
-7.494129
-7.97538
-6.74118
-7.458011
-1.672733
0.784932
-5.511713
-3.79961
3.261471
-7.53833
-7.251045
-7.831208
