11.229726
9.52574
12.967758
15.805228
15.512755
14.469551
12.974345
15.30574
7.780957
3.993512
11.15288
4.143699
2.37129
5.946639
5.886514
14.236555
0.993059
0.842614
11.116314
12.780748
-0.37854
5.040888
5.3805
2.869237
2.635248
0.230773
9.462077
11.352744
15.632278
15.417539
14.471578
13.065692
15.098333
9.198846
7.191064
0.169598
7.508826
-0.399649
-11.932356
-10.304666
-13.545769
-15.381037
-15.802746
-12.674524
-14.263133
-15.500361
-8.637222
-4.924957
-10.768535
-3.240968
-5.074313
-6.801833
-6.872219
-14.651009
-1.82848
-1.631883
-13.383431
-4.577449
-2.271155
-2.375308
-4.828935
-10.970611
-8.992504
-15.305126
-15.727083
-12.777816
-14.2414
-15.453318
-6.708163
-8.742731
-6.967053
