10.506572
8.757282
12.198254
14.856184
14.565954
13.550322
12.077603
14.432694
7.051299
10.306717
3.663764
1.949844
5.382552
5.272675
13.338145
0.60393
0.446594
11.889961
-0.715625
4.478731
4.815209
2.430693
2.187044
-0.156469
8.677349
10.509106
14.598111
14.444352
13.56062
12.190982
13.988299
8.430419
6.515779
-0.20328
6.80646
-0.725387
-11.733893
-10.149109
-13.308609
-15.180076
-15.615046
-12.518082
-14.075489
-15.264756
-8.542979
-10.662817
-3.435934
-5.213149
-6.791225
-6.953288
-14.347992
-2.078058
-1.906595
-13.034582
-4.769088
-2.565678
-2.711481
-5.023345
-10.885978
-8.955838
-15.182805
-15.508141
-12.695413
-14.144175
-15.030399
-6.774501
-8.707631
-7.014176
