10.328142
12.018988
8.507822
1.30613
-1.3364
-3.51705
-5.197705
4.023859
13.645127
-6.446161
15.868343
16.118737
15.031882
14.954136
6.422664
15.951844
15.824253
8.418815
15.48006
-7.727161
-7.986581
-8.036132
-7.689465
-7.995448
-7.385773
-6.541192
1.487796
-1.149621
-3.420999
-5.198111
4.052217
-7.252331
-7.651533
-7.453666
-7.826855
15.451852
9.468156
11.287316
7.625751
-1.909942
0.577671
-5.630667
-4.021396
3.173137
13.075135
-6.784581
15.905588
15.579015
14.512982
14.683446
5.519307
15.808098
15.691924
7.51062
-7.712559
-7.588923
-8.071404
-8.006176
-6.890069
-7.661212
-1.732512
0.736885
-5.62071
-3.873695
3.230715
-7.785584
-7.506571
-7.989662
