11.151172
9.444867
12.877009
15.714855
15.406238
14.365981
12.874407
15.263449
7.691661
11.058314
4.076125
2.317041
7.699373
5.861836
5.813344
14.344386
14.200283
0.938938
0.798923
12.740491
-0.413107
4.981269
5.328176
2.841801
2.604817
0.239599
9.411768
11.31637
15.605384
15.386822
14.445113
13.037747
9.107287
7.108369
0.179934
7.45003
-0.431271
-11.904192
-10.271574
-13.506301
-15.33076
-15.786509
-12.607538
-14.193252
-15.519165
-8.580336
-10.708474
-3.22545
-5.040426
-6.741877
-6.825024
-8.60108
-14.776693
-14.684889
-1.831925
-1.637449
-13.411845
-4.532914
-2.240503
-2.355763
-4.796831
-10.949256
-8.962171
-15.333076
-15.774359
-12.761934
-14.244075
-6.653333
-8.683678
-6.929488
