10.600346
12.384489
8.687518
1.364039
-1.354405
-3.628848
-5.407745
4.142099
14.041916
-6.749025
16.142011
16.429229
13.928078
15.311587
15.351055
6.504375
6.595202
16.316683
16.255298
8.68394
16.004705
-8.265686
-8.481942
-8.562507
-8.191108
-8.539349
-7.657959
-6.709889
1.619124
-1.107439
-3.45436
-5.303198
-7.634527
-8.124709
-7.893243
-8.219901
15.90027
9.754132
11.65727
7.852077
-1.897311
0.654628
-5.768487
-4.083621
3.308702
13.478936
-6.994982
16.289504
15.90125
14.931234
14.971073
13.438749
5.686164
5.723097
16.254239
16.191994
7.813742
-8.21311
-8.094437
-8.570039
-8.457041
-6.993536
-7.86584
-1.714518
0.803633
-5.675668
-3.902973
-8.168729
-7.796608
-8.318689
