10.897573
9.168945
12.621975
15.353627
15.079083
14.048427
12.562137
14.847654
7.454631
1.655155
3.752057
10.763942
3.938838
2.186758
5.609715
13.7578
0.827634
0.661955
10.663975
12.310924
-0.534732
4.778866
5.109639
2.645218
2.408384
-0.0027
9.061734
10.903473
15.064404
14.887957
13.973015
12.589482
14.460811
8.851439
6.888064
-0.057023
7.165294
-0.552157
-11.846941
-10.248599
-13.450181
-15.710017
-15.342592
-8.641107
-2.815508
-5.011372
-10.770167
-3.367646
-5.187793
-6.85685
-14.438358
-1.966689
-1.782829
-13.150642
-11.629548
-4.735518
-2.474236
-2.591428
-4.976372
-10.943408
-9.003147
-15.203167
-15.548685
-12.745843
-14.181009
-15.138241
-6.804354
-8.78443
-7.034413
