10.807366
12.592245
8.926068
1.537755
-1.14482
-3.363516
-5.082326
4.299354
14.287746
16.43437
16.314391
-6.363993
16.533173
16.754565
15.615039
6.730733
16.549075
16.362279
10.616822
8.781744
16.022867
-7.619933
-7.923181
-7.920582
-7.477403
-7.846198
-7.254758
-6.365655
1.69157
-0.96431
-3.235003
-5.011218
4.286678
-7.203913
-7.611257
-7.248596
-7.744942
16.074574
9.844953
11.727617
7.971761
0.78337
3.391005
13.594905
16.330345
15.998634
-6.67623
16.595529
16.234544
15.092917
5.754888
16.506495
16.319572
7.775596
9.597347
-7.561829
-7.385162
-7.938235
-7.932928
-6.710037
-7.512717
-1.541135
0.898471
-5.408658
-3.671275
3.407748
-7.69339
-7.420678
-7.892444
