10.858952
9.190502
12.576478
15.432059
15.184531
14.165133
12.688914
14.883494
7.521361
1.644001
3.786921
10.898681
3.958463
2.160086
5.677627
13.776253
0.763087
0.610199
10.660226
12.310532
-0.599637
4.88181
5.172229
2.690953
2.480939
0.075202
9.188571
11.046223
15.14576
15.01824
14.11947
12.739921
14.486647
8.986568
7.010844
0.009845
7.266737
-0.633168
-11.909482
-10.343489
-13.506134
-15.419886
-15.823206
-12.737921
-15.476614
-8.766957
-2.901507
-5.13456
-10.838584
-3.479913
-5.321351
-6.99636
-14.579714
-2.067202
-1.85275
-13.266494
-11.704037
-4.698503
-2.406421
-2.474417
-4.884463
-11.00951
-9.026311
-15.318165
-15.68562
-12.826834
-14.275408
-15.283349
-6.807926
-8.823366
-7.008068
