11.510391
10.100535
11.654049
8.435247
1.434382
-1.178194
-3.331236
-4.971462
4.129406
13.10051
-6.156135
15.06448
15.259448
13.024915
14.310853
14.256779
6.433691
6.497084
15.099352
15.089644
8.404437
14.958254
14.841421
-7.341883
-7.774557
-7.882219
-7.353239
-7.899706
-7.108589
-6.290961
1.621214
-1.001041
-3.237079
-4.977007
4.22639
-6.89451
-7.248134
-7.203948
-7.540048
14.661459
10.762044
9.196202
10.856297
7.474257
-1.79974
0.642809
-5.443298
-3.880886
3.189078
12.475658
-6.538829
15.018342
14.735463
13.917427
12.512731
5.42929
5.482505
14.915369
14.901987
7.400223
14.748208
-7.433135
-7.344225
-7.972117
-7.881136
-6.668911
-7.392226
-1.600784
0.838387
-5.42701
-3.717903
3.309618
-7.476859
-7.207294
-7.762869
