10.594533
12.386444
8.673501
1.312917
-1.363474
-3.578503
-5.300189
4.060189
14.119808
16.276791
-6.598811
16.457045
16.730589
15.506118
6.488848
16.556912
16.365843
10.391466
8.55268
15.988636
-7.94687
-8.130334
-8.142381
-7.853982
-8.067373
-7.515832
-6.634316
1.493687
-1.166511
-3.463592
-5.266766
4.055742
-7.455565
-7.889502
-7.571471
-7.988916
16.044201
9.730424
11.651843
7.815588
-1.912343
0.609919
-5.701323
-4.054609
3.23899
13.544518
15.984473
-6.898208
16.553738
16.189975
15.071694
15.237561
5.62306
16.468569
16.291574
7.668981
-7.866051
-7.712639
-8.143766
-8.100698
-6.960352
-7.774655
-1.742731
0.739087
-5.663723
-3.898143
3.259482
-7.954162
-7.661088
-8.111511
