10.99548
9.117878
10.940945
9.099669
12.651337
15.198826
14.812088
13.760117
12.25906
14.92337
10.446919
3.822383
2.190096
7.263618
5.490439
14.081272
13.898284
0.895823
0.745101
4.552953
4.9912
2.30828
8.897457
10.777364
15.159446
14.851099
13.897884
12.48876
8.517832
6.578896
-0.025988
6.993175
-0.392506
-0.34216
-9.949433
-11.689609
-9.994611
-13.278826
-15.000993
-15.490727
-12.301299
-13.864013
-15.223253
-10.45561
-3.022116
-4.753454
-6.47699
-8.236972
-14.546073
-14.381251
-1.693616
-1.485664
-4.584825
-2.399315
-2.639911
-4.978427
-10.764434
-8.861254
-15.115692
-15.519498
-12.555992
-14.035763
-6.578865
-8.508072
-6.936691
