10.799009
12.589947
8.905013
1.54023
-1.186685
-3.467503
-5.248483
4.332735
14.231534
16.188179
-6.582093
16.276159
16.525217
15.478389
15.504678
6.738588
6.791306
16.386292
16.319163
8.877919
16.092771
-8.032936
-8.333383
-8.397207
-7.912645
-8.369824
-7.46784
-6.510098
1.773304
-0.951908
-3.280744
-5.111138
4.436598
-7.460221
-7.933179
-7.651325
-8.046059
15.997189
9.875181
11.760551
7.99682
-1.751373
0.793756
-5.616779
-3.938922
3.434846
13.575799
15.909005
-6.833965
16.403413
16.013106
15.016889
15.072887
5.837694
16.366068
16.287451
7.914721
-7.989823
-7.848977
-8.413306
-8.333297
-6.805803
-7.673594
-1.558317
0.927908
-5.481154
-3.728357
3.513281
-7.982711
-7.625686
-8.159738
