10.984182
9.15051
12.71147
15.250418
14.90196
13.85005
12.34664
14.880141
7.333901
3.706116
10.532593
3.890545
2.232175
7.358101
5.587036
5.489559
14.158088
13.835736
0.936473
0.764299
12.415922
-0.405605
4.605429
5.021418
2.601608
2.313079
-0.060319
8.899667
10.744053
15.066513
14.783699
13.834078
12.434359
14.616416
8.609519
6.664766
-0.094877
7.021721
-0.391293
-11.727203
-10.05447
-13.332719
-15.513598
-15.169363
-8.343503
-10.574865
-3.103323
-4.867465
-6.514256
-6.611794
-8.361359
-14.286729
-1.742118
-1.612682
-13.045895
-4.701148
-2.497903
-2.713899
-5.060373
-14.207765
-10.80633
-8.922231
-15.057457
-15.409642
-12.589336
-14.030498
-15.049022
-6.703576
-8.631458
-7.017661
