10.865886
8.973728
10.762597
8.919213
12.463679
14.980559
14.605191
13.561617
12.067066
14.700574
7.093141
10.268296
3.717423
2.088834
7.128058
5.374423
13.877144
13.663177
0.797483
0.647484
4.435181
4.863155
2.206082
8.71732
10.577731
14.892631
14.610819
13.676015
12.278303
8.359925
6.441662
-0.12406
6.835441
-0.484587
-0.432123
-9.97927
-11.655069
-9.979291
-13.236821
-14.981015
-15.462662
-12.297358
-13.85336
-15.171231
-10.46069
-3.101136
-4.8274
-6.542171
-8.287645
-14.503063
-14.30551
-1.778585
-1.57269
-4.650312
-2.483252
-2.723225
-5.030924
-10.759758
-8.866682
-15.088815
-15.461369
-12.55218
-14.022611
-6.619762
-8.527841
-6.960538
