9.661615
11.216809
9.92005
11.429799
8.287567
1.380785
-1.236132
-3.402656
-5.054705
4.073694
12.806901
-6.244988
14.637852
14.847409
12.665521
13.903191
6.307542
6.43993
14.73084
14.504892
-7.516337
-7.956507
-7.57652
-7.211794
-6.379577
1.613501
-1.033192
-3.291788
-5.052268
-6.981941
-7.357548
-7.421163
-7.667631
14.332584
13.902753
10.503653
9.059358
10.680732
7.359973
-1.854448
0.592731
-5.515354
-3.945137
3.144406
-6.613508
14.603289
14.323047
13.54098
12.191934
5.324737
5.443627
14.520915
14.269326
-7.641506
-7.589933
-8.220014
-8.072748
-6.740134
-7.477716
-1.650649
0.815359
-5.500848
-3.786523
-7.59933
-7.29005
-7.887229
