10.652623
8.943468
12.345749
15.117815
14.826045
13.809314
12.337119
14.69024
7.239114
10.558342
3.768847
2.026076
7.30468
5.516554
5.437709
13.761972
13.600643
0.652605
0.511919
12.138089
0.449196
-0.667473
4.654727
2.337044
8.942328
10.811491
14.940197
14.786574
13.894131
12.51366
8.660138
6.717673
-0.046163
7.026736
-0.685819
-11.802244
-10.214758
-13.376851
-15.249656
-15.713146
-12.551054
-14.118537
-15.416413
-8.58395
-10.678338
-3.413307
-5.202955
-6.809544
-6.956695
-8.698715
-14.63605
-14.536727
-2.048358
-1.856604
-13.221549
-1.875261
-4.654855
-2.416169
-10.92561
-8.953145
-15.297431
-15.679297
-12.745702
-14.22059
-6.710087
-8.688086
-6.956249
