10.521896
12.315754
8.584933
1.261263
-1.453075
-3.723155
-5.501142
4.032283
14.002335
-6.849429
16.16874
16.479206
13.90946
15.311845
15.348274
6.382761
6.483987
16.37535
16.297874
8.58038
16.018473
-8.39707
-8.553408
-8.339617
-7.769244
-6.82769
1.522185
-1.202285
-3.55834
-5.416923
-7.743031
-8.242458
-8.01656
-8.318391
15.933592
9.717308
11.645054
7.791582
-1.981093
0.576518
-5.857081
-4.16681
3.240015
13.48984
-7.091722
16.330793
15.941083
14.966314
15.007395
13.463606
5.612554
5.663108
16.293941
16.223222
7.764495
-8.328287
-8.215297
-8.507857
-7.105313
-7.980624
-1.806216
0.728342
-5.789633
-4.003988
-8.27633
-7.900771
-8.40574
