10.789422
9.088085
12.487822
15.299533
14.998117
13.975821
12.499683
14.879372
7.36854
10.711101
3.850288
2.101634
7.414825
5.608467
13.915832
13.799564
0.721642
0.587507
12.33376
0.513872
-0.601111
4.757399
2.427913
9.102941
10.992953
15.174738
15.002755
14.09684
12.70669
8.795552
6.835404
0.047342
7.163894
-0.620179
-11.834006
-10.232533
-13.412473
-15.269444
-15.746681
-12.55218
-14.125574
-15.478692
-8.573728
-10.67119
-3.354396
-5.147619
-6.908158
-8.663259
-14.669959
-14.622783
-1.986227
-1.790467
-1.814833
-4.586948
-2.331378
-10.933098
-8.945854
-15.337505
-15.75191
-12.754938
-14.24241
-6.666003
-8.665294
-6.926594
