10.322541
12.074563
8.414972
1.169275
-1.52368
-3.771466
-5.52684
3.918845
13.734458
-6.85506
15.906389
16.224752
13.652314
15.043547
6.232604
6.353899
16.130133
16.067337
8.4225
16.1069
15.776728
-8.391461
-8.375566
-7.795562
-6.879578
1.433752
-1.275952
-3.62574
-5.478498
-7.729659
-8.218259
-8.054724
-8.3157
15.670766
9.554932
11.453166
7.644811
-2.05147
0.492983
-5.895539
-4.220255
3.147143
13.267195
-7.114984
16.049971
15.678138
14.769196
13.250181
5.477537
5.558014
16.004397
15.953881
15.953589
-8.341148
-8.246937
-7.164504
-8.019452
-1.879759
0.661657
-5.864781
-4.077545
-8.278546
-7.909032
-8.413929
