11.239856
9.547906
12.976026
15.84384
15.551945
14.510026
13.016321
15.345021
7.806894
4.012458
11.195023
4.154422
2.374403
5.963491
5.910837
14.457682
14.275584
0.988081
0.842734
12.815181
-0.381381
5.071981
5.406597
2.89222
2.66259
0.265616
9.510643
11.410394
15.691181
15.480882
14.535645
13.128275
15.157701
9.237921
7.225549
0.202197
7.546845
-0.405103
-11.946094
-10.320623
-13.557533
-15.396434
-15.827579
-12.680328
-14.270752
-15.539746
-8.649621
-4.931827
-10.770851
-3.246762
-5.082063
-6.811663
-6.881936
-14.698705
-1.834178
-1.631589
-13.427686
-4.550631
-2.237319
-2.333658
-4.795585
-10.980961
-8.990882
-15.337838
-15.773113
-12.791956
-14.263129
-15.515349
-6.692042
-8.736708
-6.950974
