10.824775
12.659255
8.875288
1.452592
-1.279098
-3.563225
-5.352867
4.24686
14.368332
16.433625
-6.706089
16.52705
16.802355
15.691623
15.705146
6.667653
6.712533
16.66332
16.550245
8.826788
16.278035
-8.19201
-8.413606
-8.457809
-8.065504
-8.408931
-7.593804
-6.634255
1.684118
-1.041734
-3.382944
-5.226688
4.322895
-7.606029
-8.094036
-7.76834
-8.165057
16.240768
9.932795
11.875411
8.008691
-1.823356
0.735996
-5.709518
-4.017396
3.394463
13.751893
16.17287
-6.945862
16.682745
16.280433
15.25007
15.315885
5.815125
16.644214
16.528151
7.91624
-8.110252
-7.96104
-8.453664
-8.378948
-6.920555
-7.800947
-1.640682
0.860524
-5.590091
-3.820678
3.449798
-8.112905
-7.75467
-8.257302
