11.236077
9.617235
15.981289
15.74206
14.712302
13.228116
15.377767
7.944354
1.875541
4.080755
11.413658
4.225858
2.37734
6.038506
14.278013
0.946882
0.804077
11.144184
12.799937
-0.442928
5.22977
5.506044
2.950034
2.756105
0.322594
9.670548
11.568723
15.749486
15.607927
14.681744
13.283609
15.112041
9.458934
7.427393
0.244891
7.691829
-0.48908
-12.042406
-10.465465
-13.656693
-15.568671
-15.97214
-12.85258
-14.451172
-15.664039
-8.865392
-2.826808
-5.140012
-10.91946
-3.416555
-5.296061
-7.053782
-14.808954
-1.970594
-1.72985
-13.510112
-11.922849
-4.572821
-2.212427
-2.238202
-4.735884
-11.081498
-9.053209
-15.435898
-15.867765
-12.904237
-14.368327
-15.5836
-6.767341
-8.853101
-6.967501
