11.17706
13.156828
1.425733
-1.342182
-3.659027
-5.492013
4.252217
15.040724
17.46158
17.305759
-6.906687
17.431182
17.740975
16.512653
6.753383
17.57981
17.343155
10.983695
8.95797
16.987676
-8.453005
-8.546618
-8.521679
-8.249027
-8.410886
-7.767342
-6.773726
1.639519
-1.101715
-3.468984
-5.340436
4.251728
-7.872262
-8.39743
-7.884416
-8.358946
17.110425
10.284765
12.380349
8.250891
-1.849929
0.752011
-5.812794
-4.076281
3.453608
14.425745
17.466063
17.090131
-7.103944
17.661105
17.212396
16.07233
5.921951
17.627419
17.396859
8.0911
10.091218
-8.268188
-8.070374
-8.466465
-8.437233
-7.036901
-7.964337
-1.683195
0.830469
-5.673966
-3.877303
3.439899
-8.32197
-7.962287
-8.398071
