11.516176
10.144363
11.71113
8.465866
1.454013
-1.18024
-3.361777
-5.030749
4.165617
13.145618
-6.240078
15.036607
15.240872
13.022837
14.293057
6.454193
6.547533
15.103525
15.133802
8.475461
14.93389
14.929079
-7.50236
-7.934873
-8.063117
-7.51222
-8.095161
-7.185922
-6.336647
1.669616
-0.982007
-3.241609
-5.003543
4.303838
-6.997793
-7.37891
-7.349192
-7.656817
14.700653
10.77069
9.246839
10.916486
7.517985
-1.795343
0.664329
-5.481764
-3.898497
3.225789
12.525331
-6.595754
15.019864
14.72152
13.902988
12.508365
5.464446
5.537148
14.938205
14.959533
7.481082
14.741104
-7.593791
-7.513677
-8.149866
-8.035165
-6.694422
-7.447179
-1.592621
0.862841
-5.43995
-3.724953
3.365974
-7.588412
-7.285882
-7.863831
