8.638907
10.334024
8.494405
12.013223
14.473108
14.131645
13.109702
11.631907
14.169013
6.728417
9.866062
3.474341
1.846232
6.821323
5.112019
13.388468
13.09827
0.556591
0.391586
11.672326
0.405302
-0.732452
4.171583
4.56772
2.255626
1.971848
8.303818
10.116958
14.258053
14.048413
13.160147
11.791024
13.731543
8.007781
6.136836
-0.354998
6.474144
-0.715855
-10.074951
-11.583926
-9.960299
-13.148201
-14.95433
-15.412763
-12.309467
-13.850338
-15.060816
-8.301847
-10.491565
-3.311906
-5.031519
-6.728822
-8.439178
-14.412393
-14.136146
-1.999413
-1.875238
-12.841561
-1.799854
-4.811096
-2.682581
-2.912414
-5.150435
-10.76089
-8.88763
-15.035621
-15.332333
-12.556736
-14.00361
-14.821397
-6.727912
-8.590162
-7.020369
