10.332036
12.042992
8.48481
1.259021
-1.387368
-3.572075
-5.259427
3.97839
13.698486
-6.519551
15.96753
16.232742
15.113605
15.035849
6.381478
16.069784
15.926548
8.39206
15.565323
-7.827975
-8.047638
-8.091741
-7.790158
-8.043396
-7.460737
-6.612627
1.444358
-1.196504
-3.476884
-5.263287
3.999557
-7.337778
-7.747519
-7.534957
-7.90191
15.557116
9.491455
11.337844
7.626794
-1.94994
0.546131
-5.684631
-4.06648
3.151611
13.151852
-6.849461
16.02158
15.688234
14.613939
14.782532
5.508188
15.925932
15.797937
7.513659
-7.79584
-7.670793
-8.11727
-8.049882
-6.954525
-7.734566
-1.777297
0.702324
-5.681703
-3.925566
3.201593
-7.865748
-7.581831
-8.05274
