9.226206
11.020659
9.213161
12.737732
15.359022
14.99343
13.943154
12.443274
15.0322
7.388556
10.628153
3.905029
2.238915
7.397199
5.605933
14.180648
13.99767
0.923765
0.773529
0.761997
4.678167
5.093482
2.677125
2.394711
0.069762
9.047158
10.932246
15.29512
15.007418
14.05482
12.645479
8.691491
6.734597
0.030665
7.128448
-0.389155
-0.353312
-10.029281
-11.750092
-10.069774
-13.34506
-15.092534
-15.568575
-12.388709
-13.958124
-15.296889
-8.317021
-10.527956
-3.068567
-4.824109
-6.565701
-8.330552
-14.614996
-14.45603
-1.720267
-1.578497
-1.51585
-4.574659
-2.358944
-2.566807
-4.93521
-10.814022
-8.890973
-15.166402
-15.578523
-12.609746
-14.087586
-6.603554
-8.560065
-6.939616
