11.301299
9.556199
13.043441
15.808984
15.487455
14.434154
12.930693
15.358005
7.76856
3.999841
11.10021
4.149089
2.411656
5.925836
5.868281
14.527172
14.307993
1.058157
0.904422
12.863337
-0.3089
4.997513
5.371622
2.871412
2.616839
0.221989
9.431559
11.324489
15.677245
15.416685
14.4536
13.039728
15.207212
9.138435
7.133773
0.16822
7.48331
-0.317687
-11.893627
-10.234074
-13.510515
-15.300588
-15.731056
-12.594407
-15.437105
-8.523709
-4.801013
-10.697778
-3.125868
-4.940064
-6.666728
-6.727404
-14.598044
-1.725863
-1.55042
-13.352047
-4.559438
-2.271626
-2.413718
-4.858356
-10.919573
-8.963371
-15.247806
-15.674734
-12.718235
-14.183277
-15.428109
-6.668827
-8.686421
-6.961514
