11.130096
9.283352
11.110172
9.292043
12.831363
15.445909
15.066135
14.009727
12.505087
15.138312
7.445743
10.682206
3.94584
2.28888
7.440368
5.642838
14.280824
14.114818
0.979315
0.830727
0.821263
4.711642
5.141453
2.430796
0.11064
9.111565
11.006735
15.419266
15.107282
14.142444
12.725907
8.734807
6.770667
0.073
7.18398
-0.329796
-0.289637
-9.983099
-11.751866
-10.054151
-13.350061
-15.074783
-15.559461
-12.362845
-13.934302
-15.303178
-8.274117
-10.501384
-3.001811
-4.752744
-6.494081
-8.266459
-14.62013
-14.476512
-1.655956
-1.519644
-1.448564
-4.538108
-2.320742
-2.540241
-4.918301
-10.800202
-8.878152
-15.164336
-15.592744
-12.593645
-14.077384
-6.570783
-8.531289
-6.924852
