9.81736
11.427839
10.121365
11.691856
8.432715
1.436717
-1.22174
-3.437635
-5.141519
4.164345
13.099066
-6.381186
14.88508
15.109092
12.909535
14.152338
6.412076
6.561171
15.011634
15.108647
14.789749
-7.759966
-8.181155
-7.786521
-8.406227
-7.326459
-6.439512
1.698891
-0.991814
-3.286064
-5.080476
-7.161545
-7.581484
-7.600965
-7.845096
14.653388
14.265077
10.704478
9.253593
10.927719
7.518569
-1.825478
0.655661
-5.565249
-3.955528
3.237529
12.509305
-6.702128
14.90734
14.592457
13.783291
12.413729
5.455573
5.572266
14.854884
14.937765
14.604424
-7.858059
-7.799985
-8.432473
-8.2728
-6.768593
-7.558628
-1.618941
0.86607
-5.501567
-3.775654
-7.771472
-7.420127
-8.031223
