10.833224
8.961171
14.811291
10.73983
8.905541
12.435043
14.976249
14.596265
13.554964
12.063044
14.712786
10.266571
3.700808
2.070502
7.114005
5.356799
13.843612
13.676862
0.772599
0.615528
4.437685
2.215683
8.735664
10.607702
14.924989
14.64628
13.713994
12.314873
8.357237
6.438714
-0.096367
6.84285
-0.502165
-0.462008
-11.597578
-9.978719
-11.656041
-9.980965
-13.232178
-14.976349
-15.476953
-12.279621
-13.835969
-15.208603
-10.442638
-3.102864
-4.824457
-6.536159
-8.284524
-14.492228
-14.35414
-1.786741
-1.588002
-4.61506
-2.447357
-4.994092
-10.761023
-8.85534
-15.124426
-15.513587
-12.558425
-14.041074
-6.589222
-8.503645
-6.935349
