9.545833
11.105484
3.745809
9.819081
11.326438
8.174973
1.293388
-1.327535
-3.502428
-5.164986
3.984823
-6.368721
14.522217
14.755933
12.543169
13.776221
6.184561
6.353367
14.664948
14.420443
-7.709171
-7.796371
-7.346181
-6.506027
1.551871
-1.108404
-3.386834
-5.166587
-7.116414
-7.512808
-7.616787
-7.810289
14.269029
13.817762
8.743047
10.432063
9.004294
10.634896
7.292227
-1.932086
0.525256
-5.613169
-4.031044
3.089604
-6.723078
14.509777
14.225135
13.451125
12.112933
5.247873
5.401804
14.43807
14.168705
-7.832508
-7.798715
-8.209041
-6.851517
-7.603444
-1.731725
0.758885
-5.611306
-3.884208
-7.74585
-7.413327
-8.016205
