10.574291
8.813854
12.274564
14.909974
14.620875
13.600462
12.123084
14.471864
7.100196
3.511981
10.346322
3.705449
1.994102
5.426642
5.310252
13.379343
0.655686
0.490931
11.937001
-0.674345
4.500539
4.842963
2.446888
2.198824
-0.165698
8.696668
10.520379
14.625141
14.460053
13.568716
12.19768
14.018813
8.466069
6.547209
-0.211154
6.832747
-0.682155
-11.738879
-10.14761
-13.321471
-15.186012
-15.602773
-15.233379
-8.54329
-4.988317
-10.677974
-3.41123
-5.193764
-6.787139
-6.938704
-14.310271
-2.04565
-1.879357
-13.006607
-4.791552
-2.585516
-2.736098
-5.052532
-10.883399
-8.96554
-15.147945
-15.462632
-12.686898
-14.124664
-14.981371
-6.796463
-8.72675
-7.035703
