10.439382
12.131306
8.63375
1.408336
-1.232807
-3.408585
-5.081723
4.129949
13.7528
15.754134
-6.318082
15.966737
16.190909
15.146717
15.046075
6.527873
16.000358
15.855595
8.516861
15.511881
-7.534647
-7.845067
-7.877236
-7.468654
-7.828857
-7.245292
-6.404539
1.567159
-1.060215
-3.313154
-5.072113
4.137411
-7.114059
-7.494188
-7.259243
-7.68404
15.505731
9.529373
11.335698
7.702944
-1.82155
0.656748
3.239708
13.124174
15.412735
-6.668408
15.982728
15.65945
14.560829
14.757201
5.573422
15.877223
15.739067
7.548526
-7.525046
-7.384577
-7.918406
-7.881395
-6.767084
-7.52645
-1.639109
0.805523
-5.497292
-3.764211
3.285508
-7.637032
-7.377786
-7.860648
