1.733806
0.636275
4.822458
8.083934
3.009753
15.585779
14.82801
15.65251
10.542674
12.867551
13.83774
12.611032
13.690297
11.459058
7.803315
9.893584
7.784427
5.326593
2.685353
0.036708
14.867032
14.599519
13.052867
12.770962
11.456085
9.843244
5.290923
2.541101
-0.041577
-0.320825
-2.528454
-1.335438
-5.844144
-8.901762
-9.151918
-3.919158
-15.518424
-16.48368
-16.778379
-14.053291
-11.711745
-14.341965
-14.066241
-12.933941
-11.656854
-10.000647
-7.855454
-5.28095
-7.764864
-15.995971
-15.225452
-13.046724
-11.620727
-9.881289
-5.324364
-2.608551
