13.265501
13.481228
11.749941
11.172534
12.764355
0.459929
-2.170487
3.113817
10.044455
8.442161
-4.441431
-6.71843
-5.216699
-8.170537
-10.502261
-9.482647
-10.702093
-11.26393
-11.187896
-10.916309
6.108184
-3.126582
8.623894
-6.380823
-8.117044
-9.599225
-11.024545
-10.891891
-10.444319
13.5023
13.033667
13.367199
11.311551
10.34041
10.590622
12.437637
-2.48439
0.077328
2.623271
7.969122
9.572314
-4.735081
-5.455569
-7.041723
-8.468334
-9.779637
-10.741738
-11.329641
-10.868525
5.707962
-3.424479
-6.701134
-8.434236
-9.858713
-11.125399
-10.870174
