1.767482
0.668599
4.835541
8.073089
3.035898
15.594818
14.816579
15.618313
10.50095
12.810516
13.798136
12.569912
13.64825
11.422308
7.794498
9.867482
7.782681
5.34419
2.727107
0.10184
14.794513
14.547804
12.729203
11.424693
9.823559
5.300003
2.566558
0.016495
-0.293879
-2.504552
-1.305109
-5.823124
-8.898802
-9.129772
-3.899842
-15.450721
-16.443795
-16.714969
-14.012471
-11.674238
-14.242748
-13.951727
-12.814029
-11.536388
-9.884896
-7.752284
-5.188791
-7.663005
-2.554818
-15.920965
-15.121241
-12.936904
-11.510049
-9.773933
-5.235855
-2.532992
