13.968683
13.673055
13.980639
14.189691
12.307335
11.23261
6.3656
13.085502
13.429502
0.14286
-2.605308
2.945477
10.399606
8.635781
14.024728
-4.954323
-7.240979
-5.74628
-8.628513
-10.76816
-9.843018
-10.99524
-11.494823
-11.39436
-11.194381
6.158514
-6.902193
-8.596659
-9.983178
-11.231405
-11.081588
-10.683787
13.584424
13.99223
13.821901
13.393813
11.686604
10.693931
12.92065
12.74912
-2.999767
-0.32767
2.350618
8.031108
9.820929
-5.295191
-5.98205
-7.533175
-8.902221
-10.155158
-11.072384
-11.648541
-11.23994
-11.465303
5.599196
-7.219534
-8.890385
-10.273192
-11.414384
-11.139844
