13.769963
14.014335
11.866334
10.991968
10.837692
13.143697
0.169927
-2.471567
2.805585
9.821608
8.196475
14.203966
-4.710903
-6.880552
-5.455735
-10.696052
-11.274721
-11.23922
-10.979701
5.85639
-6.555708
-8.214381
-9.62857
-11.005353
-10.926186
-10.479278
13.993101
13.438474
13.846053
14.029492
11.438012
10.532768
10.613761
12.715625
-2.799096
-0.199826
2.39113
7.936521
9.60251
-5.00007
-5.647535
-7.13652
-8.473367
-9.713442
-10.647821
-11.310316
-10.871461
-11.171086
5.583061
-6.87417
-8.5104
-9.879392
-11.037364
-10.809795
