2.057125
1.016428
0.904314
5.30698
8.636986
8.409446
3.403535
16.361321
15.601078
16.378108
11.13414
13.470907
-0.200477
14.519541
13.186634
14.356221
11.938819
8.115716
10.286254
8.070631
5.537648
2.849303
0.163032
15.565248
13.355837
11.927701
10.213315
5.540322
2.729851
0.108483
-0.100463
-2.464377
-1.193613
-1.459594
-5.961508
-9.148621
-9.343005
-3.913926
-15.981713
-16.929045
-17.140242
-14.32788
-11.969563
-14.742142
-14.435623
-13.235485
-11.884623
-10.132404
-7.90262
-5.229728
-7.799997
-2.537555
-16.311149
-15.657886
-13.357395
-11.853741
-10.013353
-5.297069
-2.510875
