13.766643
13.889112
13.985992
12.097531
11.38108
11.072201
13.217386
0.296873
-2.405472
3.02744
10.212084
8.536432
13.935204
-4.720979
-6.980031
-5.493944
-8.389898
-10.612726
-9.638943
-10.824676
-11.366044
-11.28784
-11.050926
6.13943
-6.647963
-8.346427
-9.768036
-11.112875
-10.984085
-10.562357
13.984048
13.437799
13.81992
13.750239
11.572207
10.605921
10.806739
12.77804
-2.769607
-0.136964
2.495427
8.053028
9.750234
-5.039467
-5.735231
-7.284998
-8.665551
-9.93448
-10.870676
-11.468572
-11.036768
-11.29775
5.688883
-3.686728
-6.970668
-8.65648
-10.049331
-11.238865
-10.977391
