13.354053
13.573926
11.796164
11.192471
12.841032
0.392041
-2.246733
3.056376
10.049352
8.426767
-4.518789
-6.788818
-5.29465
-8.227748
-10.529763
-9.523626
-10.735585
-11.290753
-11.214995
-10.952011
6.07612
-3.201949
-6.450988
-8.177822
-9.645711
-11.045553
-10.914898
-10.471702
13.590571
13.100798
13.447889
11.341094
10.372292
10.612664
12.49016
-2.566875
0.00536
2.56348
7.954073
9.582903
-4.815785
-5.525507
-7.100792
-8.514994
-9.815126
-10.770329
-11.362599
-10.908454
-11.198164
5.669846
-3.49562
-6.769578
-8.488517
-9.904799
-11.149327
-10.895104
