13.791108
13.4499
13.756408
12.152268
11.09225
6.275072
12.87523
13.262569
0.105708
-2.607684
2.875941
10.288624
8.530963
13.801242
-4.925968
-7.211851
-5.722024
-8.600837
-10.752891
-9.825443
-10.9851
-11.483236
-11.384041
-11.178631
-6.86788
-8.569968
-9.969106
-11.216635
-11.067415
-10.660664
13.430507
13.832932
13.596888
13.175343
11.556371
10.564048
12.782595
12.548138
-2.978712
-0.335899
2.305098
7.929365
9.709456
-5.256211
-5.93704
-7.491529
-8.867328
-10.126784
-11.047393
-11.624802
-11.210523
-11.447355
5.521379
-7.179095
-8.853426
-10.241521
-11.389438
-11.121491
