1.811532
0.814815
0.702489
4.985714
8.313369
8.056216
3.118999
15.929831
15.21863
16.015662
10.855703
13.189128
-0.355019
14.214021
12.945511
14.072199
11.726386
7.929048
10.091973
7.886645
5.357769
2.662349
-0.020237
15.29093
15.012346
13.108765
11.713401
10.022324
5.362901
2.562005
-0.067409
-0.270266
-2.547984
-1.329656
-1.554917
-5.943787
-9.044181
-9.277186
-3.949924
-15.873438
-16.787678
-17.058487
-14.233357
-11.901349
-14.697552
-14.418701
-13.254942
-11.94025
-10.221643
-8.016398
-5.379293
-7.918788
-2.708528
-16.263337
-15.607127
-13.362304
-11.891979
-10.091224
-5.434313
-2.671372
