2.488104
1.374269
1.250232
5.979405
9.410592
9.183577
3.943557
17.369391
16.595489
17.365267
11.949017
14.330373
0.07483
15.423372
13.947012
15.229898
12.590804
8.562793
10.834508
8.481425
5.850415
3.085962
0.31967
16.515175
14.13075
12.564747
10.72849
5.895085
2.996793
0.288296
0.187519
-2.376083
-1.005618
-1.310908
-6.107854
-9.444702
-9.597403
-3.910641
-16.570277
-17.483431
-17.619147
-14.712497
-12.305735
-15.281782
-14.95507
-13.678088
-12.236195
-10.369167
-8.026063
-5.220872
-7.906616
-2.449461
-16.743849
-16.237553
-13.801348
-12.207815
-10.245344
-5.311029
-2.422066
