1.445328
0.413768
4.310698
7.455826
2.622781
14.809121
14.032451
14.823113
9.836846
12.100937
-0.597811
13.068201
11.952211
12.941686
10.890129
7.435569
9.420965
7.455933
5.103935
2.56001
0.012199
14.009604
12.099543
10.907324
9.406531
5.023376
2.367813
-0.094055
-0.506375
-2.562376
-1.437754
-5.698576
-8.667717
-8.918745
-3.89246
-14.957059
-15.991846
-16.307186
-13.687918
-11.391968
-13.768458
-13.483679
-12.402401
-11.195354
-9.635205
-7.598014
-5.14414
-7.522692
-2.57902
-15.542188
-14.613284
-12.530286
-11.172353
-9.532673
-5.175964
-2.561224
