12.769369
13.026513
11.138337
10.592771
12.242087
0.208204
-2.2776
2.703943
9.436545
7.872579
12.87951
-4.401279
-6.611293
-5.171264
-8.03699
-10.381925
-9.355293
-10.608852
-11.186041
-11.142625
-10.845062
5.585989
-6.26189
-7.988965
-9.49579
-10.921551
-10.825242
-10.33575
13.056163
12.595148
12.938441
10.831008
9.903273
10.123534
11.996795
-2.49743
-0.043068
2.365989
7.558127
9.128419
-4.644192
-5.305589
-6.854059
-8.263963
-9.568597
-10.535181
-11.173196
-10.694478
-11.047885
5.363092
-3.352925
-6.558703
-8.259536
-9.67893
-10.929781
-10.718735
