2.496765
1.251697
6.013456
9.459188
9.217016
3.964271
17.40053
16.628261
17.423812
12.004688
14.402347
15.471204
13.988537
15.274004
12.633263
8.594967
10.873859
8.50957
5.869644
3.090423
0.303634
16.58281
16.366274
14.173833
12.603618
10.763578
5.915333
3.006212
0.272293
0.190027
-2.378148
-1.006666
-6.116514
-9.446557
-9.614381
-3.917298
-16.60437
-17.504548
-17.656302
-14.74693
-12.328045
-15.335095
-15.019181
-13.745232
-12.302197
-10.433569
-8.08188
-5.267546
-7.961074
-2.484551
-16.787956
-16.292945
-13.86189
-12.269564
-10.305338
-5.354452
-2.454315
