14.300384
14.492886
12.604969
11.760262
11.540487
13.731176
0.460355
-2.357722
3.302184
10.614281
8.921249
-4.780849
-7.056112
-5.54377
-8.47074
-10.666967
-9.696658
-10.858715
-11.403048
-11.315493
-11.095163
6.502375
-3.381804
-6.739952
-8.422644
-9.810561
-11.164527
-11.026989
-10.635254
14.470127
13.904752
14.295406
11.995052
11.01929
11.180944
13.207713
-2.79905
-0.072572
2.679692
8.400843
10.122327
-5.135655
-5.861191
-7.412046
-8.781369
-10.037505
-10.96594
-11.550173
-11.134553
-11.356523
5.968133
-3.7563
-7.083608
-8.770169
-10.152337
-11.333374
-11.046169
