13.656148
13.709733
13.878771
12.023719
11.359615
11.004182
13.122193
0.26245
-2.423936
2.984502
10.181637
8.496755
13.756492
-4.726387
-6.995162
-5.506789
-8.406259
-10.629709
-9.660736
-10.846368
-11.379019
-11.29584
-11.060782
6.091386
-6.657897
-8.364836
-9.792593
-11.123657
-10.988965
-10.565242
13.884196
13.339059
13.717932
13.567565
11.498528
10.524639
10.753309
12.695813
-2.7769
-0.15905
2.453938
7.984133
9.68683
-5.041795
-5.735994
-7.293353
-8.681222
-9.955592
-10.892367
-11.483557
-11.050648
-11.313124
5.629498
-3.694534
-6.975783
-8.666563
-10.064188
-11.255966
-10.99522
