2.176698
0.99871
5.409853
8.681388
3.526389
16.373948
15.530348
16.325655
11.063714
13.39937
14.406615
13.062067
14.219903
11.857344
8.148925
10.256749
8.123487
5.65391
3.019696
0.357799
15.387057
13.233143
11.856428
10.198819
5.615234
2.843906
0.26719
-0.015675
-2.380324
-1.092747
-5.880881
-9.092522
-9.277535
-3.857599
-15.730793
-16.750101
-16.942264
-14.236518
-11.844861
-14.446078
-14.12392
-12.926694
-11.583716
-9.86539
-7.672373
-5.029742
-7.572265
-2.343407
-16.100882
-13.063444
-11.577105
-9.764789
-5.094546
-2.332821
