13.388547
13.637536
11.51085
10.670487
12.766998
0.283816
-2.279505
2.820048
9.540567
8.004509
-4.457387
-6.603395
-5.189464
-8.005376
-10.314737
-9.278068
-10.526895
-11.142621
-11.128071
-10.828292
5.746363
-6.279234
-7.951421
-9.412915
-10.880399
-10.820008
-10.341725
13.625253
13.135325
13.51152
11.19633
10.314278
10.377953
12.435655
-2.554709
-0.022835
2.486427
7.855035
9.423128
-4.715066
-5.366704
-6.860434
-8.217249
-9.480739
-10.436973
-11.119004
-10.652174
-10.996505
5.591433
-6.596559
-8.252862
-9.638054
-10.850828
-10.641364
