2.388787
1.171114
5.725262
9.034229
3.785783
16.843526
15.98587
16.768389
11.423871
13.773891
14.809071
13.397679
14.607596
12.144317
8.351738
8.312272
5.804812
3.144883
0.455365
15.79786
13.575199
12.138608
10.429026
5.782376
2.976853
0.372852
0.127823
-2.33037
-0.994205
-5.940542
-9.228592
-9.386569
-3.848608
-15.977062
-16.991401
-17.139204
-14.398311
-11.98586
-14.657194
-14.31957
-13.084596
-11.699255
-9.929533
-7.689
-4.989487
-7.581633
-2.270639
-16.271819
-13.225982
-11.697618
-9.830018
-5.066348
-2.262226
