1.474786
1.811678
0.545708
0.43323
4.497631
7.785293
7.515411
2.708903
15.264235
14.600145
15.392115
10.353036
12.656975
-0.561572
13.67323
12.504061
13.562039
11.335855
7.620177
9.745463
7.592657
5.099141
2.42935
-0.211073
14.748942
14.432977
12.656881
11.328133
9.690747
5.095792
2.33484
-0.256815
-0.497349
-2.644115
-1.498654
-1.676399
-2.992227
-5.884806
-8.876554
-9.140251
-3.977576
-15.602588
-16.506792
-16.834745
-14.022351
-11.737943
-14.478328
-14.219253
-13.104158
-11.845336
-10.1862
-8.038517
-5.47438
-7.950808
-2.853294
-16.075024
-15.370827
-13.204184
-11.784516
-10.050664
-5.515847
-2.809369
