13.524977
12.884735
13.172862
13.719778
12.224439
11.812557
11.217369
13.103169
0.390787
-2.352547
3.219173
10.628716
8.874639
13.225537
-4.734723
-7.124398
-5.557413
-8.577973
-10.814021
-9.866025
-11.022926
-11.501445
-11.360555
-11.154131
6.392667
-3.360593
-6.772833
-8.538724
-9.983842
-11.264411
-11.062318
-10.666882
13.757189
13.226166
13.568654
13.020032
12.622486
11.58233
10.525184
10.931511
12.679583
-2.73797
-0.095973
2.546019
8.056829
9.800414
-5.082494
-5.835733
-7.477088
-8.927881
-10.24481
-11.185291
-11.689543
-11.263259
-11.480597
5.701947
-3.750905
-7.091088
-8.849768
-10.282742
-11.518427
-11.216671
