2.382334
1.289483
1.165104
5.830944
9.253618
9.020053
3.816665
17.169774
16.413337
17.183748
11.80461
14.178815
0.00979
15.268006
13.821602
15.084274
12.479471
8.471133
10.734396
8.39316
5.769694
3.009511
0.252946
16.36392
14.002269
12.454262
10.631925
5.813356
2.924653
0.223286
0.115682
-2.408539
-1.060734
-1.349945
-2.929813
-6.093701
-9.39587
-9.559899
-3.921777
-16.500445
-17.406579
-17.562116
-14.655275
-12.262852
-15.231362
-14.912404
-13.650462
-12.225169
-10.374869
-8.047044
-5.261992
-7.930373
-2.504226
-16.698796
-16.182869
-13.770242
-12.191646
-10.248353
-5.347757
-2.473891
