2.022461
0.993632
0.884975
5.188073
8.457324
8.265366
15.144559
3.333852
16.163683
15.372014
16.114296
10.894225
13.196973
-0.218479
14.263577
12.958258
14.102288
7.982171
5.501994
2.869417
0.237982
15.245577
13.123404
11.74184
10.0729
5.481435
2.716445
0.166598
-0.116403
-2.44315
-1.182779
-1.459467
-2.929776
-5.895538
-9.080541
-3.882626
-15.744684
-16.745137
-16.934109
-14.179711
-11.836363
-14.464017
-14.136905
-12.944332
-11.61189
-9.892007
-7.706936
-5.08012
-7.610006
-2.421096
-16.095908
-13.082425
-11.59662
-9.787763
-5.148479
-2.405159
