13.55617
13.816941
13.809499
11.711021
10.935354
10.690178
5.978698
12.956513
0.075463
-2.531624
2.691665
9.742261
8.094717
13.85984
-4.740384
-6.925445
-5.500036
-10.74495
-11.305001
-11.260711
-11.006271
5.735173
-6.589787
-8.262647
-9.686211
-11.028935
-10.939696
-10.488569
13.802105
13.244481
13.649404
13.676481
13.250073
11.282934
10.364541
12.55073
-2.835404
-0.266439
2.284478
7.78173
9.464232
-5.022612
-5.662241
-7.162334
-8.510026
-9.757852
-10.691749
-11.343629
-10.903798
-11.206715
5.443443
-6.897421
-8.53885
-9.915081
-11.071286
-10.846871
