13.958675
14.144981
12.415393
11.703502
13.439015
0.574885
-2.206345
3.386047
10.580074
8.91904
-4.613334
-6.920419
-5.385573
-8.367713
-10.632152
-9.638124
-10.815995
-11.362733
-11.029972
6.524828
-3.226143
9.134117
-6.597821
-8.314188
-9.74258
-11.135205
-10.983582
-10.580425
14.142441
13.626611
13.981431
11.839415
11.07056
12.986283
-2.620758
0.064368
2.765957
8.351398
10.02323
-5.707648
-7.295253
-8.703757
-9.993278
-10.938118
-11.068773
5.982565
-3.607382
8.478461
-8.666311
-10.07408
-11.309352
-11.019437
