13.262241
13.489923
11.54207
10.781933
12.68524
0.515068
-2.06281
3.067838
9.694484
-4.275662
-6.463412
-5.011073
-7.907128
-10.288118
-9.221503
-10.479166
-11.10341
-11.076327
-10.763249
5.960826
-2.99118
8.337739
-6.141019
-7.843419
-9.336542
-10.862377
-10.783576
-10.305724
13.489561
13.051429
13.388958
11.231117
10.43668
12.396723
-2.345102
0.185355
2.695698
9.499623
-4.538511
-5.234203
-6.769953
-8.166363
-9.462523
-10.435161
-11.088361
-10.608585
5.763809
-3.23111
8.043111
-6.467524
-8.171437
-9.580996
-10.855574
-10.630829
