13.816582
14.023034
12.233001
11.559348
11.207512
13.293527
0.375453
-2.361016
3.150793
10.396891
8.705857
13.904916
-4.716325
-7.009506
-5.497493
-8.433708
-10.661468
-9.69028
-10.866241
-11.396596
-11.302508
-11.073716
6.289959
-3.353866
-6.677075
-8.389037
-9.811747
-11.152064
-11.004746
-10.594629
14.0259
13.484374
13.856106
13.7178
11.666928
10.678041
10.916806
12.844366
-2.746412
-0.092333
2.567291
8.14111
9.846888
-5.048873
-5.767237
-7.340177
-8.736776
-10.016212
-10.953438
-11.526558
-11.097836
-11.341778
5.769145
-3.697071
-7.004304
-8.710086
-10.111399
-11.315177
-11.038556
