2.555093
1.304474
6.004885
9.372983
4.000937
17.292138
16.446859
17.224338
11.806835
14.178341
15.240301
13.767072
15.030225
12.456072
8.5462
10.75363
8.48592
5.92013
3.213164
0.480917
16.265644
13.950783
12.441164
10.664532
5.925562
3.071419
0.416648
0.237595
-2.309715
-0.932778
-6.024143
-9.372874
-9.515649
-3.860093
-16.297107
-17.279305
-17.399064
-14.592538
-12.164812
-14.967025
-14.624773
-13.355212
-11.927519
-10.099108
-7.799318
-5.033483
-7.683793
-2.27709
-16.514406
-13.493373
-11.9213
-9.993037
-5.12078
-2.26458
