13.940678
14.176728
11.981239
11.012226
13.288324
0.275712
-2.391276
2.919632
9.868814
8.275726
-4.654081
-6.805641
-5.382749
-8.187685
-10.419899
-9.413705
-10.628825
-11.23009
-11.205696
-10.936705
5.963997
-6.491619
-8.137582
-9.547589
-10.968103
-10.901098
-10.454903
14.142684
13.59804
14.004908
11.565295
10.675775
10.702928
12.848674
-2.736593
-0.114658
2.507048
8.080968
9.719858
-4.946637
-5.602208
-7.080532
-8.408676
-9.643528
-10.580755
-11.256071
-10.815128
-11.116443
5.722243
-6.820693
-8.453818
-9.817324
-10.982924
-10.754279
