13.337344
13.544157
11.855645
11.280259
12.844681
0.523387
-2.13268
3.205391
10.160789
8.555326
-4.431588
-6.723682
-5.208056
-8.184048
-10.520095
-9.49893
-10.713442
-11.273467
-10.922365
6.21561
-3.102823
8.746057
-6.388218
-8.128745
-9.609676
-11.04024
-10.899782
-10.459303
13.564882
13.099701
13.428055
11.395525
10.674538
12.508186
-2.46305
0.11659
2.685649
8.050033
9.653942
-4.734246
-5.468702
-7.065044
-8.498091
-9.813507
-10.776352
-10.893843
5.781691
-3.422306
8.17744
-8.456204
-9.883768
-11.158768
-10.894712
