2.26005
1.073074
5.535701
8.833666
8.646886
3.625314
16.625678
15.798062
16.553316
11.249402
13.577471
-0.07564
14.63966
13.264304
14.4551
8.193589
5.689973
3.038104
0.372645
15.625456
13.437138
12.011859
10.308398
5.673233
2.879735
0.298327
0.042938
-2.374093
-1.063092
-1.374769
-5.933953
-9.19166
-9.347538
-3.86301
-15.92575
-16.932648
-17.087172
-14.329085
-11.947641
-14.613998
-14.276208
-13.051825
-11.681582
-9.92273
-7.697827
-5.020199
-7.593876
-2.323996
-16.226596
-13.193515
-11.674735
-9.821504
-5.096525
-2.312586
