13.654329
13.907568
11.716129
10.836769
10.698684
13.018074
0.133526
-2.472561
2.726538
9.666428
8.061002
14.122743
-4.676592
-6.825981
-5.416851
-10.652763
-11.24093
-11.216244
-10.946536
5.741761
-6.50005
-8.155416
-9.577796
-10.967174
-10.899739
-10.440981
13.886948
13.339749
13.747575
13.95071
11.328108
10.43711
10.501507
12.613678
-2.777152
-0.204173
2.353814
7.855913
9.503705
-4.952217
-5.587121
-7.065766
-8.39853
-9.637672
-10.574935
-11.252592
-10.807462
-11.123889
5.523033
-6.814491
-8.443807
-9.81175
-10.970573
-10.754502
