13.596812
13.811646
11.905125
11.134619
13.029648
0.497227
-2.163315
3.152667
10.025581
8.454974
-4.449999
-6.674527
-5.197777
-8.110344
-10.428638
-9.396654
-10.620238
-11.21344
-11.162344
-10.882607
6.153246
-3.125498
8.623532
-6.352902
-8.052372
-9.511063
-10.973781
-10.870998
-10.423658
13.80607
13.325099
13.678759
11.486457
10.692339
12.662521
-2.50002
0.09665
2.688515
8.120731
9.709315
-4.745392
-5.453739
-6.999491
-8.390456
-9.675561
-10.633291
-11.258014
-10.800377
5.828779
-3.414791
8.203295
-6.684629
-8.386328
-9.788747
-11.033534
-10.785641
