2.09441
0.925859
5.32583
8.612576
3.441796
16.251965
15.43024
16.256361
11.021785
13.37181
14.349355
13.021804
14.167514
11.826388
8.112884
10.227233
8.083814
5.604805
2.952032
0.271021
15.362011
15.143108
13.495496
13.192206
11.821022
10.165835
5.56952
2.789774
0.184389
-0.075957
-2.414739
-1.145194
-5.885951
-9.273096
-3.87866
-15.734759
-16.727427
-16.956428
-14.239596
-11.846889
-14.49232
-14.190707
-13.008993
-11.677298
-9.967942
-7.77397
-5.134036
-7.67423
-2.443967
-16.134005
-15.388673
-14.33367
-13.133813
-11.659638
-9.858474
-5.191533
-2.426404
