13.374982
13.603503
11.64546
10.883295
12.797775
0.447229
-2.152923
3.032047
9.775548
8.238067
-4.381466
-6.577727
-5.123492
-8.010112
-10.35265
-9.307096
-10.550049
-11.157698
-11.122446
-10.825372
5.970674
-3.0874
8.387782
-6.253384
-7.951352
-9.427068
-10.911925
-10.825874
-10.358684
13.601312
13.136551
13.487134
11.293312
10.501215
12.47533
-2.450164
0.100171
2.633964
7.983602
9.539551
-4.654352
-5.344947
-6.878319
-8.266957
-9.554025
-10.517807
-11.163976
-10.694856
-11.022613
5.730555
-3.335784
8.054144
-6.578185
-8.273008
-9.676457
-10.927607
-10.697645
