2.156617
1.10483
0.987163
5.456343
8.80825
8.587142
3.524596
16.604194
15.844529
16.60498
11.319153
13.658875
-0.132424
14.734179
13.368286
14.56644
12.089446
8.212081
10.408666
8.158594
5.601255
2.897853
0.200317
15.785201
13.540305
12.075762
10.328551
5.616688
2.78695
0.153877
-0.03254
-2.445513
-1.150564
-1.423553
-2.936339
-5.999492
-9.227371
-9.403567
-3.912916
-16.130491
-17.071575
-17.255958
-14.414357
-12.051933
-14.870831
-14.554327
-13.332588
-11.958374
-10.175361
-7.918687
-5.214692
-7.812292
-2.507848
-16.412002
-15.796992
-13.457451
-11.928939
-10.056309
-5.289788
-2.481527
