2.436891
1.207797
5.847991
9.213355
3.862982
17.081893
16.259567
17.044579
11.667642
14.036139
15.088484
13.646715
14.888929
12.349706
8.453816
10.656585
8.395292
5.832629
3.123853
0.395282
16.12675
13.827442
12.334269
10.569527
5.838903
2.990534
0.334339
0.156181
-2.349261
-0.997543
-6.014381
-9.322109
-9.48212
-3.876504
-16.240546
-17.208368
-17.355328
-14.543544
-12.129311
-14.939193
-14.609237
-13.356943
-11.946803
-10.134912
-7.847891
-5.100247
-7.734911
-2.355183
-16.486336
-15.870699
-13.488758
-11.932728
-10.02386
-5.181876
-2.337972
