13.90841
14.135672
12.045108
11.146109
13.288066
0.321548
-2.363331
2.996899
10.00294
8.391889
-4.650867
-6.837289
-5.391092
-8.232523
-10.470312
-9.468865
-10.67606
-11.262831
-11.222032
-10.960674
6.059694
-6.519653
-8.182601
-9.597969
-11.00684
-10.920575
-10.482607
14.110498
13.571259
13.96692
11.595948
10.682681
10.759561
12.849409
-2.718973
-0.089037
2.542487
8.110768
9.759372
-4.953032
-5.626795
-7.129645
-8.476263
-9.723739
-10.662443
-11.312701
-10.873364
-11.161675
5.752449
-3.592206
-6.849471
-8.502901
-9.876794
-11.056481
-10.815662
