12.946292
13.211151
11.166169
10.490882
12.367658
0.160669
-2.326325
2.638549
9.335097
7.787049
-4.438201
-6.601613
-5.190342
-8.006641
-10.330668
-9.301724
-10.559412
-11.155459
-11.132836
-10.830386
5.519858
-6.260394
-7.958352
-9.447146
-10.884174
-10.81317
-10.31961
13.223143
12.745228
13.109277
10.882989
9.98669
10.127754
12.097461
-2.549341
-0.084061
2.339169
7.584266
9.152828
-4.676166
-5.315741
-6.827755
-8.206625
-9.488302
-10.449457
-11.120389
-10.644591
-11.006366
5.368604
-6.560018
-8.229286
-9.63002
-10.8539
-10.654646
