13.949286
13.551661
13.852371
14.150026
12.430613
11.812068
11.374409
13.452151
0.313081
-2.469271
3.159525
10.620198
8.860443
13.899778
-4.866554
-7.200309
-5.666799
-8.618784
-10.795573
-9.858744
-11.007131
-11.501616
-11.382414
-11.182892
6.379104
-6.861978
-8.581471
-9.983596
-11.254971
-11.081544
-10.693327
14.157633
13.582072
13.96353
13.698777
13.277782
11.778507
10.757189
12.955324
-2.884096
-0.195474
2.505134
8.161414
9.933828
-5.221168
-5.946705
-7.536149
-8.936613
-10.213251
-11.138908
-11.681558
-11.269452
-11.480562
5.743216
-3.85717
-7.18717
-8.896297
-10.297296
-11.478655
-11.184778
