13.505826
13.708901
12.003733
11.395304
13.005857
0.511908
-2.176853
3.229786
10.268866
8.641056
-4.502503
-6.798778
-5.279529
-8.252332
-10.561215
-9.551984
-10.754583
-11.307429
-10.963014
6.280435
-3.158881
8.838268
-6.465648
-8.198891
-9.663085
-11.073723
-10.929571
-10.499919
13.723687
13.239398
13.57786
11.507918
10.776196
12.63421
-2.529251
0.078599
2.682653
8.113
9.74325
-4.816703
-5.552086
-7.144721
-8.569329
-9.875886
-10.832142
-11.405072
-10.954615
5.813329
-3.492945
8.243008
-8.529532
-9.950543
-11.20934
-10.938732
