13.069708
13.074619
13.314216
11.466659
10.909588
10.509323
12.551321
0.207366
-2.353441
2.79486
9.73747
8.114425
13.123801
-4.544989
-6.788037
-5.325095
-8.208608
-10.501851
-9.503615
-10.727727
-11.27913
-11.214669
-10.945491
5.770254
-6.44
-8.164917
-9.642313
-11.017087
-10.899596
-10.4371
13.338985
12.842703
13.198716
12.939618
11.065073
10.111487
10.356614
12.237601
-2.622603
-0.108537
2.374299
7.691778
9.323208
-4.817028
-5.49175
-7.050049
-8.456163
-9.751988
-10.706201
-11.318704
-10.858916
-11.174045
5.435028
-3.505757
-6.742382
-8.442906
-9.856615
-11.083966
-10.851836
