1.885393
0.760964
4.969477
8.180991
3.168252
15.69857
14.865034
15.683915
10.539041
12.855487
13.814482
12.564637
13.645821
11.435893
7.862715
9.905222
7.85964
5.451961
2.860226
0.23922
14.776743
14.557917
12.944308
12.726779
11.442821
9.867238
5.384669
2.666643
0.132353
-0.212639
-2.442349
-1.222941
-5.785241
-9.113158
-3.864255
-15.346121
-16.380289
-16.636036
-13.994318
-11.627301
-14.108711
-13.808147
-12.666296
-11.385561
-9.745782
-7.625308
-5.067909
-7.535888
-2.428174
-15.831524
-14.978143
-14.060979
-12.797491
-11.374339
-9.645457
-5.114581
-2.416158
