13.008182
13.258137
11.243744
10.52192
12.424965
0.35053
-2.156687
2.832782
9.40919
7.910471
-4.296474
-6.45845
-5.034969
-7.885531
-10.259424
-9.199094
-10.468284
-11.090249
-11.074153
-10.754827
5.684386
-3.048788
8.034336
-6.127197
-7.827232
-9.328994
-10.834092
-10.768045
-10.2724
13.264639
12.821136
13.16678
10.982855
10.204933
12.170264
-2.39283
0.085071
2.527475
7.749871
9.266022
-4.536455
-5.200339
-6.71994
-8.108515
-9.4005
-10.372411
-11.044905
-10.559777
-10.926677
5.554555
-3.237026
7.810344
-6.439305
-8.126154
-9.533106
-10.79236
-10.587933
