13.732851
13.974916
11.849084
10.985609
10.829071
13.111964
0.205156
-2.433459
2.836736
9.822975
8.207825
14.160699
-4.673349
-6.846363
-5.417671
-8.230524
-10.461009
-10.679496
-11.261622
-11.226004
-10.962364
5.875896
-6.521852
-8.184843
-9.605658
-10.995262
-10.915156
-10.466378
13.955549
13.411116
13.812174
11.428265
10.52194
10.606927
12.694824
-2.758751
-0.163615
2.422687
7.947952
9.601462
-4.961221
-5.614231
-7.108413
-8.451118
-9.696467
-10.634155
-11.294526
-10.852402
-11.154666
5.60508
-6.841414
-8.484502
-9.857337
-11.026065
-10.797786
