1.580254
0.521491
4.545485
7.745859
7.524071
2.800237
15.192583
14.431623
15.21955
10.172084
12.456167
-0.508348
13.446191
12.277735
13.313401
11.164195
7.602036
9.642432
7.603123
5.19684
2.608181
0.020502
14.424616
12.430373
11.172592
9.611038
5.14255
2.442218
-0.068079
-0.417999
-2.550117
-1.391775
-5.775337
-8.793837
-9.034073
-3.906298
-15.247529
-16.249341
-16.543659
-13.861934
-11.553777
-14.054954
-13.768297
-12.657779
-11.414169
-9.801962
-7.711342
-5.198373
-7.6288
-2.599822
-15.765448
-14.920206
-12.781351
-11.385373
-9.692296
-5.238879
-2.577282
