13.973163
13.759845
14.074044
14.202711
12.232588
11.155805
6.274091
13.408131
0.096586
-2.631744
2.868361
10.270611
8.522154
14.116707
-4.955498
-7.21241
-5.73832
-10.955049
-11.466424
-11.379989
-11.173073
-6.875915
-8.556847
-9.940196
-11.197298
-11.063876
-10.657987
14.194303
13.586985
14.003915
13.91707
13.484788
11.642907
10.670389
5.72132
12.901815
12.827597
-3.014314
-0.35285
2.312171
7.990772
9.771843
-5.286837
-5.957125
-7.487693
-8.841723
-10.084586
-11.000828
-11.598443
-11.187897
-11.425684
5.561213
-7.191686
-8.845446
-10.219987
-11.349536
-11.086249
