1.915586
0.78043
5.083891
8.363129
3.231108
15.927812
15.139207
15.973013
10.800206
13.143052
14.109077
12.830117
13.943394
11.656584
7.96801
10.073013
7.942598
5.470892
2.81868
0.146944
15.137057
14.890125
13.299052
12.99577
11.651165
10.01566
5.435984
2.66743
0.064715
-0.198533
-2.472989
-1.241622
-5.868299
-9.218286
-3.901528
-15.638917
-16.613091
-16.880535
-14.158056
-11.787176
-14.436269
-14.151345
-12.995436
-11.690733
-10.007339
-7.834789
-5.224485
-7.739175
-16.08059
-15.326967
-14.301248
-13.111927
-11.662247
-9.891332
-5.273841
-2.529607
