2.043436
0.888675
5.25809
8.550272
3.37979
16.202995
15.404615
16.210287
10.987165
13.326593
14.32927
13.012637
14.157177
11.807154
8.072267
10.19767
8.040918
5.55161
2.894115
0.22046
15.347639
15.121861
13.181185
11.801395
10.135382
5.526487
2.744285
0.143557
-0.109465
-2.440007
-1.178547
-5.900071
-9.066989
-9.275026
-3.890962
-15.770904
-16.751538
-16.978439
-14.235092
-11.86049
-14.531264
-14.228234
-13.045912
-11.715048
-9.999952
-7.803546
-5.163884
-7.704341
-2.481156
-16.156623
-15.43105
-13.170372
-11.692885
-9.88794
-5.223445
-2.460682
