13.472896
13.700833
11.764922
11.02937
12.906858
0.373691
-2.25324
3.001548
9.896462
8.30944
-4.503356
-6.720348
-5.257505
-8.14334
-10.443252
-9.424126
-10.648133
-11.231172
-11.181297
-10.904951
5.996235
-3.196727
-6.391742
-8.090746
-9.54913
-10.98102
-10.880475
-10.427212
13.700363
13.206622
13.568655
11.356998
10.425624
10.578502
12.54843
-2.567927
0.004158
2.563293
7.97578
9.582087
-4.789574
-5.478623
-7.017127
-8.403097
-9.68409
-10.638196
-11.268475
-10.811773
-11.118634
5.687484
-3.460516
-6.713756
-8.404366
-9.804456
-11.032756
-10.793848
