13.833958
14.180333
14.074774
11.955645
11.097307
10.915777
13.216984
0.160321
-2.502005
2.825438
9.918675
8.269879
14.22231
-4.760992
-6.946375
-5.512131
-10.745135
-11.311677
-11.266788
-11.017758
5.906815
-6.620151
-8.281552
-9.688038
-11.042666
-10.953646
-10.515529
14.054655
13.48872
13.899072
14.043413
11.49422
10.576811
10.677292
12.770098
-2.842957
-0.22804
2.381884
7.96039
9.649182
-5.059372
-5.711567
-7.207344
-8.546051
-9.785444
-10.7159
-11.366582
-10.933817
-11.220488
5.589231
-6.938954
-8.577529
-9.946583
-11.097939
-10.862998
