1.871216
0.744979
4.957659
8.169367
3.156457
15.653624
14.815936
15.657806
10.521387
13.780836
12.535092
13.609455
11.418121
7.859924
9.896277
7.857647
5.45453
2.860308
0.230106
14.750962
14.525121
12.92874
12.697623
11.423964
9.858314
5.381897
2.664271
0.118834
-0.224413
-2.44378
-1.229298
-5.775714
-9.103952
-3.865567
-15.312885
-16.344444
-16.617164
-11.612078
-14.091149
-13.799628
-12.665921
-11.391307
-9.760972
-7.644353
-5.09119
-7.555208
-15.820652
-14.957902
-14.046548
-12.792774
-11.378311
-9.658812
-5.133396
-2.435011
