2.245992
2.636719
1.191477
1.058547
5.657094
8.847086
15.966381
3.657174
16.994853
16.286122
17.038134
11.69676
14.058709
-0.065038
15.172746
13.757371
15.008015
12.407861
8.371563
10.651238
8.289809
5.649693
2.876727
0.126563
16.290435
13.934175
12.380628
10.547144
5.709369
2.816569
0.113269
0.023065
-2.468066
-1.145431
-1.402004
-2.951645
-6.112482
-9.380287
-3.951065
-4.744052
-16.535611
-17.41191
-17.583867
-14.633596
-12.271589
-15.292128
-14.981031
-13.728306
-12.3132
-10.462537
-8.135075
-5.35714
-8.020119
-2.612671
-16.731996
-16.247718
-13.842062
-12.267393
-10.328149
-5.441953
-2.574568
