13.546849
13.746076
12.083391
11.504057
13.06091
0.50418
-2.20366
3.251471
10.369001
8.716423
-4.548456
-6.864273
-5.333473
-8.318776
-10.61288
-9.615119
-10.807418
-11.346472
-11.001669
6.331475
-3.194706
-6.528831
-8.267555
-9.7261
-11.113511
-10.957439
-10.5365
13.763805
13.269966
13.609269
11.553603
10.553986
10.834033
12.673825
-2.568105
0.053106
2.673188
8.129699
9.782525
-4.871778
-5.61337
-7.215946
-8.645273
-9.953329
-10.906249
-11.01985
5.815112
-3.544876
-8.5976
-10.020448
-11.275109
-10.996472
