1.87529
0.864418
0.762052
4.978341
8.225922
8.01981
3.15871
15.834776
15.051164
15.818313
10.656947
12.958329
-0.31783
13.988891
12.728937
13.835475
11.549888
7.877626
9.969949
7.860724
5.405954
2.786089
0.164342
14.973454
12.890281
11.552597
9.922149
5.372349
2.627999
0.085578
-0.217737
-2.477963
-1.252275
-1.514563
-5.853209
-8.978803
-9.179223
-3.890861
-15.572224
-16.571773
-16.801938
-14.076151
-11.739957
-14.326735
-14.016603
-12.85378
-11.552315
-9.870845
-7.717449
-5.128657
-7.625209
-2.487294
-15.986444
-12.985263
-11.531893
-9.764008
-5.18615
-2.46876
