13.368416
13.552105
13.614969
11.621615
10.920744
10.632559
12.799288
0.175785
-2.415276
2.778205
9.747489
8.124452
13.597894
-4.621704
-6.827974
-5.385556
-8.227277
-10.484872
-9.491457
-10.710352
-11.27459
-11.224827
-10.959179
5.783667
-6.489917
-8.183913
-9.633146
-11.007804
-10.909512
-10.452321
13.619049
13.095735
13.476199
13.417944
11.213318
10.283829
10.452554
12.436409
-2.706824
-0.158619
2.367457
7.783175
9.42983
-4.899293
-5.55842
-7.083008
-8.456349
-9.726064
-10.671188
-11.308935
-10.858125
-11.168652
5.484613
-6.798438
-8.467649
-9.860459
-11.054626
-10.826676
