1.613253
0.656109
0.553463
4.593423
7.806121
7.593284
2.837378
15.310099
14.56137
15.3204
10.253535
12.529025
-0.477741
13.556283
12.374742
13.426978
11.236095
7.631567
9.692053
7.627363
5.202968
2.606732
0.021951
14.535189
12.527706
11.243736
9.656943
5.161773
2.451246
-0.056395
-0.393776
-2.551015
-1.38205
-1.608065
-2.958239
-5.804113
-8.846578
-3.910195
-15.350052
-16.345423
-16.61701
-13.903685
-11.606125
-14.14062
-13.84373
-12.71841
-11.4609
-9.826774
-7.720512
-5.190851
-7.636286
-2.590402
-15.827713
-12.845609
-11.431895
-9.71707
-5.238288
-2.567391
