13.631445
13.875864
11.787643
10.976554
10.772962
13.026691
0.176568
-2.449051
2.802946
9.805607
8.180474
13.98931
-4.678999
-6.863371
-5.430941
-8.249477
-10.703154
-11.2762
-11.234836
-10.973567
5.839201
-6.533876
-8.205711
-9.632316
-11.008233
-10.921347
-10.471441
13.863787
13.320499
13.717942
13.812817
11.364216
10.449236
10.563093
12.621063
-2.765086
-0.18261
2.387014
7.887599
9.547149
-4.964852
-5.617682
-7.120459
-8.471031
-9.722122
-10.660358
-11.312812
-10.869899
-11.172453
5.553076
-6.849106
-8.49805
-9.875891
-11.047434
-10.818906
