1.506562
0.567812
0.462292
4.488649
7.73014
7.486787
2.727272
15.195065
14.488274
15.269384
10.232199
12.520389
-0.545138
13.532665
12.369857
13.414139
11.228138
7.588869
9.671686
7.576298
5.12682
2.499922
-0.10789
14.557379
14.269452
12.521653
11.229168
9.629602
5.099663
2.371501
-0.173037
-0.471043
-2.604483
-1.456365
-1.655666
-5.829838
-8.831822
-9.080886
-3.944014
-15.41914
-16.371711
-16.681131
-13.929493
-11.640311
-14.259296
-13.984773
-12.872616
-11.623272
-9.988312
-7.871723
-5.336796
-7.787211
-2.731846
-15.912017
-15.138046
-12.985307
-11.577958
-9.865831
-5.37841
-2.698339
