13.849505
13.421312
13.721414
14.049778
12.364799
11.779014
11.322288
13.363595
0.337224
-2.431579
3.170809
10.592764
8.843374
13.769882
-4.820513
-7.1598
-5.622556
-8.585954
-10.781199
-9.837539
-10.991263
-11.487475
-11.367388
-11.162596
6.370704
-3.440201
-6.819714
-8.547253
-9.96051
-11.243043
-11.067497
-10.674982
14.062536
13.500271
13.872787
13.56989
13.153376
11.726063
10.702074
11.011969
12.887364
-2.836863
-0.161809
2.522077
8.139093
9.896899
-5.170898
-5.900985
-7.498389
-8.90818
-10.19307
-11.123181
-11.662379
-11.245286
-11.461953
5.739392
-3.814839
-7.143877
-8.862281
-10.269571
-11.464604
-11.171444
