13.317991
13.566062
11.525306
10.775996
12.729527
0.236114
-2.332502
2.798006
9.625864
8.050146
-4.51881
-6.698417
-5.268452
-8.102657
-10.394763
-9.377107
-10.613529
-11.203342
-11.170303
-10.885291
5.753858
-6.365854
-8.053614
-9.514907
-10.939522
-10.858634
-10.388547
13.565222
13.064888
13.438746
11.170503
10.262756
10.388449
12.393688
-2.609873
-0.078161
2.429094
7.79946
9.400629
-4.783971
-5.441079
-6.954671
-8.324848
-9.595869
-10.548685
-11.206362
-10.745056
-11.075409
5.52823
-6.677666
-8.345176
-9.737617
-10.947605
-10.729456
