2.025156
0.989422
0.879111
5.249988
8.566011
8.341683
3.360859
16.269343
15.505121
16.281307
11.051858
13.382956
-0.221323
14.427577
13.107353
14.265901
11.871679
8.074743
10.231783
8.034474
5.514925
2.838095
0.162469
15.463259
13.275221
11.862865
10.163117
5.511269
2.712054
0.103681
-0.121201
-2.466947
-1.204134
-1.46943
-5.942765
-9.118731
-9.314735
-3.910151
-15.910831
-16.866848
-17.081994
-14.284718
-11.929915
-14.670954
-14.3642
-13.170764
-11.828584
-10.088776
-7.872147
-5.21376
-7.771308
-2.530147
-16.255568
-15.581727
-13.294113
-11.799371
-9.971706
-5.279246
-2.504787
