13.69646
13.828481
13.920132
12.016306
11.303529
10.99788
13.144409
0.280063
-2.403402
2.988817
10.134572
8.468683
13.87459
-4.700732
-6.951293
-5.472126
-8.360025
-10.590061
-9.612348
-10.803962
-11.349487
-11.276024
-11.033907
6.081869
-6.618255
-8.316395
-9.743267
-11.094335
-10.970549
-10.542712
13.919378
13.377955
13.759162
13.690652
11.51127
10.551027
10.746875
12.718909
-2.755186
-0.137059
2.477108
8.009034
9.696577
-5.012259
-5.70244
-7.248507
-8.628426
-9.898001
-10.836012
-11.440359
-11.00506
-11.27458
5.656881
-3.663273
-6.938697
-8.622403
-10.015623
-11.206978
-10.951038
