2.280285
1.073837
5.710582
9.13449
3.706889
16.961186
16.214661
17.030449
11.691838
14.08253
15.120506
13.700985
14.939198
12.386737
8.408991
10.661014
8.332669
5.716609
2.948491
0.176433
16.241269
15.994309
13.880476
12.358804
10.55916
5.752895
2.8667
0.142359
0.041649
-2.438587
-1.115623
-6.074055
-9.324637
-9.525861
-3.936473
-16.417038
-17.306673
-17.510156
-14.618543
-12.219291
-14.901096
-13.664176
-12.260202
-10.43549
-8.120748
-5.353017
-8.005998
-16.671292
-16.141143
-12.217686
-10.301853
-5.427389
-2.559942
