1.929839
2.296197
0.923154
0.802316
5.163924
8.520171
8.272259
3.262431
16.232624
15.526574
16.29692
11.085225
13.419587
-0.271564
14.48502
13.176316
14.339556
11.915119
8.04409
10.242424
7.990601
5.428735
2.713716
0.019049
15.568872
13.34277
11.898928
10.163552
5.452254
2.626552
-0.015776
-0.189074
-2.52836
-1.28039
-1.511784
-2.962693
-5.995132
-9.147215
-3.95064
-16.070861
-16.975385
-17.210313
-14.342448
-12.00924
-14.868561
-14.575977
-13.384033
-12.039387
-10.27997
-8.039957
-5.363188
-7.937646
-2.675478
-16.395716
-15.792147
-13.495483
-11.992341
-10.149288
-5.428793
-2.638374
