14.193008
13.607467
13.887913
14.370849
12.82775
11.737721
13.081535
13.747182
0.360678
-2.516608
3.337225
11.084143
9.240248
13.936669
-5.010488
-7.422473
-5.836718
-8.852034
-10.982978
-10.081938
-11.190599
-11.639259
-11.477546
-11.316685
6.673434
-3.574749
-7.080029
-8.819803
-10.199726
-11.401944
-11.182191
-10.83112
13.7811
14.161207
13.720756
13.301233
12.039026
10.960791
13.184482
12.685473
-2.991976
-0.235825
2.547906
8.319416
10.167235
-5.405872
-6.166822
-7.797773
-9.218419
-10.502592
-11.417542
-11.902218
-11.511155
-11.667681
5.840745
-4.028256
-7.410784
-9.145371
-10.55423
-11.729228
-11.399165
