2.213428
1.030549
5.471865
8.760261
3.572676
16.495991
15.662507
16.444118
11.162764
13.498303
14.527111
13.167407
14.341303
11.941193
8.191787
10.319958
8.160044
5.671112
3.024161
0.355707
15.515977
13.339559
11.938108
10.256945
5.643952
2.859049
0.273658
0.009397
-2.380311
-1.082217
-5.909454
-9.140217
-9.315179
-3.863091
-15.834911
-16.843751
-17.022411
-14.288896
-11.900422
-14.542989
-14.216298
-13.007094
-11.651088
-9.912774
-7.702235
-5.04072
-7.600003
-2.34729
-16.173966
-13.144336
-11.642792
-9.810446
-5.110241
-2.335274
