2.092216
0.929378
5.33066
8.633039
3.438879
16.320849
15.522409
16.319613
11.076076
13.41665
14.432597
13.099957
14.258329
11.879501
8.118782
10.256516
8.083484
5.582702
2.918334
0.239645
15.45296
13.269857
11.872593
10.190863
5.563624
2.772372
0.166558
-0.076091
-2.430463
-1.157171
-5.918126
-9.105123
-9.303993
-3.89014
-15.841862
-16.819952
-17.033429
-14.276281
-11.899767
-14.591921
-14.283775
-13.090883
-11.74869
-10.018743
-7.809522
-5.154979
-7.708513
-2.465329
-16.204201
-15.496673
-13.216955
-11.727399
-9.906877
-5.218366
-2.44514
