2.038621
0.880758
5.362298
8.759732
8.48911
3.413162
16.490944
15.780465
16.591527
11.338801
13.708413
-0.21339
14.74222
13.393253
14.583386
12.113394
8.18947
10.416974
8.123044
5.529907
2.778292
0.035534
15.863982
15.58942
13.565293
12.088894
10.325217
5.561618
2.702453
0.00371
-0.121391
-2.509202
-1.2382
-6.03508
-9.208372
-9.431246
-3.957768
-16.234065
-17.114411
-17.358502
-14.47225
-12.107947
-14.769933
-13.567154
-12.202313
-10.418386
-8.143129
-8.035299
-16.544893
-15.984331
-12.150202
-10.280597
-5.49095
-2.662688
