1.70415
0.611957
4.821642
8.121122
2.988
15.648697
14.930969
15.752164
10.639829
12.971787
13.959164
12.727848
13.820368
11.548513
7.822095
9.950708
7.790497
5.293768
-0.05206
15.027613
14.738868
12.888122
11.538831
9.890053
5.280999
2.504249
-0.111398
-0.343783
-2.56436
-1.373165
-5.894306
-8.947595
-9.203281
-3.947877
-15.68436
-16.609523
-16.912589
-14.129289
-11.798141
-14.264481
-13.126765
-11.840002
-10.159919
-7.987915
-7.894754
-16.134943
-15.427446
-11.791244
-10.030277
-5.433751
-2.697143
