13.606225
13.819015
11.940761
11.191752
13.048581
0.493365
-2.17598
3.1638
10.077949
8.493922
-4.47208
-6.708475
-5.224831
-8.145533
-10.457144
-9.431228
-10.64949
-11.23471
-11.177116
-10.902992
6.178917
-3.142665
8.667866
-6.385166
-8.08878
-9.545537
-10.995556
-10.885642
-10.442726
13.815865
13.330725
13.683946
11.504202
10.718768
12.675152
-2.518109
0.084212
2.682742
8.125018
9.72526
-4.772082
-5.484223
-7.036571
-8.43131
-9.718207
-10.674474
-11.290486
-10.835511
5.826719
-3.440647
8.215874
-6.716473
-8.422036
-9.826239
-11.069975
-10.817678
