1.817283
0.819754
0.718837
4.867554
8.086077
7.891997
14.711505
3.077433
15.669038
14.879155
15.632599
10.496636
12.781075
-0.352312
13.816887
12.580855
13.668205
7.78752
5.358206
2.763505
0.168548
14.776505
12.739252
11.428814
9.823471
5.314241
2.592967
0.083254
-0.253993
-2.482248
-1.270292
-1.5306
-5.819372
-8.929562
-3.882234
-15.442967
-16.461974
-16.69133
-13.990272
-11.665943
-14.188511
-13.87312
-12.719838
-11.433064
-9.772298
-7.644069
-5.083004
-7.555364
-2.461055
-15.877103
-12.856598
-11.417078
-9.670553
-5.13901
-2.445824
