13.26067
13.468134
13.519893
11.466149
10.762628
10.480371
5.887397
12.679506
0.088352
-2.465116
2.649243
9.578002
7.961146
13.51305
-4.630958
-6.815363
-5.39282
-10.691034
-11.258583
-11.218635
-10.947769
5.630044
-6.474329
-8.162411
-9.614229
-10.983231
-10.89637
-10.428588
13.52457
12.997546
13.384789
13.332263
11.090672
10.174868
12.332124
-2.732497
-0.210764
2.281268
7.667751
9.31156
-4.895252
-5.534706
-7.044907
-8.409448
-9.67373
-10.618195
-11.272018
-10.81819
-11.143369
5.380917
-6.776093
-8.431786
-9.820488
-11.003875
-10.788742
