13.827368
14.017333
12.329118
11.680054
13.326298
0.536025
-2.226634
3.337529
10.546276
8.874397
-4.618652
-6.937759
-5.399786
-8.386862
-10.652492
-9.66401
-10.841738
-11.378111
-11.041446
6.470269
-3.239436
-6.60901
-8.335699
-9.771567
-11.148173
-10.98931
-10.583878
14.023631
13.509456
13.860124
11.753012
10.750445
11.008409
12.889109
-2.62801
0.039738
2.718545
8.271164
9.949261
-5.708024
-7.305043
-8.722569
-10.018809
-10.964437
-11.085429
5.913792
-3.615808
-8.678192
-10.091823
-11.330221
-11.040966
