1.463014
0.525187
0.427657
4.38736
7.585552
7.354862
2.661437
14.995609
14.261335
15.046283
10.037116
12.313479
-0.57832
13.306035
12.168379
13.185666
11.063369
7.50736
9.546544
7.50965
5.103713
2.513643
-0.066324
14.295037
14.018377
12.317728
11.071587
9.517062
5.053263
2.358227
-0.148992
-0.497859
-2.591412
-1.457103
-1.665604
-5.770621
-8.75295
-9.004442
-3.923375
-15.207426
-16.194665
-16.509568
-13.815241
-11.525609
-14.037941
-13.76005
-12.663617
-11.435254
-9.835376
-7.755731
-5.259251
-7.675663
-2.673903
-15.744044
-14.901292
-12.782431
-11.398842
-9.721168
-5.295976
-2.646771
