13.805862
14.044337
11.856908
10.905027
13.156413
0.301325
-2.338199
2.912186
9.772068
8.204883
-4.578826
-6.723536
-5.304552
-8.112538
-10.372726
-9.352605
-10.579836
-11.191258
-11.172974
-10.891852
5.917186
-6.408884
-8.059777
-9.484986
-10.930729
-10.86913
-10.412714
14.014005
13.488837
13.886129
11.476825
10.59392
10.61894
12.748381
-2.665113
-0.066716
2.526169
8.041763
9.651747
-4.860855
-5.51655
-6.996645
-8.331373
-9.573756
-10.517618
-11.198679
-10.749015
-11.064692
5.711946
-6.736652
-8.375858
-9.744694
-10.926605
-10.704116
