2.083471
1.038549
0.923869
5.366561
8.718979
8.482464
3.443571
16.463865
15.714538
16.496844
11.238368
13.584831
-0.183295
14.635421
13.288679
14.471329
12.025037
8.163396
10.354507
8.110851
5.556918
2.849033
0.145125
15.701087
13.45949
12.009916
10.274976
5.569625
2.741917
0.09779
-0.084625
-2.468571
-1.190522
-1.453719
-5.989287
-9.184693
-9.38149
-3.92369
-16.08294
-17.012741
-17.224851
-14.387891
-12.025716
-14.851459
-14.548806
-13.342094
-11.981262
-10.213068
-7.964742
-5.272261
-7.859749
-2.568057
-16.39546
-15.774413
-13.459877
-11.945817
-10.089539
-5.341012
-2.538123
