13.373486
13.627115
11.422788
10.518306
12.724826
0.305412
-2.236047
2.801731
9.403922
7.907202
-4.390555
-6.503611
-5.107992
-7.903152
-10.232902
-9.177988
-10.441798
-11.080985
-11.084719
-10.768797
5.687568
8.019832
-6.184838
-7.845284
-9.312202
-10.818241
-10.777843
-10.287591
13.607482
13.130378
13.507142
11.15785
10.313456
12.410405
-2.497904
0.020234
2.513627
7.855783
9.389435
-4.636027
-5.278594
-6.754241
-8.100752
-9.359476
-10.320137
-11.026348
-10.551938
-10.914884
5.609686
7.885017
-6.504211
-8.150487
-9.530792
-10.747891
-10.550094
