14.297954
13.720576
13.999223
12.899902
11.789418
6.833545
13.187117
13.843351
0.297407
-2.594437
3.292648
11.118886
9.249847
14.046594
-5.095777
-7.505635
-5.924085
-8.922873
-11.021605
-10.136022
-11.234791
-11.674152
-11.510125
-11.360156
6.661357
-7.162813
-8.894441
-10.258741
-11.431734
-11.211145
-10.866776
13.86186
13.826157
13.402423
12.086093
11.006722
12.777273
-3.080006
-0.30892
2.492458
8.315927
10.193688
-5.497097
-6.249697
-7.872396
-9.281931
-10.555453
-11.462911
-11.948366
-11.565531
-11.712591
5.810494
-4.10908
-7.492319
-9.214446
-10.615621
-11.768317
-11.436942
