1.901435
2.267111
0.899806
0.781508
5.098997
8.430796
8.193197
3.218884
16.122553
15.404943
16.168249
10.972053
13.295256
-0.289701
14.360016
13.066289
14.215595
11.821723
7.991891
10.168139
7.946495
5.407211
2.713622
0.03872
15.42172
13.230956
11.809955
10.096458
5.420106
2.613191
-0.003699
-0.206007
-2.523876
-1.283671
-1.517938
-2.959669
-5.965365
-9.109054
-3.939994
-15.962212
-16.88593
-17.119004
-14.277191
-11.948767
-14.750317
-14.453052
-13.267878
-11.933821
-10.191342
-7.971369
-5.315784
-7.871637
-2.641429
-16.304339
-15.666186
-13.384048
-11.891816
-10.065625
-5.380084
-2.607909
