12.862173
13.115632
11.253966
10.72224
10.319619
12.343792
0.187029
-2.325341
2.719788
9.554013
7.958848
12.922002
-4.472983
-6.700487
-5.25042
-8.123174
-10.443179
-9.432065
-10.672174
-11.234046
-11.179573
-10.895832
5.642417
-6.349525
-8.078204
-9.573465
-10.969135
-10.861502
-10.38324
13.145755
12.667927
13.01671
10.904495
9.962766
10.20413
12.07197
-2.562442
-0.087403
2.346664
7.585953
9.187331
-4.727496
-5.392915
-6.947637
-8.357668
-9.659629
-10.620443
-11.245178
-10.774843
-11.111794
5.36597
-6.646593
-8.347917
-9.766003
-11.005464
-10.785746
