1.968475
2.348491
0.970625
5.266544
8.418588
15.514646
3.924694
3.323471
16.475235
15.813738
16.563483
11.318777
13.660164
-0.234435
14.768719
13.431815
14.630286
12.117283
8.12984
10.388544
8.056814
5.435531
2.673982
-0.049085
15.896279
13.600435
12.09242
10.293739
5.493651
2.625901
-0.056932
-2.553953
-1.504061
-2.977658
-6.077117
-9.255616
-3.980537
-4.685116
-16.358065
-17.215899
-17.437448
-14.484002
-12.161543
-15.163447
-14.871391
-13.657
-12.284663
-10.476413
-8.188463
-5.462838
-8.080778
-2.754939
-16.615929
-16.108329
-13.762218
-12.225448
-10.335129
-5.536817
-2.709161
