14.296872
13.776496
14.060095
12.856246
11.748789
6.798377
13.231476
13.827135
0.296519
-2.584157
3.271858
11.04603
9.194067
14.106909
-5.072615
-7.46468
-5.893756
-8.878725
-10.983738
-10.090877
-11.196388
-11.646562
-11.491891
-11.334843
6.622815
-7.124351
-8.848894
-10.214255
-11.402865
-11.192737
-10.842619
13.86356
13.890282
13.464178
12.06599
10.999583
13.24221
12.831251
-3.062995
-0.298414
2.495318
8.310009
10.173852
-5.467843
-6.213964
-7.825972
-9.228656
-10.498312
-11.407092
-11.905516
-11.519682
-11.675699
5.810862
-4.07985
-7.454391
-9.169409
-10.567065
-11.718831
-11.39378
