13.745085
13.934055
12.315254
11.737185
13.269743
0.51664
-2.244744
3.330199
10.592924
8.89971
-4.63958
-6.982681
-5.432659
-8.436441
-10.698394
-9.719333
-10.891108
-11.411572
-11.070033
6.474487
-3.2592
-6.647936
-8.387823
-9.827891
-11.181637
-11.008663
-10.60696
13.949666
13.434142
13.779687
11.718121
10.69787
11.001043
12.8375
-2.644184
0.018602
2.690166
8.229002
9.922509
-5.737926
-7.350998
-8.780867
-10.085249
-11.030458
-11.135892
5.873822
-3.644502
-8.724351
-10.14515
-11.387335
-11.092593
