2.048351
0.885949
5.32937
8.676797
3.410793
16.34426
15.582601
16.414164
11.176998
13.543391
14.536198
13.201196
14.366064
11.967087
8.147611
10.320219
8.09861
5.559797
0.131279
15.61405
15.359332
13.749923
13.372537
11.950565
10.2423
5.55825
2.73551
0.072389
-0.112684
-2.469834
-1.20388
-5.961693
-9.352509
-3.923835
-15.986113
-16.914759
-17.163492
-14.360689
-11.979183
-14.502678
-13.31516
-11.969883
-10.226066
-7.990498
-7.886634
-16.351478
-15.70195
-14.554351
-11.931814
-10.099694
-5.37043
-2.571438
