13.684198
13.880913
12.148138
11.479541
13.169221
0.554344
-2.166498
3.298978
10.361021
8.733376
-4.519948
-6.811924
-5.29046
-8.263791
-10.563589
-9.553658
-10.751102
-11.30922
-10.969284
6.372038
-3.161551
8.934032
-6.484959
-8.208675
-9.660992
-11.078776
-10.937133
-10.514706
13.88664
13.395418
13.739294
11.634915
10.880446
12.770983
-2.540721
0.094831
2.734433
8.217604
9.852042
-5.583355
-7.169848
-8.586087
-9.885369
-10.838952
-10.968415
5.896494
-3.509753
8.33889
-8.550523
-9.965461
-11.21836
-10.942817
