13.723772
13.922173
12.169559
11.489347
13.203666
0.525805
-2.198989
3.27528
10.364457
8.728055
-4.553266
-6.84233
-5.324008
-8.288576
-10.575569
-9.571425
-10.765583
-11.320844
-11.235202
-10.984729
6.359497
-3.193834
8.92837
-6.515316
-8.234973
-9.681067
-11.087959
-10.947133
-10.526679
13.925945
13.425611
13.775315
11.648907
10.89109
12.79482
-2.576132
0.064223
2.70942
8.212262
9.857763
-4.877938
-5.613718
-7.195575
-8.606476
-9.900941
-10.851547
-11.428752
-10.985859
5.881058
-3.540448
8.3342
-6.849346
-8.574158
-9.985559
-11.228949
-10.953748
