2.274148
1.070747
5.704397
9.133003
8.873323
3.699314
16.974137
16.236345
17.042094
11.702342
14.089296
15.140342
13.720671
14.962126
12.398648
8.406034
10.665462
8.327821
5.704874
2.933214
0.162659
16.263695
16.015609
13.899821
12.370277
10.562395
5.746579
2.857095
0.133252
0.037977
-2.445508
-1.122422
-6.084131
-9.33749
-9.534242
-3.940839
-16.449383
-17.333882
-17.532926
-14.627698
-12.234778
-15.22616
-14.929717
-13.689736
-12.283055
-10.452234
-8.133196
-5.361635
-8.018171
-2.605235
-16.692283
-16.174311
-13.797513
-12.2391
-10.317701
-5.437817
-2.568513
