14.188504
14.370874
12.638533
11.911267
11.585915
13.668766
0.514322
-2.316398
3.38872
10.764326
9.048786
-4.763531
-7.088066
-5.544234
-8.522323
-10.73188
-9.766995
-10.920748
-11.444301
-11.333986
-11.122221
6.60398
-3.353631
-6.764957
-8.474709
-9.875195
-11.213328
-11.048695
-10.66526
14.363579
13.809793
14.18221
11.991052
10.981747
11.220458
13.157819
-2.763778
-0.036766
2.715696
8.407318
10.138191
-5.128031
-5.877526
-7.46464
-8.862925
-10.139623
-11.071588
-11.620675
-11.205066
-11.412935
5.984494
-3.759035
-7.107548
-8.824555
-10.223579
-11.427701
-11.125589
