1.906736
0.775475
5.166944
8.544745
8.27092
3.251059
16.219196
15.523926
16.332707
11.128483
13.485356
-0.294718
14.514713
13.205916
14.367412
11.948774
8.063907
10.272845
8.004631
5.429237
2.691212
-0.032379
15.632102
15.344728
13.37373
11.927044
10.18805
5.455513
2.614901
-0.065312
-0.209992
-2.544323
-1.302246
-6.006921
-9.137406
-9.371706
-3.96611
-16.110587
-16.990762
-17.256561
-14.380605
-12.03463
-14.671429
-13.488477
-12.146803
-10.38875
-8.139014
-8.035391
-16.456513
-15.870982
-12.090897
-10.249926
-5.512847
-2.70919
