2.170907
2.557575
1.128387
1.000565
5.511592
8.672335
15.727395
3.552398
16.754975
16.030119
16.775444
11.470396
13.814205
-0.113833
14.920653
13.538138
14.75935
12.222191
8.26247
10.501982
8.195189
5.595511
2.85879
0.141925
16.004001
13.711325
12.202311
10.410724
5.636071
2.776957
0.115408
-0.024453
-2.468441
-1.165101
-1.423021
-2.948537
-6.057444
-9.30011
-3.936162
-4.718947
-16.330826
-17.236982
-17.414089
-14.509992
-12.157376
-15.079195
-14.764022
-13.527845
-12.135595
-10.319128
-8.029511
-5.29254
-7.919565
-2.57282
-16.566605
-16.020333
-13.647744
-12.096628
-10.192011
-5.373197
-2.539799
