14.189968
13.921588
14.228268
14.397812
12.535482
11.445068
6.528032
13.648239
0.222351
-2.57849
3.078142
10.596098
8.821922
14.272151
-4.978066
-7.278098
-5.767803
-8.670285
-10.800054
-9.877029
-11.017801
-11.516145
-11.4087
-11.217062
6.331865
-6.945475
-8.636421
-10.009723
-11.260186
-11.103101
-10.719562
14.388675
13.778457
14.187658
14.070863
13.636299
11.872785
10.871712
13.103946
12.974511
-3.00778
-0.294217
2.43699
8.185755
9.987298
-5.336174
-6.039265
-7.595482
-8.963275
-10.213209
-11.127495
-11.693187
-11.291691
-11.498091
5.72494
-3.951266
-7.271956
-8.947046
-10.327298
-11.467779
-11.179995
