13.534873
13.726145
13.781425
11.755232
11.023735
10.739128
6.049624
12.956368
0.119255
-2.500326
2.755791
9.833927
8.178364
13.770342
-4.726801
-6.934847
-5.493189
-8.321168
-10.769112
-11.321478
-11.266836
-11.016042
5.808537
-6.597413
-8.281888
-9.710314
-11.050448
-10.94883
-10.502769
13.779698
13.228493
13.624455
13.585175
13.162675
11.30745
10.373848
12.553161
-2.81134
-0.236871
2.321043
7.811388
9.496115
-5.015278
-5.668652
-7.185666
-8.546515
-9.80366
-10.739436
-11.374853
-10.935234
-11.230213
5.475526
-6.906326
-8.562637
-9.946362
-11.114756
-10.882049
