1.909953
2.282342
0.913745
0.79205
5.103626
8.204949
15.180581
3.224632
16.150824
15.43631
16.181228
10.979508
13.29423
-0.278944
14.379469
13.083525
14.237378
11.830518
7.990735
10.170868
7.945068
5.403159
2.712411
0.04566
15.434188
13.247771
11.819786
10.099498
5.419847
2.613475
0.006451
-0.198439
-2.523062
-1.279606
-1.512665
-2.960857
-5.971533
-9.125632
-3.938721
-4.649659
-15.983242
-16.909644
-17.129558
-14.278715
-11.957829
-14.758911
-14.454453
-13.263339
-11.925105
-10.176073
-7.954052
-5.296233
-7.854243
-2.625274
-16.30876
-15.676536
-13.38306
-11.884614
-10.051953
-5.36394
-2.592656
