1.80586
0.697568
4.929684
8.20799
3.096399
15.770848
15.01653
15.822359
10.680781
13.004946
14.002367
12.751312
13.853074
11.572996
7.871878
9.983807
7.84635
5.368489
2.716029
0.061416
15.034689
14.775408
12.913092
11.568274
9.928022
5.344324
2.579811
-0.009054
-0.271115
-2.516524
-1.305301
-5.875644
-8.965715
-9.199042
-3.919335
-15.639203
-16.599135
-16.870416
-14.118568
-11.777399
-14.445059
-14.160041
-13.010022
-11.71443
-10.032907
-7.866683
-5.268191
-7.773278
-2.614435
-16.075463
-15.337155
-13.125794
-11.679287
-9.913651
-5.318433
-2.58637
