13.980278
13.726756
14.039043
14.191212
12.339785
11.62782
11.282716
13.441506
0.276231
-2.481464
3.078117
10.441361
8.713251
14.084434
-4.846671
-7.134164
-5.630151
-8.538661
-10.716869
-9.768902
-10.930292
-11.447523
-11.351056
-11.13836
6.265729
-6.801461
-8.499753
-9.898181
-11.194828
-11.047589
-10.647178
14.18722
13.610639
14.003543
13.890738
13.462318
11.737629
10.748684
10.976988
12.949004
-2.88188
-0.205356
2.48079
8.134634
9.885407
-5.187678
-5.892101
-7.45072
-8.829038
-10.091306
-11.01699
-11.59305
-11.176796
-11.407135
5.721672
-3.819624
-7.126793
-8.812139
-10.200974
-11.369739
-11.091918
