2.058377
0.900569
5.333805
8.682072
8.438793
3.416
16.395061
15.642773
16.441203
11.194894
13.546546
-0.204036
14.577321
13.238726
14.412332
11.987567
8.144808
10.327399
8.094333
5.547721
2.841436
0.134463
15.646112
15.399268
13.409267
11.972349
10.249251
5.554869
2.731061
0.082962
-0.102928
-2.472247
-1.201212
-5.976612
-9.156789
-9.365059
-3.924277
-16.036
-16.965867
-17.192289
-14.368403
-12.001618
-14.816736
-14.520907
-13.322694
-11.969554
-10.212423
-7.971307
-5.286966
-7.867158
-2.583484
-16.37002
-15.736189
-13.437573
-11.932988
-10.087963
-5.351781
-2.553
