2.264268
1.18791
1.077996
5.546909
8.852803
8.666456
15.59273
3.63129
16.6638
15.844799
16.591233
11.282033
13.608297
-0.069272
14.683321
13.304144
14.500977
8.199782
5.686423
3.028357
0.361382
15.673953
13.477058
12.040396
10.325575
2.876712
0.292321
0.045999
-2.379182
-1.065705
-1.373577
-5.94802
-9.211586
-9.362862
-3.867739
-15.974008
-16.974166
-17.123397
-14.349207
-11.972347
-14.660447
-14.320857
-13.091785
-11.716642
-9.948874
-5.031435
-7.61182
-2.333699
-16.260362
-13.233449
-11.70815
-9.846374
-5.109927
-2.321092
