13.724921
14.127703
13.977185
11.789524
10.912121
10.758738
6.005942
13.090886
0.105145
-2.517274
2.720813
9.731473
8.103971
14.168952
-4.734509
-6.891923
-5.479089
-10.695762
-11.273825
-11.243088
-10.983037
5.764277
-6.565015
-8.219115
-9.631812
-10.92518
-10.473593
13.955859
13.394389
13.808436
13.992817
11.374433
10.476237
10.55019
12.666338
-2.832665
-0.246042
2.328298
7.86659
9.537634
-5.017245
-5.651739
-7.131292
-8.461241
-9.696306
-11.30011
-10.86123
-11.167212
5.514638
-6.879117
-8.505361
-9.870682
-11.017973
-10.797408
