1.77971
2.139123
0.802499
0.681078
4.956207
8.302792
8.043911
3.083547
15.954572
15.274779
16.047735
10.888269
13.213921
-0.364099
14.272861
13.00594
14.141227
11.763757
7.917325
10.10557
7.8679
5.314695
2.603445
-0.079678
15.36533
15.077775
13.16817
11.748273
10.03105
5.337675
2.523814
-0.111402
-0.291379
-2.575717
-1.35981
-1.567759
-2.976938
-5.977503
-9.079869
-3.967895
-15.980359
-16.8726
-17.137017
-14.266616
-11.95321
-14.807731
-14.527205
-13.356569
-12.034991
-10.298283
-8.07833
-5.428524
-7.97976
-2.758933
-16.340035
-15.725881
-13.462316
-11.979914
-10.163113
-5.48775
-2.717162
