13.883977
13.36933
13.661341
14.078045
12.463913
11.926352
11.412998
13.420832
0.340298
-2.452897
3.212531
10.731062
8.951149
13.710529
-4.868008
-7.236527
-5.681353
-8.666958
-10.848069
-9.917659
-11.058598
-11.536679
-11.400883
-11.209198
6.447803
-3.474159
-6.893087
-8.630644
-10.039332
-11.294506
-11.101627
-10.720295
14.096137
13.525189
13.895787
13.504223
13.090379
11.781252
10.735831
12.928703
-2.873336
-0.182344
2.520707
8.163653
9.947611
-5.230342
-5.971457
-7.585432
-9.004805
-10.294433
-11.221411
-11.739152
-11.328333
-11.528002
5.748438
-3.872159
-7.217201
-8.94601
-10.357833
-11.552032
-11.247422
