1.812107
2.17374
0.830351
0.706217
5.020573
8.387383
8.122257
3.129215
16.063986
15.392933
16.167907
10.992079
13.325626
-0.342537
14.389454
13.107766
14.256732
11.849387
7.966102
10.173664
7.909808
5.337199
2.608804
-0.089454
15.498224
15.206661
13.271587
11.830455
10.093111
5.369632
2.539931
-0.114497
-0.270936
-2.576852
-1.352357
-1.558894
-2.97893
-6.003923
-9.117676
-3.975482
-4.628659
-16.077806
-16.955501
-17.217378
-14.324042
-12.007213
-14.909098
-14.630383
-13.451984
-12.119779
-10.366808
-8.12907
-5.460165
-8.028191
-2.779418
-16.418369
-15.834171
-13.554855
-12.061281
-10.228117
-5.521444
-2.735127
