2.085677
0.920238
5.412082
8.799329
8.539837
3.463316
16.545663
15.817693
16.622346
11.35633
13.72256
-0.18438
14.760078
13.40212
14.596208
12.123352
8.212303
10.431509
8.148841
5.564973
2.824378
0.088775
15.864933
15.604038
13.574867
12.101186
10.342112
5.591014
2.7378
0.05147
-0.087803
-2.486701
-1.206536
-6.025648
-9.215622
-9.428504
-3.944285
-16.210504
-17.107294
-17.337065
-14.466352
-12.097027
-15.007783
-14.719292
-13.511102
-12.142441
-10.358362
-8.086162
-5.369824
-7.978253
-2.647889
-16.515619
-15.939868
-13.618371
-12.096717
-10.225437
-5.436945
-2.610995
