13.981688
14.170077
12.473787
11.813263
11.439184
13.479315
0.484104
-2.31033
3.326813
10.66155
8.951278
14.016215
-4.727124
-7.056528
-5.514096
-8.495174
-10.721055
-9.753556
-10.914773
-11.434899
-11.32347
-11.10635
6.511903
-3.333629
-6.727136
-8.448471
-9.864587
-11.201653
-11.034625
-10.642276
14.173004
13.631271
13.995227
11.849723
10.837045
11.103805
13.001921
-2.732962
-0.037786
2.674151
8.300018
10.020101
-5.081124
-5.82734
-7.422557
-8.831865
-10.118362
-11.054702
-11.601098
-11.179038
-11.397983
5.905106
-3.724236
-7.063153
-8.787939
-10.194883
-11.409895
-11.113171
