1.567526
0.512937
4.479997
7.633943
2.76819
15.040664
14.244288
15.030228
10.000718
12.270939
13.246778
12.096416
13.109607
11.016926
7.538923
9.534187
7.555569
5.195019
2.64739
0.090671
14.181402
12.247131
11.033486
9.515954
5.116098
2.450187
-0.0171
-0.422945
-2.524878
-1.373829
-5.715232
-8.726037
-8.961618
-3.879132
-15.038379
-16.082308
-16.372159
-13.751982
-11.441287
-13.824688
-13.529403
-12.429849
-11.203211
-9.623013
-7.56845
-5.09163
-7.490004
-2.511947
-15.592163
-12.56259
-11.18656
-9.524037
-5.129154
-2.497809
