12.82484
13.087579
11.113873
10.503617
12.270232
0.181598
-2.295934
2.657552
9.348925
7.799333
-4.405401
-6.58771
-5.165228
-8.003121
-10.342672
-9.311964
-10.570894
-11.160417
-11.130017
-10.826882
5.528831
-6.242229
-7.954583
-9.455384
-10.891974
-10.811032
-10.316368
13.108795
12.642749
12.995454
10.829522
9.920814
10.097923
12.019849
-2.511559
-0.058622
2.348981
7.554143
9.117143
-4.642396
-5.290763
-6.819298
-8.213592
-9.507333
-10.472424
-11.130253
-10.650967
-11.013014
5.355381
-6.539692
-8.224146
-9.634542
-10.873827
-10.671324
