1.701094
0.608801
4.810713
8.102233
2.982508
15.616434
14.891188
15.717012
10.608883
12.940739
13.920036
12.692158
13.779668
11.52108
7.812327
9.93183
7.783573
5.295734
-0.040241
14.982384
14.695758
12.852243
11.512583
9.873423
5.277486
2.506684
-0.103955
-0.345673
-2.559527
-1.370201
-5.881945
-8.931524
-9.189314
-3.943134
-15.641772
-16.573943
-16.879482
-14.109795
-11.775926
-14.221435
-13.087098
-11.8043
-10.131552
-7.966413
-7.873974
-16.103002
-15.380919
-11.757408
-10.003453
-5.417708
-2.686117
