13.423583
13.623244
12.009373
11.48351
12.955447
0.508503
-2.184169
3.245848
10.348054
8.696543
-4.519336
-6.846692
-5.310149
-8.308209
-10.615696
-9.615986
-10.811156
-11.345946
-10.994673
6.311687
-3.171334
-6.507265
-8.257027
-9.726559
-11.113999
-10.95194
-10.527873
13.64878
13.165021
13.495673
11.48575
10.478556
10.785684
12.588631
-2.537758
0.067925
2.668313
8.084569
9.730917
-5.584793
-7.198616
-8.639441
-9.956845
-10.91321
-11.015231
5.78713
-3.520713
-8.583638
-10.013977
-11.280301
-11.001393
