1.614765
0.54124
4.652206
7.902068
2.86546
15.358778
14.620158
15.441753
10.37369
12.688293
13.657588
12.465166
13.521508
11.32881
7.696595
9.776349
7.682083
5.233995
2.599664
-0.035215
14.688596
14.406965
12.621452
11.327301
9.730585
5.197008
2.459452
-0.111636
-0.401196
-2.564261
-1.39664
-5.827043
-8.846973
-9.10762
-3.930573
-15.435439
-16.39478
-16.709301
-13.98451
-11.660626
-14.277866
-14.00925
-12.893299
-11.634897
-9.997611
-7.870713
-5.319993
-7.783413
-15.939258
-15.156281
-13.00315
-11.593663
-9.875894
-5.358965
-2.661592
