13.254594
13.506148
11.369452
10.526152
12.628553
0.328512
-2.203166
2.82169
9.413772
7.917307
-4.354832
-6.485322
-5.07919
-7.895178
-10.241299
-9.183752
-10.449379
-11.083193
-11.079965
-10.76268
5.696088
8.034306
-6.162647
-7.836839
-9.31583
-10.823368
-10.77393
-10.282187
13.495261
13.030547
13.39603
11.105198
10.282896
12.334252
-2.457479
0.048245
2.525999
7.827935
9.354496
-4.598977
-5.250108
-6.741433
-8.102821
-9.373314
-10.338083
-11.032255
-10.554088
-10.917956
5.59917
-3.281979
7.867487
-6.480093
-8.1411
-9.530777
-10.763464
-10.56281
