2.270385
2.656585
1.199804
1.08203
5.597489
8.944803
8.742142
15.728341
3.653092
16.793706
16.008578
16.753639
11.429589
13.766494
-0.05966
14.857747
13.463704
14.68043
12.17284
8.236954
5.682072
2.987498
0.294454
15.887228
13.638091
12.161278
10.406177
5.694821
2.864787
0.243506
0.047105
-2.404105
-1.084918
-1.377861
-2.923837
-6.002792
-9.272897
-9.42714
-3.892934
-16.163171
-17.125065
-17.277351
-14.445637
-12.073343
-14.867894
-14.535393
-13.296305
-11.906096
-10.109191
-7.84471
-5.127709
-7.736461
-2.414317
-16.41565
-13.43003
-11.886496
-9.99708
-5.20922
-2.394041
