13.950295
13.900691
14.230011
14.184733
12.110148
11.27225
11.05169
6.219106
13.346984
0.151029
-2.54725
2.865239
10.081651
8.395832
14.271916
-4.840105
-7.050277
-5.600627
-8.426131
-10.821871
-11.369832
-11.310165
-11.077843
5.996644
-6.72246
-8.387543
-9.781048
-11.101866
-10.99737
-10.573797
14.165644
13.581663
13.996561
14.086379
13.648616
11.594909
10.658436
10.787648
12.868322
-2.911455
-0.269307
2.373831
8.008783
9.733498
-5.15389
-5.814375
-7.320661
-8.66187
-9.899795
-10.823953
-11.455974
-11.033127
-11.29854
5.608084
-7.042487
-8.684713
-10.053512
-11.194409
-10.947249
