2.171212
1.111043
0.997718
5.464475
8.803358
8.586048
3.538653
16.583394
15.806697
16.5751
11.289846
13.63054
-0.127863
14.692204
13.326904
14.519792
12.060361
8.211468
10.393021
8.162551
5.620041
2.928011
0.234789
15.731092
13.499148
12.048716
10.316368
5.625695
2.805072
0.180068
-0.022246
-2.430483
-1.134606
-1.416648
-5.979626
-9.207494
-9.385145
-3.902076
-16.066023
-17.021357
-17.206229
-14.389439
-12.019481
-14.801057
-14.483429
-13.26491
-11.894737
-10.121871
-7.87486
-5.179595
-7.769264
-2.474459
-16.362006
-15.722184
-13.391885
-11.869734
-10.006198
-5.253028
-2.45114
