13.835491
14.046774
14.060875
12.086891
11.308843
11.052171
13.259831
0.254744
-2.442284
2.970802
10.136897
8.467973
14.091198
-4.74547
-6.978963
-5.51001
-8.376433
-10.586642
-9.613083
-10.801443
-11.351449
-11.284436
-11.045068
6.080175
-6.650088
-8.333531
-9.746255
-11.093244
-10.978116
-10.553043
14.050646
13.494398
13.88821
13.908472
11.576943
10.627528
10.789141
12.809933
-2.80417
-0.170318
2.463583
8.043747
9.741685
-5.059663
-5.741234
-7.271053
-8.634975
-9.89163
-10.824698
-11.440713
-11.010263
-11.277119
5.67043
-3.700066
-6.972767
-8.64075
-10.023749
-11.197392
-10.943588
