1.876389
0.75321
4.999128
8.251712
3.171799
15.804393
15.008638
15.824182
10.669151
12.994488
13.97181
12.711059
13.810059
11.551219
7.901011
9.98487
7.884096
5.434669
2.806434
0.161063
14.973802
14.73583
13.137363
12.874194
11.55102
9.935485
5.391225
2.643371
0.073402
-0.221687
-2.472815
-1.250664
-5.839961
-9.173938
-3.89168
-15.531865
-16.525982
-16.786454
-14.084675
-11.725375
-14.314827
-14.021936
-12.871458
-11.577347
-9.909508
-7.758184
-5.170867
-7.665535
-2.517532
-15.984473
-15.198186
-12.994362
-11.554102
-9.799081
-5.22034
-2.497293
