13.238879
13.470647
11.577516
10.902849
12.689507
0.38971
-2.196498
2.976196
9.777253
8.213902
-4.414892
-6.633707
-5.171366
-8.067507
-10.402423
-9.369874
-10.607541
-11.195881
-11.14841
-10.859398
5.922311
-3.126133
8.369178
-6.300767
-8.01294
-9.494129
-10.946917
-10.847014
-10.38116
13.480205
13.01143
13.358512
11.209103
10.45142
12.377368
-2.483407
0.052204
2.565906
7.890439
9.466168
-4.687665
-5.378162
-6.926398
-8.327031
-9.621988
-10.584673
-11.214809
-10.747058
-11.070645
5.642992
-3.375028
-6.61839
-8.321865
-9.73257
-10.983747
-10.751251
