13.830681
14.044651
14.060556
12.061911
11.280635
11.022064
13.250275
0.208348
-2.48188
2.918478
10.099885
8.42388
14.088457
-4.775452
-7.003206
-5.540734
-8.393849
-10.592708
-9.624792
-10.812072
-11.359294
-11.293769
-11.056608
6.031114
-6.672982
-8.352956
-9.761929
-11.096989
-10.984175
-10.558219
14.049815
13.485458
13.885055
13.903744
11.55283
10.606099
10.764941
12.796656
-2.839587
-0.209332
2.419416
8.005936
9.713061
-5.087703
-5.761214
-7.285183
-8.643825
-9.896095
-10.826658
-11.44668
-11.017938
-11.285849
5.628069
-6.993051
-8.653865
-10.033719
-11.197581
-10.946863
