2.317904
1.101904
5.775086
9.210509
3.757134
17.046897
16.297993
17.123508
11.770799
14.170928
15.201949
13.76928
15.01646
12.448517
8.454663
10.715292
8.374632
5.74955
0.18644
16.332047
16.084305
14.419343
13.95047
12.418373
10.609762
5.788292
2.892508
0.153202
0.065655
-2.43091
-1.099879
-6.08609
-9.345595
-9.549313
-3.937413
-16.466927
-17.350858
-17.554484
-14.65752
-12.249315
-14.955913
-13.714612
-12.303751
-10.470868
-8.145474
-16.714602
-16.196929
-14.882836
-12.260381
-10.335649
-5.440074
-2.561461
