14.158665
14.335802
12.621881
11.884877
13.639174
0.601546
-2.226836
3.465449
10.75927
9.073187
-4.676995
-6.999236
-5.451418
-8.445435
-10.68616
-9.703357
-10.866284
-11.403796
-11.074943
6.653741
-3.266849
9.300648
-6.679747
-8.392776
-9.804631
-11.179609
-11.018548
-10.630455
14.328048
13.795885
14.156833
11.996593
10.992013
11.219478
13.147006
-2.672432
0.050487
2.79942
8.458639
10.157395
-5.798152
-7.389702
-8.795006
-10.079171
-11.018107
6.055433
-3.676101
8.591495
-8.75384
-10.157761
-11.382881
-11.080803
