1.960113
0.944056
0.824443
5.215271
8.579535
8.327136
3.302931
16.295629
15.585783
16.366454
11.14422
13.487009
-0.255514
14.543565
13.224735
14.394115
11.960397
8.080302
10.283643
8.024333
5.456984
2.734923
0.029489
15.634383
15.367531
13.392599
11.94254
10.202154
5.481144
2.648648
-0.005778
-0.169881
-2.520958
-1.266849
-1.502563
-2.960135
-6.002167
-9.160247
-9.371245
-3.950499
-16.10216
-17.00323
-17.239663
-14.37081
-12.029038
-14.902744
-14.612583
-13.41808
-12.068788
-10.304525
-8.057194
-5.371651
-7.953632
-2.675797
-16.424862
-15.828238
-13.527735
-12.021327
-10.172744
-5.437041
-2.63829
