2.121685
0.952757
5.401127
8.734652
3.484103
16.46107
15.68277
16.477414
11.21436
13.563444
14.593349
13.243097
14.420562
11.996461
8.176042
10.345111
8.130069
5.59799
2.907056
0.208331
15.639668
13.414715
11.984362
10.270412
5.595683
2.780661
0.147901
-0.058091
-2.440501
-1.157676
-5.960593
-9.161054
-9.3585
-3.905269
-15.993358
-16.946241
-17.156257
-14.357792
-11.981779
-14.750871
-14.445376
-13.241458
-11.884448
-10.129524
-7.893904
-5.211967
-7.789736
-2.508362
-16.324718
-15.666653
-13.363004
-11.856616
-10.011614
-5.278772
-2.483504
