13.724965
13.942541
12.041544
11.298675
13.167052
0.367676
-2.322416
3.07357
10.150959
8.512089
-4.629502
-6.875011
-5.392814
-8.293153
-10.547787
-9.553767
-10.752356
-11.312536
-11.244398
-10.992735
6.14853
-6.547201
-8.244547
-9.677667
-11.064066
-10.945153
-10.514942
13.938231
13.413608
13.786839
11.552604
10.59878
10.774345
12.750178
-2.678631
-0.056246
2.564933
8.084243
9.744124
-4.940467
-5.640297
-7.187233
-8.569944
-9.843327
-10.786635
-11.394903
-10.954554
-11.228643
5.74303
-3.594333
-6.873553
-8.563632
-9.958855
-11.166334
-10.909555
