2.059175
2.436367
1.034858
0.906258
5.384209
8.789622
8.535245
3.430569
16.592148
15.898934
16.663753
11.394057
13.745222
-0.185397
14.834433
13.476585
14.68299
12.167466
8.198359
10.446487
8.127562
5.516821
2.762527
0.033281
15.949354
13.647905
12.143629
10.352431
5.564183
2.698332
0.014401
-0.103807
-2.514628
-1.234474
-1.469897
-2.963084
-6.064956
-9.265221
-3.961647
-4.693084
-16.336101
-17.212651
-17.425167
-14.500833
-12.156895
-15.126551
-14.830445
-13.610472
-12.231508
-10.423728
-8.135019
-5.404117
-8.0261
-2.686364
-16.596881
-16.068781
-13.719018
-12.180058
-10.287265
-5.478311
-2.645488
