14.208803
13.798502
14.093654
14.397612
12.705279
12.061765
11.619942
13.714684
0.340025
-2.505145
3.258787
10.864275
9.06666
14.140376
-4.959996
-7.316721
-5.764917
-8.733365
-10.875874
-9.956345
-11.083505
-11.562938
-11.429438
-11.249385
6.547544
-6.981609
-8.697856
-10.07758
-11.320241
-11.132442
-10.765034
14.399327
13.800272
14.190178
13.934939
13.507341
11.98358
10.944907
13.164499
12.866044
-2.961414
-0.222707
2.540411
8.295818
10.108138
-5.337714
-6.076341
-7.672464
-9.069497
-10.33934
-11.256575
-11.781361
-11.382947
-11.565069
5.830643
-3.957929
-7.313413
-9.023107
-10.419404
-11.586108
-11.275434
