2.41898
1.194894
5.796981
9.137122
3.832054
16.984141
16.146172
16.927046
11.562922
13.921922
14.970029
13.540851
14.769796
12.261672
8.40991
10.589016
8.359788
5.821207
3.134635
0.424649
15.984957
13.720139
12.250735
10.50924
5.815294
2.985961
0.354557
0.146236
-2.340014
-0.994244
-5.982688
-9.284047
-9.441037
-3.863599
-16.127696
-17.11689
-17.261661
-14.48008
-12.067581
-14.815631
-14.48091
-13.235071
-11.834985
-10.040518
-7.773619
-5.046699
-7.663076
-2.313624
-16.392134
-13.371817
-11.826822
-9.934939
-5.126847
-2.300553
