13.788016
14.026464
11.87007
10.953141
13.151109
0.27429
-2.368834
2.897549
9.810078
8.223859
-4.613544
-6.771695
-5.346699
-8.160202
-10.409711
-9.399115
-10.620195
-11.219969
-11.19389
-10.92001
5.918153
-6.453539
-8.10989
-9.533295
-10.958175
-10.888129
-10.435766
14.000381
13.468403
13.866253
11.470836
10.577329
10.627236
12.738176
-2.697649
-0.097794
2.496056
8.017992
9.644858
-4.899235
-5.55615
-7.043408
-8.382342
-9.626607
-10.56823
-11.239465
-10.792965
-11.101929
5.682133
-6.778873
-8.421227
-9.792164
-10.970403
-10.744269
