2.066759
0.915134
5.22925
8.472775
3.383042
16.132832
15.298591
16.072515
10.851248
13.164109
14.185667
12.877895
14.01062
11.691415
8.008046
5.560715
2.949769
0.319475
15.146116
13.044424
11.695674
10.061774
5.51614
2.768732
0.227285
-0.086894
-2.405259
-1.141287
-5.850186
-9.033301
-9.215604
-3.858088
-15.601086
-16.631606
-16.828396
-14.13496
-11.766698
-14.315177
-13.989887
-12.806228
-11.482805
-9.787032
-7.621731
-5.01192
-7.526084
-2.351418
-15.992265
-12.946736
-11.476892
-9.689347
-5.074787
-2.341817
