13.314102
13.573754
11.419671
10.604894
12.69271
0.172217
-2.368692
2.692424
9.452173
7.896174
-4.520385
-6.661401
-5.258536
-8.050766
-10.561862
-11.166618
-11.151764
-10.857658
5.622748
-6.331441
-8.002018
-9.459706
-10.895074
-10.835422
-10.354415
13.564934
13.059569
13.445178
11.106158
10.224489
10.299973
12.361467
-2.629316
-0.113015
2.374936
7.74023
9.33011
-4.772629
-5.407686
-6.894716
-8.245664
-9.503846
-10.455444
-11.140992
-10.676974
-11.023965
5.473053
-6.640772
-8.286115
-9.668041
-10.862901
-10.659734
