13.886063
13.160885
13.43568
14.058331
12.666189
12.261655
11.618166
13.488407
0.453043
-2.393258
3.407141
11.068429
9.246124
13.488377
-4.874621
-7.31952
-5.711667
-8.777823
-10.965297
-10.046618
-11.167044
-11.61376
-11.441569
-11.269005
6.694755
-3.448386
-6.970201
-8.741633
-10.15663
-11.385773
-11.150573
-10.790908
14.092639
13.529288
13.877911
13.273385
12.869802
11.900524
10.803067
12.986313
12.295632
-0.125352
2.614249
8.268411
10.078287
-6.045231
-7.711208
-9.167959
-10.482291
-11.410947
5.843929
-3.910059
-9.069722
-10.501935
-11.723606
-11.38979
