1.931739
2.312456
0.94269
5.190628
8.330161
15.386355
3.878762
3.26971
16.359215
15.690629
16.428962
11.201337
13.52945
-0.256047
14.642745
13.32246
14.507187
12.02215
8.071063
10.31014
8.005597
5.404622
2.663485
-0.038416
15.749178
13.488967
12.001625
10.222278
5.454252
2.604612
-0.051869
-1.513166
-2.976586
-6.050564
-9.220008
-4.675958
-16.258335
-17.133063
-17.351822
-14.418923
-12.104753
-15.054203
-14.756957
-13.548869
-12.186935
-10.394067
-8.125352
-5.420561
-8.020301
-2.727293
-16.530072
-15.992167
-13.658835
-12.131954
-10.257296
-5.493775
-2.68457
