14.211903
13.717265
14.003945
12.725086
11.620169
6.673276
13.166352
13.729843
0.223329
-2.625458
3.162383
10.89801
9.05292
14.049925
-5.079129
-7.450653
-5.897635
-8.854701
-10.956133
-10.06366
-11.176165
-11.630389
-11.485049
-11.323001
6.491517
-7.10826
-8.826692
-10.193873
-11.379375
-11.180101
-10.820684
13.833056
13.407356
11.964381
10.911033
12.775201
-3.083886
-0.341424
2.423925
8.214962
10.075261
-5.462781
-6.191662
-7.790112
-9.184283
-10.448629
-11.356855
-11.870342
-11.481835
-11.65086
5.725549
-4.076469
-7.432838
-9.135422
-10.528983
-11.671189
-11.357493
