1.98163
2.358055
0.975767
0.845179
5.275027
8.418629
3.935222
3.336691
16.457172
15.780454
16.53878
11.294612
13.637724
-0.230674
14.732631
13.396064
14.58982
12.092762
8.130587
10.376055
8.06149
5.453162
2.701113
-0.019114
15.850314
13.564957
12.069553
10.284165
5.502495
2.642445
-0.034436
-0.155981
-2.540637
-1.276309
-1.498094
-2.971642
-6.059565
-9.237523
-3.971153
-4.679925
-16.301314
-17.171293
-17.394242
-14.46307
-12.133217
-15.103031
-14.810578
-13.599332
-12.230664
-10.431576
-8.151969
-5.433835
-8.044945
-2.726919
-16.572915
-16.043456
-13.706087
-12.175201
-10.293096
-5.506114
-2.683686
