14.209532
13.735093
14.024459
14.396817
12.744678
11.653014
13.184264
13.730385
0.317442
-2.537541
3.256568
10.930811
9.109663
14.071498
-5.002689
-7.377082
-5.816259
-8.793877
-10.923089
-10.014945
-11.133648
-11.599118
-11.455526
-11.284884
6.567912
-7.038439
-8.761019
-10.137432
-11.355815
-11.15708
-10.795979
14.402929
13.795375
14.185845
13.860631
13.435401
11.995844
10.943525
13.170973
12.802434
-2.999709
-0.255
2.514729
8.284228
10.11755
-5.386583
-6.128615
-7.734067
-9.136236
-10.408218
-11.322586
-11.834396
-11.440406
-11.612563
5.809143
-4.005527
-7.368339
-9.082524
-10.481217
-11.64386
-11.327378
