2.208946
1.023505
5.517383
8.85244
3.586432
16.611807
15.815088
16.607375
11.315066
13.667737
14.700925
13.327677
14.51972
12.072589
8.244809
10.415954
8.197813
5.664594
2.975167
0.272688
15.738079
13.501588
12.060832
10.339874
5.660565
2.84165
0.208859
0.001764
-2.410462
-1.109354
-5.965854
-9.195173
-9.381652
-3.892705
-16.028755
-16.992653
-17.18451
-14.39264
-12.005052
-14.766557
-14.452973
-13.237311
-11.868116
-10.102459
-7.858177
-5.16353
-7.752173
-2.451078
-16.342262
-15.684234
-13.363136
-11.846119
-9.988181
-5.233934
-2.429731
