13.735844
13.959292
11.985151
11.191511
13.154981
0.346973
-2.328089
3.026662
10.046943
8.426413
-4.616204
-6.835747
-5.370181
-8.246275
-10.502557
-9.501974
-10.708226
-11.281287
-11.225987
-10.966605
6.082376
-6.510961
-8.196739
-9.628378
-11.029414
-10.925236
-10.487827
13.948745
13.424158
13.803457
11.52534
10.589722
10.727759
12.741775
-2.67541
-0.060858
2.5509
8.066479
9.713465
-4.919144
-5.607085
-7.136932
-8.507569
-9.77323
-10.716765
-11.343817
-10.900852
-11.186205
5.729286
-3.571164
-6.837244
-8.514263
-9.902921
-11.103867
-10.856306
