14.210651
14.419317
12.402099
11.495679
13.605381
0.384887
-2.383038
3.158422
10.349134
8.690007
-4.750462
-6.977046
-5.499506
-8.376625
-10.579341
-9.597919
-10.777735
-11.343153
-11.279733
-11.043145
6.308292
-6.662662
-8.328169
-9.719777
-11.09522
-10.985076
-10.574808
14.389981
13.827307
14.227519
11.859352
10.917139
11.021894
13.10462
-2.792907
-0.099336
2.611808
8.294518
9.990363
-5.083881
-5.781803
-7.302245
-8.652324
-9.897134
-10.827149
-11.446965
-11.023849
-11.273171
5.881853
-3.706401
-7.001581
-8.664507
-10.037096
-11.207169
-10.941432
