13.739057
13.959618
12.002995
11.213365
13.161949
0.374689
-2.305175
3.059203
10.073706
8.456307
-4.599865
-6.823939
-5.353844
-8.238726
-10.501347
-9.497867
-10.704327
-11.278369
-11.221595
-10.961351
6.114135
-6.499808
-8.188082
-9.621865
-11.029019
-10.922809
-10.4863
13.949619
13.429615
13.805346
11.541153
10.603125
10.744447
12.750532
-2.655441
-0.038294
2.577068
8.089506
9.731914
-4.904359
-5.597511
-7.131504
-8.5057
-9.774201
-10.719139
-11.342991
-10.899208
-11.183353
5.754587
-3.557667
-6.82762
-8.509344
-9.900084
-11.106897
-10.857093
