2.377357
1.157062
5.72956
9.050862
3.781516
16.838145
15.98601
16.791209
11.450499
13.813809
14.827567
13.415676
14.62473
12.164831
8.364711
10.518588
8.321948
5.80691
3.133813
0.427376
15.835523
13.91851
13.594045
12.155935
10.444465
5.785809
2.971699
0.345697
0.117018
-2.338747
-1.005648
-5.947056
-9.396401
-3.857151
-15.999431
-17.000078
-17.165624
-14.420744
-12.00039
-14.700437
-14.373882
-13.144024
-11.760283
-9.991402
-7.74524
-5.040494
-7.637087
-2.313538
-16.306544
-15.614262
-14.474528
-13.278774
-11.753682
-9.887272
-5.113791
-2.301892
