13.611204
13.848935
11.716178
10.814696
12.978609
0.360727
-2.249346
2.939554
9.69739
8.159655
-4.470742
-6.620292
-5.196752
-8.024821
-10.326883
-9.288776
-10.529611
-11.149749
-11.133295
-10.838255
5.897587
8.29518
-6.303619
-7.968206
-9.416685
-10.894116
-10.832177
-10.365142
13.827099
13.331696
13.710823
11.372039
10.530138
12.614481
-2.555838
0.014186
2.572454
8.005692
9.578684
-4.742426
-5.406456
-6.899188
-8.250704
-9.508797
-10.46262
-11.141335
-10.68017
-11.010248
5.716001
-3.403473
8.051798
-6.630302
-8.286598
-9.66711
-10.87805
-10.658817
