1.848401
0.737993
4.899463
8.099901
3.1141
15.637483
14.814276
15.600195
10.465135
12.761454
13.753971
12.51645
13.593745
11.382831
7.809929
9.850689
7.809611
5.405567
2.825236
0.22677
14.701135
12.676157
11.392873
9.816333
5.342067
2.633195
0.124521
-0.234177
-2.453928
-1.240353
-5.783304
-8.887808
-9.096799
-3.864531
-15.328679
-16.368637
-16.609816
-13.958121
-11.61131
-14.076089
-13.765439
-12.621291
-11.342802
-9.702608
-7.589538
-5.041563
-7.501742
-2.416461
-15.799867
-12.758139
-11.333075
-9.604957
-5.091937
-2.405515
