2.265164
1.064813
5.575998
8.889312
3.649298
16.620063
15.784103
16.599675
11.29966
13.660186
14.659247
13.279015
14.4651
12.046939
8.272046
10.415297
8.232868
5.726863
3.056577
0.355708
15.675119
15.47497
13.778309
13.454481
12.038352
10.344611
5.70275
2.898087
0.274091
0.039873
-2.372247
-1.063934
-5.929433
-9.355567
-3.869186
-15.917377
-16.909421
-17.102114
-14.361765
-11.952026
-14.644744
-14.329897
-13.118486
-11.753843
-10.005433
-7.775883
-5.092793
-7.670593
-2.37792
-16.258476
-15.553311
-14.438412
-13.247806
-11.741194
-9.897709
-5.159819
-2.362795
