13.541358
13.772331
11.729214
10.88993
12.935944
0.411207
-2.204926
3.005011
9.777264
8.234466
-4.439933
-6.615844
-5.174162
-8.034025
-10.351077
-9.311544
-10.550139
-11.162316
-11.134547
-10.841378
5.96447
-3.141058
8.379798
-6.296216
-7.976451
-9.434674
-10.912439
-10.836569
-10.372861
13.758896
13.275175
13.641494
11.370162
10.550596
12.58347
-2.514103
0.05498
2.612197
8.020939
9.591147
-4.716072
-5.395652
-6.909309
-8.27842
-9.549624
-10.507103
-11.167156
-10.704208
-11.028473
5.74163
-3.384496
8.080141
-6.62336
-8.298766
-9.689727
-10.918461
-10.691143
