13.602788
13.811488
11.952409
11.202196
13.047876
0.544162
-2.128869
3.215565
10.099293
-4.431692
-6.670832
-5.182289
-8.115057
-10.441516
-9.407533
-10.628808
-11.219403
-11.162148
-10.883755
6.221839
-3.099515
8.702603
-6.349331
-8.055772
-9.517638
-10.984489
-10.874176
-10.430616
13.808437
13.333731
13.680557
11.52104
10.733732
12.681363
-2.47319
0.130423
2.731382
9.748204
-4.732102
-5.451756
-7.008674
-8.408307
-9.699699
-10.659261
-11.273507
-10.815679
5.8712
-3.403646
8.24933
-6.683421
-8.395816
-9.803113
-11.058114
-10.80396
