1.546765
0.604088
0.487991
4.636358
7.963032
7.679336
2.809545
15.484273
14.832503
15.635308
10.562761
12.88563
-0.516451
13.903428
12.703492
13.78788
11.506664
7.72406
9.884674
7.683482
5.154118
-0.221969
15.011317
14.687829
12.85986
11.492055
9.818193
5.166854
2.375078
-0.256909
-0.452038
-2.641738
-1.478379
-1.656369
-5.933172
-8.946945
-9.212842
-3.990418
-16.661635
-16.987143
-14.136044
-11.840254
-14.415178
-13.285884
-12.006661
-10.31765
-8.135736
-16.224322
-15.574437
-11.939701
-10.175397
-5.578864
-2.840817
