13.694371
13.301009
13.873731
12.450902
12.042677
11.431979
13.287788
0.476557
-2.320672
3.367125
10.866101
9.091744
13.354403
-4.758346
-7.178269
-5.585853
-8.642131
-10.870959
-9.928451
-11.070894
-11.539621
-11.189115
6.586356
-3.355917
-6.829665
-8.601622
-10.037874
-11.311645
-11.092796
-10.714046
13.909937
13.374739
13.713042
13.147479
11.754267
10.676909
11.104583
12.833914
-0.059665
2.632123
8.19902
9.959724
-5.901971
-7.56061
-9.019934
-10.340726
-11.279106
5.818942
-3.787743
-8.928284
-10.364446
-11.605844
-11.286406
