1.647855
0.568884
4.669642
7.894484
2.894947
15.343162
14.576173
15.396402
10.324969
12.633924
13.595939
12.40298
13.453409
11.281991
7.693546
9.749023
7.687213
5.264113
2.653142
0.033346
14.598678
14.333993
12.798626
12.559284
11.285128
9.709912
5.212475
2.492203
-0.055458
-0.376475
-2.536322
-1.364405
-5.795826
-8.82442
-9.077904
-3.909705
-15.334773
-16.322503
-16.626701
-13.939566
-11.608553
-14.156878
-13.880036
-12.764986
-11.510537
-9.886339
-7.775535
-5.239088
-7.689661
-2.61801
-15.850967
-15.027543
-12.881757
-11.478692
-9.772175
-5.277921
-2.593159
