1.603631
0.531173
4.684538
7.980115
2.868668
15.472118
14.774909
15.595511
10.516965
12.84268
-0.491923
13.82928
12.625065
13.700508
11.455466
7.739306
9.864338
7.709489
5.2155
-0.122812
14.905356
14.601689
12.782518
11.445905
9.805885
5.204394
2.433682
-0.178417
-0.412272
-2.598122
-1.427918
-5.886809
-8.908055
-9.17428
-3.961151
-15.638317
-16.552871
-16.874548
-14.084506
-11.768053
-14.24608
-13.121425
-11.848794
-10.181351
-8.020541
-16.108201
-15.398738
-11.794014
-10.048204
-5.478545
-2.75373
