13.467594
13.660155
12.130732
11.664163
13.027051
0.505244
-2.217158
3.290256
10.516041
8.825179
13.291575
-4.583794
-6.946776
-5.388816
-8.412529
-10.700405
-9.718188
-10.89713
-11.408823
-11.054931
6.401114
-3.219413
-6.602988
-8.364644
-9.827742
-11.179072
-10.995713
-10.585568
13.692201
13.1962
13.525436
11.552104
10.518548
10.876004
12.639489
-2.589242
0.036065
2.659937
8.110163
9.790773
-5.676525
-7.31009
-8.76198
-10.084539
-11.036553
5.792373
-3.596796
-8.690761
-10.126212
-11.389857
-11.097068
