13.288943
13.509382
11.741971
11.150588
12.779266
0.407205
-2.219838
3.058003
10.012453
8.400975
-4.483079
-6.752062
-5.258257
-8.195109
-10.510667
-9.498244
-10.715406
-11.274478
-11.200575
-10.932351
6.060389
-3.171342
-6.413727
-8.143932
-9.619303
-11.030358
-10.901049
-10.453569
13.528311
13.048059
13.389935
11.301685
10.334519
10.576934
12.443304
-2.532016
0.029702
2.574951
7.937813
9.553611
-4.77574
-5.486691
-7.064343
-8.482796
-9.78726
-10.745682
-11.339091
-10.880942
-11.176586
5.667197
-3.460724
-6.731772
-8.454853
-9.874289
-11.127397
-10.875295
