13.988137
14.191833
12.304763
11.510801
13.425309
0.442969
-2.307462
3.210282
10.371403
8.716869
-4.671161
-6.930444
-5.432219
-8.35126
-10.589085
-9.600123
-10.784442
-11.341805
-11.265829
-11.025199
6.33563
-3.304195
-6.60941
-8.301128
-9.716776
-11.100526
-10.973771
-10.560344
14.17868
13.642304
14.019674
11.765612
10.80272
10.968297
12.964278
-2.703704
-0.033091
2.64939
8.25338
9.931438
-5.002027
-5.717917
-7.268564
-8.647581
-9.91552
-10.854209
-11.451504
-11.020444
-11.272151
5.875486
-3.642481
-6.945585
-8.637742
-10.028589
-11.231012
-10.959613
