2.184892
1.011495
5.392086
8.64403
3.523066
16.358742
15.506182
16.273074
11.009616
13.327224
14.359839
13.018816
14.174929
8.103338
5.647318
3.033088
0.395288
15.312983
13.188531
11.818182
10.167194
5.604909
2.847565
0.302149
-0.006012
-2.369347
-1.07962
-5.86716
-9.091593
-9.257558
-3.845247
-15.682446
-16.721947
-16.892558
-14.196818
-11.815489
-14.37089
-14.034589
-12.832595
-11.489799
-9.773843
-7.591524
-4.959336
-7.492864
-2.285304
-16.04124
-12.978207
-11.490131
-9.679745
-5.028133
-2.2793
