2.246066
1.05255
5.561107
8.889486
3.628636
16.648859
15.836024
16.633661
11.332221
13.687438
14.712206
13.331663
14.525297
12.081376
8.267985
10.431043
8.223231
5.698188
3.015397
0.313314
15.740069
13.506521
12.070785
10.356407
5.687736
2.872563
0.243384
0.027227
-2.391873
-1.084316
-5.955928
-9.194111
-9.378724
-3.882459
-16.002689
-16.97809
-17.165246
-14.390379
-11.993928
-14.731944
-14.415635
-13.198327
-11.827635
-10.064621
-7.823002
-5.129133
-7.716828
-2.414315
-16.319765
-15.647279
-13.326469
-11.809974
-9.953331
-5.199516
-2.395766
