13.680809
13.90839
11.893141
11.072999
13.086486
0.356116
-2.297145
3.003345
9.937748
8.344018
-4.563906
-6.763514
-5.309796
-8.173711
-10.447186
-9.434041
-10.651636
-11.239176
-11.195355
-10.924301
6.026199
-6.440873
-8.121773
-9.5605
-10.986632
-10.894719
-10.44767
13.895377
13.382035
13.759605
11.470406
10.549953
10.661492
12.691722
-2.630585
-0.031747
2.561072
8.044871
9.666913
-4.856745
-5.538444
-7.058657
-8.425293
-9.690215
-10.637668
-11.279549
-10.830211
-11.129956
5.725288
-3.512918
-6.767134
-8.439693
-9.827071
-11.033597
-10.794617
