1.648238
0.579524
4.613421
7.796536
7.593675
2.870821
15.268843
14.482023
15.256039
10.189355
12.465708
-0.465308
13.465484
12.284747
13.325939
11.172441
7.630529
9.657723
7.636589
5.245238
2.675138
0.101373
14.41581
12.438169
11.184853
9.630467
5.182562
2.49267
0.004823
-0.368862
-2.516728
-1.345002
-5.7603
-8.804632
-9.027538
-3.885426
-15.208174
-16.236227
-16.506669
-13.847952
-11.534505
-13.984622
-13.683979
-12.564884
-11.315733
-9.703378
-7.618531
-5.108121
-7.536081
-2.512002
-15.715704
-12.697454
-11.297019
-9.601584
-5.152377
-2.495939
