1.823113
0.705137
4.968844
8.254192
3.125554
15.789706
15.026959
15.863767
10.71969
13.06102
14.025731
12.768678
13.869887
11.598662
7.904058
10.014332
7.877154
5.399055
0.065438
15.071009
14.805322
13.246408
12.93217
11.591502
9.956274
5.370107
2.600013
-0.009921
-0.262607
-2.509762
-1.297005
-5.872608
-9.205282
-3.919691
-15.635397
-16.590578
-16.878527
-14.138669
-11.780708
-14.457714
-14.183042
-13.038063
-11.743752
-10.066677
-7.897497
-7.803188
-16.090524
-15.348922
-14.32204
-11.706903
-9.944937
-5.340868
-2.601253
