13.348284
13.556166
11.841338
11.24207
12.846214
0.530281
-2.121866
3.202771
10.127182
8.532572
-4.415863
-6.697744
-5.187606
-8.156818
-10.49719
-9.47109
-10.689386
-11.256429
-10.906573
6.203533
-3.089623
8.719228
-6.364278
-8.100375
-9.581583
-11.023071
-10.888725
-10.445381
13.573955
13.111325
13.440692
11.393997
10.663544
12.512015
-2.450037
0.127843
2.695114
8.056926
9.651905
-4.715668
-5.447422
-7.037653
-8.466667
-9.779793
-10.743514
-10.866756
5.791444
-3.403374
8.176672
-8.429483
-9.854908
-11.13
-10.869065
