1.647121
0.67582
0.5823
4.589384
7.755263
7.565699
2.859978
15.233168
14.437462
15.195374
10.131574
12.39579
-0.463199
13.407769
12.232476
13.269041
7.615836
5.238224
2.684723
0.128771
14.337376
12.384773
11.141374
9.596878
5.170259
2.49297
0.028407
-0.366857
-2.508598
-1.337478
-1.587395
-5.744369
-8.793527
-9.00563
-3.875463
-15.151612
-16.196088
-16.454677
-13.809451
-11.501998
-13.911098
-13.601744
-12.481971
-11.23574
-9.629463
-7.555812
-5.056654
-7.474803
-2.470356
-15.658392
-12.620537
-11.222268
-9.532572
-5.102588
-2.457819
