12.974577
13.168765
13.244685
11.188665
10.531683
10.234188
12.39878
0.065036
-2.425743
2.557275
9.351554
7.768405
13.214817
-4.535991
-6.705224
-5.296411
-10.625627
-11.204422
-11.175109
-10.886186
5.470556
-6.35947
-8.055383
-9.53192
-10.925917
-10.849075
-10.361441
13.258139
12.756242
13.132232
13.037164
10.877529
9.973661
10.132396
12.107736
-2.651386
-0.181154
2.246432
7.527043
9.132918
-4.778217
-5.407691
-6.916974
-8.289662
-9.564103
-10.51751
-11.183657
-10.716052
-11.068397
5.289447
-6.653967
-8.313765
-9.709964
-10.911343
-10.711025
