1.737153
0.645824
4.734986
7.914182
2.979319
15.377924
14.557744
15.359369
10.269642
12.562197
13.529264
12.327522
13.374921
11.224866
7.704864
9.720479
7.712754
5.332103
2.765953
0.17921
14.472867
12.484093
11.237326
9.693246
5.256862
2.567142
0.06996
-0.310125
-2.477598
-1.290474
-5.746229
-8.806669
-9.034746
-3.867832
-15.180564
-16.224489
-16.494299
-13.868997
-11.528532
-13.950498
-13.650689
-12.529206
-11.275191
-9.666229
-7.580413
-5.064473
-7.496563
-2.455159
-15.700377
-12.662535
-11.263025
-9.567943
-5.106868
-2.443235
