1.952849
0.931964
0.81594
5.205064
8.564788
8.308261
3.295679
16.257178
15.540556
16.335241
11.119133
13.4669
-0.264903
14.505913
13.190721
14.354053
11.936882
8.074402
10.269404
8.020474
5.460566
2.741171
0.03304
15.596878
15.328056
13.358705
11.91919
10.189219
5.478849
2.649969
-0.007025
-0.175754
-2.518308
-1.267407
-1.505985
-5.990316
-9.139688
-9.358923
-3.948148
-16.061425
-16.965504
-17.211446
-14.356953
-12.008916
-14.868968
-14.58329
-13.39458
-12.050419
-10.294927
-8.05337
-5.373716
-7.950335
-2.677372
-16.401089
-15.791295
-13.502606
-12.003278
-10.163208
-5.436143
-2.640194
