13.874299
13.801864
14.068597
12.386001
11.770131
11.354274
13.382396
0.425403
-2.349112
3.254948
10.605453
8.883995
13.850895
-4.747002
-7.080801
-5.54079
-8.516495
-10.737155
-9.776726
-10.937842
-11.44912
-11.334653
-11.119897
6.43545
-3.363085
-6.745954
-8.472732
-9.892657
-11.211384
-11.041001
-10.645755
14.077846
13.532939
13.89726
13.658163
11.764652
10.74744
11.036637
12.915724
-2.758224
-0.07965
2.610346
8.213054
9.942249
-5.096452
-5.836085
-7.43425
-8.846909
-10.135751
-11.071352
-11.614807
-11.192391
-11.414141
5.825152
-3.743522
-7.075992
-8.800824
-10.210207
-11.421771
-11.128033
