2.099744
1.05936
0.941698
5.373708
8.718674
8.495503
3.455261
16.491266
15.739407
16.498979
11.233621
13.568302
-0.167326
14.642107
13.293052
14.479522
12.022939
8.159695
10.349744
8.108784
5.557599
2.858695
0.168409
15.69274
13.463302
12.010178
10.272204
5.571502
2.748648
0.122134
-0.070876
-2.46163
-1.179006
-1.444037
-2.941012
-5.989294
-9.198816
-9.380163
-3.917468
-16.083935
-17.023502
-17.217498
-14.378294
-12.023899
-14.832889
-14.51968
-13.306193
-11.941475
-10.168625
-7.921812
-5.230279
-7.817106
-2.5319
-16.379509
-15.756106
-13.429859
-11.909973
-10.048755
-5.303078
-2.504472
