13.900512
14.014035
14.120598
12.208644
11.475126
11.158745
13.345885
0.234833
-2.49119
2.996198
10.288187
8.579185
14.058761
-4.822945
-7.086032
-5.60009
-8.483774
-10.668736
-9.714147
-10.886123
-11.414061
-11.329991
-11.107759
6.152365
-6.753348
-8.44469
-9.847794
-11.15633
-11.022941
-10.611437
14.114815
13.542106
13.938301
13.86787
13.439133
11.645433
10.673389
10.876471
12.870895
-2.871419
-0.217011
2.441422
8.064185
9.799172
-5.151177
-5.841107
-7.385431
-8.75575
-10.01392
-10.941295
-11.535347
-11.114016
-11.360414
5.666495
-3.786181
-7.075316
-8.749963
-10.135236
-11.300623
-11.03473
