13.773973
13.468166
13.778069
14.004226
12.10985
11.054009
6.247768
13.236395
0.107335
-2.595725
2.861211
10.23138
8.487209
13.822659
-4.903209
-7.177216
-5.69452
-8.564948
-10.724028
-9.790532
-10.955778
-11.461734
-11.369057
-11.15787
6.030193
-6.834672
-8.532937
-9.934498
-11.194442
-11.052348
-10.640808
13.418107
13.820805
13.621089
13.198576
11.532791
10.549288
12.763884
12.56769
-2.960299
-0.324413
2.308284
7.920204
9.688421
-5.228393
-5.905095
-7.453114
-8.825398
-10.083306
-11.005482
-11.591635
-11.174489
-11.418588
5.519498
-7.146004
-8.816563
-10.203079
-11.352208
-11.088956
