1.939118
0.79757
5.057003
8.275178
3.240397
15.774783
14.923315
15.775032
10.616225
13.876456
12.61139
13.697071
11.489513
7.923474
9.963403
7.919036
5.512264
2.913573
0.272168
14.847606
14.628263
13.018782
12.776265
11.494204
9.922845
5.438169
2.713696
0.157897
-0.179288
-2.421899
-1.193674
-5.78191
-9.126766
-3.85859
-15.348833
-16.383769
-16.650225
-11.636329
-14.120685
-13.827848
-12.687142
-11.40348
-9.765358
-7.639432
-5.073729
-7.548428
-15.84891
-14.989365
-14.063784
-12.814413
-11.393188
-9.664169
-5.117042
-2.407826
