1.807226
0.701129
4.87306
8.096236
3.077201
15.619792
14.820285
15.621543
10.495551
12.803033
13.786135
12.552275
13.630337
11.412169
7.808979
9.867913
7.801769
5.377909
2.774855
0.157225
14.763974
12.712137
11.417331
9.827582
5.32447
2.600299
0.063603
-0.265505
-2.480986
-1.274844
-5.805613
-8.89272
-9.11742
-3.884601
-15.398544
-16.410872
-16.672292
-13.99405
-11.648507
-14.174505
-13.877061
-12.73741
-11.459432
-9.813462
-7.688419
-5.130473
-7.599553
-2.497923
-15.872694
-15.048779
-12.865215
-11.439948
-9.707744
-5.178141
-2.480581
