13.131772
13.375758
11.429559
10.758177
12.572882
0.300935
-2.249569
2.849375
9.619952
8.059442
-4.429463
-6.629413
-5.185248
-8.052292
-10.381219
-9.351455
-10.595539
-11.185151
-11.145861
-10.853
5.774235
-6.293019
-8.000404
-9.483812
-10.927719
-10.837445
-10.362033
13.386604
12.913152
13.266848
11.089675
10.170282
10.334404
12.274927
-2.513456
-0.003172
2.477808
7.775102
9.350845
-4.690005
-5.361732
-6.897285
-8.290143
-9.580185
-10.541874
-11.18589
-10.715739
-11.052365
5.53801
-3.379677
-6.603718
-8.29469
-9.701792
-10.941989
-10.721258
