1.736689
0.640744
4.881519
8.20177
7.937575
3.030328
15.777126
15.074523
15.879817
10.747865
13.079509
-0.403684
14.092337
12.845642
13.955795
11.641198
7.865353
10.018776
7.826083
5.305588
2.613776
-0.064339
15.172881
14.883465
13.006935
11.628726
9.951997
5.307217
2.514149
-0.112682
-0.321688
-2.568761
-1.367305
-5.928774
-9.001172
-9.246453
-3.956586
-15.807654
-16.718094
-17.007586
-14.189206
-11.863387
-14.649061
-14.378068
-13.227436
-11.92644
-10.223369
-8.030947
-5.409988
-7.935419
-16.222986
-15.554288
-13.331388
-11.874675
-10.090983
-5.460464
-2.708674
