1.877592
0.753323
5.033967
8.318729
3.184744
15.898675
15.1298
15.945086
10.77981
13.113618
14.102624
12.831257
13.945
11.647584
7.938259
10.053857
7.910541
5.428992
2.77222
0.10641
15.135418
14.883357
12.995468
11.641751
9.99544
5.403321
2.631845
0.032824
-0.223331
-2.493321
-1.267535
-5.882087
-8.991536
-9.222833
-3.911771
-15.67673
-16.640601
-16.904634
-14.158265
-11.802644
-14.475115
-14.188314
-13.030718
-11.725514
-10.035685
-7.859798
-5.248233
-7.764459
-2.582925
-16.104324
-15.369228
-13.147156
-11.693362
-9.917593
-5.299786
-2.556561
