13.411556
13.629022
11.828169
11.18664
12.887271
0.429336
-2.216327
3.093186
10.053888
8.445378
-4.494399
-6.75543
-5.263526
-8.195534
-10.504513
-9.490789
-10.705768
-11.270558
-11.200129
-10.932623
6.10751
-3.1746
-6.421737
-8.14318
-9.609993
-11.02778
-10.902971
-10.459039
13.640652
13.155196
13.5022
11.381378
10.420047
10.637717
12.533704
-2.54144
0.037426
2.60476
8.00317
9.620063
-4.791542
-5.503171
-7.073212
-8.483485
-9.78135
-10.737842
-11.336556
-10.881113
-11.172926
5.718454
-3.469575
-6.744098
-8.461022
-9.87496
-11.122277
-10.868683
