1.95798
2.335494
0.956948
0.830588
5.194036
8.316538
15.327952
3.905047
3.289965
16.309742
15.607516
16.34946
11.123432
13.446237
-0.245519
14.544389
13.22743
14.401367
11.949895
8.0574
10.264717
8.0024
5.433596
2.720719
0.036054
15.618665
13.393733
11.934857
10.185308
5.464107
2.636538
0.006728
-2.523684
-1.267298
-1.498418
-2.963693
-6.009027
-9.18224
-3.94825
-4.668992
-16.121356
-17.02928
-17.241356
-14.357081
-12.033654
-14.898051
-14.593647
-13.39003
-12.035976
-10.262856
-8.016128
-5.331692
-7.913154
-2.646596
-16.415722
-15.825556
-13.507068
-11.99148
-10.134574
-5.40328
-2.610945
