14.031924
13.650755
13.950274
14.241354
12.453382
11.373017
6.496182
13.080957
13.51929
0.195364
-2.58893
3.047602
10.591682
8.802484
13.995597
-4.978073
-7.300364
-5.780395
-8.698648
-10.833037
-9.916399
-11.055549
-11.539365
-11.421169
-11.23325
6.297572
-6.960105
-8.667192
-10.050965
-11.282615
-11.112695
-10.728398
13.638717
14.039709
13.78839
13.362758
11.783448
10.766139
12.993899
12.726575
-3.006029
-0.31028
2.397512
8.105896
9.915047
-5.334468
-6.041175
-7.614493
-8.997562
-10.258719
-11.174686
-11.724795
-11.321743
-11.527133
5.659282
-3.958602
-7.280699
-8.968658
-10.358447
-11.507281
-11.217157
