14.389893
14.31521
14.558029
12.926926
12.244821
11.844788
13.899863
0.525136
-2.373502
3.491503
11.081176
9.302356
14.363191
-4.887022
-7.261457
-5.685057
-8.698607
-10.866955
-9.9306
-11.054951
-11.545756
-11.407101
-11.224302
6.794561
-3.442109
-6.93579
-8.655534
-10.03576
-11.319214
-11.124309
-10.767586
14.553784
13.972959
14.349306
14.16598
12.181416
11.134898
11.430689
13.335377
-2.864564
-0.087473
2.726436
8.512838
10.303141
-6.050202
-7.661189
-9.068428
-10.346068
-11.268399
-11.780204
-11.381268
6.040694
-3.898597
-9.010883
-10.412128
-11.604217
-11.277961
