1.931137
0.798548
5.046833
8.276398
3.227082
15.831694
15.004663
15.817351
10.651041
12.971628
13.944086
12.676552
13.774174
11.528363
7.916548
9.97849
7.906984
5.480454
2.874588
0.242717
14.916858
14.698851
13.074016
12.840297
11.532648
9.934965
5.42306
2.690333
0.142744
-0.182155
-2.438622
-1.207387
-5.812534
-9.152657
-3.868754
-15.448421
-16.472146
-16.717428
-14.052124
-11.683449
-14.206475
-13.903362
-12.750269
-11.456368
-9.797536
-7.658814
-5.081305
-7.567
-2.431576
-15.906944
-15.083194
-12.880968
-11.443535
-9.69522
-5.131789
-2.418169
