1.71969
2.073719
0.746374
0.638207
4.775702
8.028681
7.809054
2.976517
15.601568
14.861906
15.620431
10.506575
12.797731
-0.408126
13.839898
12.618062
13.704909
11.442028
7.759727
9.859897
7.741481
5.277905
2.649177
0.034351
14.845263
12.775158
11.44324
9.812327
5.255183
2.511765
-0.031872
-0.323952
-2.538929
-1.343855
-1.573966
-2.957947
-5.859685
-8.940064
-3.918959
-15.562253
-16.534702
-16.790321
-14.033348
-11.724972
-14.348957
-14.0505
-12.903285
-11.618362
-9.945988
-7.800286
-5.226658
-7.710639
-2.600715
-15.990862
-13.027495
-11.585657
-9.831365
-5.280454
-2.57457
