13.433851
13.117734
13.433497
13.669628
11.807438
11.199963
10.800488
12.907825
0.167973
-2.468637
2.844057
10.00643
8.321686
13.480512
-4.723277
-6.984959
-5.509442
-8.390603
-10.617264
-9.651398
-10.845015
-11.373006
-11.292995
-11.053592
5.919521
-6.639936
-8.3525
-9.791734
-11.109411
-10.977944
-10.542314
13.683998
13.141349
13.519763
13.287634
12.876177
11.313652
10.343087
12.512866
-2.788491
-0.210294
2.351599
7.819698
9.520136
-5.023608
-5.701882
-7.257124
-8.647642
-9.925334
-10.863607
-11.460624
-11.02256
-11.300222
5.48955
-6.947573
-8.635002
-10.035756
-11.225419
-10.976028
