1.968345
2.33876
0.954817
0.837367
5.177389
8.501935
8.276977
3.292883
16.220685
15.484165
16.238738
11.021503
13.341991
-0.247611
14.414158
13.10534
14.263452
11.857194
8.032673
10.204135
7.989079
5.455846
2.771467
0.101972
15.458891
13.271261
11.84746
10.133781
5.464569
2.660816
0.054838
-0.158842
-2.496515
-1.242559
-1.490355
-2.950912
-5.961236
-9.129184
-3.925361
-15.960625
-16.900879
-17.114714
-14.285221
-11.950311
-14.725717
-14.418263
-13.22395
-11.882087
-10.13463
-7.91356
-5.253764
-7.813114
-2.577176
-16.289433
-15.641006
-13.346211
-11.847129
-10.014072
-5.3215
-2.548081
