13.811899
13.990229
12.461904
11.931002
11.448122
13.362757
0.555285
-2.242107
3.419422
10.783337
9.060609
13.667537
-4.676099
-7.05475
-5.480371
-8.517328
-10.769385
-9.801433
-10.958914
-11.461689
6.604247
-3.275807
-6.717998
-8.469867
-9.905515
-11.237312
-11.043938
-10.656273
14.010811
13.489731
13.830273
11.812831
10.767527
11.114086
12.911364
0.022581
2.723791
8.295028
10.012478
-5.808293
-7.442624
-8.885292
-10.196672
-11.139587
5.922381
-3.694473
-8.812335
-10.239296
-11.485863
-11.175727
