14.180841
13.709992
13.999737
14.373602
12.695107
11.601108
6.689626
13.157198
13.696861
0.269602
-2.572987
3.196359
10.872471
9.047806
14.046238
-5.023487
-7.390246
-5.83739
-8.800555
-10.921806
-10.017617
-11.13719
-11.60127
-11.460404
-11.290158
6.504595
-7.049971
-8.769501
-10.144312
-11.353601
-11.1584
-10.794542
13.766452
14.161785
13.833816
13.408629
11.953425
10.905261
13.138711
12.776181
-3.027275
-0.290677
2.468277
8.234873
10.073565
-5.40338
-6.136358
-7.735535
-9.132898
-10.401243
-11.313934
-11.83124
-11.43767
-11.613489
5.759648
-4.021639
-7.376706
-9.08387
-10.479945
-11.634385
-11.322438
