13.758218
13.326017
13.626503
13.970166
12.23984
11.195965
13.265763
0.239426
-2.49898
3.043342
10.461175
8.706113
13.674127
-4.85416
-7.179289
-5.657838
-8.593611
-10.776357
-9.839805
-10.996589
-11.489659
-11.374772
-11.169732
6.231778
-6.834993
-8.558541
-9.971416
-11.236371
-11.06738
-10.667918
13.98477
13.413462
13.793951
13.470811
13.055803
11.619291
10.602926
12.797854
12.445876
-2.884652
-0.23088
2.425053
8.02497
9.791119
-5.194911
-5.90683
-7.493355
-8.895666
-10.175163
-11.102802
-11.652336
-11.234902
-11.460685
5.629906
-3.839621
-7.151901
-8.857975
-10.261522
-11.442558
-11.159184
