13.353499
13.620566
11.37146
10.490635
12.702692
0.134412
-2.392497
2.628196
9.338286
7.798443
-4.523866
-6.633563
-5.251299
-10.519309
-11.137363
-11.137237
-10.836452
5.543329
-6.307214
-7.962104
-9.414354
-10.860712
-10.818382
-10.330463
13.603293
13.092805
13.488665
11.086585
10.226302
10.255851
12.369048
-2.645239
-0.134406
2.346938
7.720292
9.301611
-4.768078
-5.387282
-6.852121
-8.186144
-9.432681
-10.382837
-11.090861
-10.625651
-10.983731
5.451554
-6.616306
-8.243317
-9.61565
-10.797713
-10.605089
