1.88371
0.772395
4.943451
8.150015
7.966564
3.151303
15.742993
14.92692
15.681951
10.528293
12.81356
-0.314385
13.843382
12.594121
13.685958
7.829938
5.413561
2.831395
0.240515
14.784265
12.753947
11.44931
9.852494
5.360169
2.645564
0.146121
-0.207715
-2.450298
-1.226097
-1.503458
-5.804867
-8.934316
-9.122568
-3.864252
-15.406698
-16.446439
-16.662447
-13.986741
-11.650435
-14.132614
-13.809646
-12.651182
-11.360216
-5.016367
-7.487905
-2.39184
-15.840232
-12.793347
-11.35224
-9.605363
-5.073716
-2.381747
