2.431924
1.037671
5.377262
8.552032
15.660558
4.031483
16.660863
16.001538
16.73573
11.459166
13.80144
-0.182802
14.93376
13.57205
14.792747
12.232372
8.201117
10.480827
8.12148
5.480642
2.707484
-0.023077
13.742678
12.205604
10.380487
5.54951
2.66687
-0.023821
-1.477119
-2.976299
-6.107665
-9.317878
-6.839617
-4.712122
-16.47625
-17.328759
-17.528496
-14.550191
-12.226354
-15.265349
-14.964937
-13.733436
-12.342884
-10.510097
-8.201192
-5.451534
-8.090641
-2.733128
-16.695097
-16.218586
-13.841195
-12.284624
-10.368787
-5.531879
-2.687518
