13.933114
14.215387
12.9545
11.824196
6.795972
13.377641
0.240821
-2.660214
3.239719
11.097512
9.220377
14.260663
-5.16116
-7.550359
-5.983225
-8.951774
-11.022902
-10.145401
-11.24007
-11.681863
-11.525141
-11.379529
-7.210755
-8.925448
-10.273035
-11.433648
-11.223112
-10.881012
14.040038
13.608419
12.135962
11.069025
11.999937
12.962526
-3.153198
-0.368678
2.449121
8.325328
10.219919
-5.563945
-6.302603
-7.90527
-9.295343
-10.553038
-11.453837
-11.953458
-11.576679
-11.721632
5.795529
-4.163824
-7.540736
-9.242407
-10.631289
-11.759674
-11.432412
