2.103908
2.486178
1.075922
0.941639
5.477829
8.653119
3.494836
16.763762
16.088866
16.852272
11.557512
13.919147
-0.153537
15.021924
13.641746
14.870501
12.304034
8.270772
10.552411
8.188411
5.544231
2.76148
0.009433
16.163806
13.815311
12.274601
10.448422
5.608917
2.71695
0.003257
-0.075653
-2.520635
-1.227649
-1.458181
-2.968139
-6.110681
-9.329015
-3.975944
-4.713299
-16.501974
-17.35306
-17.560183
-14.593519
-12.247564
-15.298397
-15.0045
-13.771395
-12.375008
-10.539382
-8.221219
-5.459166
-8.108631
-2.724744
-16.728277
-16.252574
-13.875452
-12.317351
-10.396883
-5.537279
-2.679349
