14.390866
13.929585
14.217298
14.567958
12.933649
11.827102
13.91099
0.370375
-2.528145
3.355236
11.095534
9.260881
14.264096
-5.034616
-7.421606
-5.847827
-8.840924
-10.957755
-10.054197
-11.16197
-11.623738
-11.473145
-11.311239
6.704167
-7.087233
-8.807209
-10.171502
-11.385684
-11.179743
-10.831176
14.568688
13.95261
14.345442
14.053277
13.622962
12.146284
11.085485
13.320264
12.977013
-3.019073
-0.240012
2.573288
8.402386
10.250365
-5.433269
-6.187612
-7.797545
-9.198439
-10.467421
-11.378442
-11.880431
-11.493301
-11.648528
5.901103
-4.043029
-7.423857
-9.140821
-10.537165
-11.696693
-11.369021
