2.266591
1.062595
5.654605
9.040104
3.678354
16.822446
16.044653
16.866949
11.545607
13.928479
14.94545
13.541895
14.759352
12.259909
8.35716
10.569593
8.294006
5.717486
2.982548
0.232806
16.032486
15.799068
14.130744
13.719981
12.238369
10.478633
5.731395
2.87381
0.181166
0.034663
-2.417499
-1.101939
-6.020911
-9.462982
-3.914129
-16.232458
-17.156341
-17.361779
-14.525903
-12.121057
-14.998662
-14.700055
-13.474879
-12.086899
-10.291874
-8.008229
-5.271716
-7.896933
-16.524055
-15.930523
-14.700638
-13.588483
-12.053953
-10.16653
-5.342099
-2.499563
