14.145519
13.847367
14.152602
14.350113
12.527518
11.445377
6.558795
13.615154
0.257037
-2.543523
3.114575
10.619382
8.849441
14.19743
-4.947091
-7.256943
-5.739062
-8.656931
-10.79952
-9.872245
-11.014425
-11.512321
-11.401428
-11.207937
6.361728
-6.923553
-8.621755
-10.001918
-11.259759
-11.097962
-10.714241
14.344665
13.743869
14.145446
13.996674
13.5651
11.864937
10.858096
13.080961
12.911057
-2.972034
-0.261496
2.466251
8.195468
9.988952
-5.305659
-6.016492
-7.581993
-8.95849
-10.215447
-11.132758
-11.691653
-11.287687
-11.493995
5.744108
-3.925584
-7.250715
-8.935489
-10.321135
-11.473164
-11.182636
