13.087595
13.314301
11.627177
11.155345
10.674152
12.614351
0.315467
-2.287208
2.962791
9.991001
8.344734
12.997559
-4.53082
-6.82764
-5.325556
-8.270954
-10.575215
-9.58092
-10.791854
-11.324836
-11.235541
-10.977712
5.972171
-3.229205
-6.477086
-8.225891
-9.709035
-11.07509
-10.928386
-10.481283
13.34941
12.862976
13.201096
11.169056
10.179691
10.491499
12.294542
-2.58185
-0.043992
2.468978
7.793588
9.436323
-4.821482
-5.529456
-7.12541
-8.559004
-9.873455
-10.830229
-11.40392
-10.947275
-11.23921
5.532142
-3.514879
-6.784314
-8.51727
-9.946031
-11.197502
-10.943729
