1.987283
2.367735
0.983993
0.852708
5.267542
8.410671
15.471001
3.947561
3.336697
16.449069
15.766568
16.511393
11.266335
13.600608
-0.22443
14.707102
13.372181
14.564792
12.069877
8.11825
10.356983
8.052223
5.451673
2.710348
0.002337
15.810339
13.54043
12.049135
10.268059
5.498439
2.645946
-0.014859
-2.533929
-1.268357
-1.492864
-2.969672
-6.051366
-9.235832
-3.964177
-4.683929
-16.272931
-17.154004
-17.366211
-14.441831
-12.116472
-15.060858
-14.761274
-13.547829
-12.179469
-10.382223
-8.108558
-5.396147
-8.002296
-2.695389
-16.539881
-15.999322
-13.659149
-12.127799
-10.247229
-5.470304
-2.654663
