14.195991
13.75275
14.04438
14.391954
12.679937
11.582445
6.656589
13.192844
13.702419
0.245168
-2.592785
3.16432
10.834615
9.011389
14.090225
-5.035896
-7.392662
-5.847156
-8.797519
-10.912974
-10.009722
-11.130376
-11.596948
-11.460324
-11.289343
6.470879
-7.053039
-8.767054
-10.138687
-11.346663
-11.156682
-10.791086
13.777688
14.177866
13.878179
13.451074
11.944951
10.903187
13.141263
12.813345
-3.044487
-0.309433
2.447449
8.220455
10.060522
-5.413458
-6.139797
-7.731124
-9.122057
-10.385644
-11.296965
-11.821377
-11.428311
-11.606904
5.742338
-4.029387
-7.379036
-9.078875
-10.471198
-11.618699
-11.310276
