1.873423
2.24039
0.876669
0.765442
4.985899
8.047647
14.924895
3.157157
15.907469
15.14794
15.887908
10.717244
13.010457
-0.308097
14.07806
12.81242
13.93209
11.607862
7.862686
5.384796
2.751671
0.1304
15.072411
12.973384
11.608655
9.950714
5.367888
2.610764
0.065524
-0.217935
-2.494402
-1.264873
-1.515408
-2.946174
-5.886934
-9.025179
-3.9033
-15.684892
-16.668247
-16.884109
-14.11676
-11.796066
-14.433619
-14.117849
-12.943923
-11.631664
-9.929016
-7.759246
-5.154705
-7.665589
-2.51273
-16.062352
-13.076049
-11.607097
-9.819294
-5.217908
-2.491226
