2.518582
1.39969
1.2686
6.09392
9.590582
9.330505
4.007387
17.585923
16.852659
17.644381
12.201983
14.612431
0.094967
15.703685
14.199015
15.511578
12.802979
8.668213
10.998268
8.565502
5.874208
3.050711
0.232151
16.860854
16.626022
14.38643
12.764677
10.873484
5.948189
3.001037
0.222816
0.201367
-2.404
-1.022373
-1.312132
-6.185113
-9.528646
-9.697305
-3.946139
-16.843926
-17.699128
-17.850548
-14.870755
-12.456414
-15.59283
-15.283666
-13.995039
-12.531236
-10.624571
-8.231939
-5.376267
-8.106483
-2.573029
-16.98159
-16.568339
-14.102964
-12.486024
-10.485266
-5.467763
-2.534014
