14.58361
14.678783
14.755725
12.990995
12.185499
11.891013
14.047637
0.505532
-2.4034
3.464631
11.026086
9.262297
14.724097
-4.915829
-7.251149
-5.697057
-8.671945
-10.822937
-9.883219
-11.010041
-11.518655
-11.397603
-11.2109
6.771795
-3.469998
-6.934184
-8.627801
-9.990749
-11.288072
-11.114625
-10.756418
14.734488
14.139498
14.533406
14.533009
12.261447
11.241726
11.464903
13.456489
-2.903373
-0.109546
2.726096
8.56863
10.356471
-5.307614
-6.061972
-7.641986
-9.02216
-10.279622
-11.197272
-11.736576
-11.340829
-11.51436
6.07487
-3.911885
-7.284774
-8.987568
-10.37228
-11.542323
-11.224142
