13.513935
13.746904
11.782856
11.045153
12.943604
0.295386
-2.333976
2.931185
9.893991
8.282826
-4.580866
-6.796224
-5.338991
-8.207337
-10.478719
-9.474837
-10.691209
-11.263726
-11.21153
-10.944599
5.949263
-6.46519
-8.159049
-9.606143
-11.007244
-10.905585
-10.456095
13.745386
13.231664
13.605215
11.357495
10.424493
10.580728
12.566831
-2.650664
-0.073938
2.489681
7.934656
9.568526
-4.869469
-5.548058
-7.079893
-8.45736
-9.730092
-10.677754
-11.308694
-10.858412
-11.159469
5.627673
-3.533443
-6.783628
-8.463152
-9.857535
-11.065633
-10.827547
