2.029178
0.884462
5.202321
8.468171
8.266648
3.34678
16.135827
15.329609
16.102291
10.886234
13.20259
-0.224453
14.233437
12.928161
14.065432
11.727375
8.019889
10.128515
7.9963
5.526065
2.894231
0.251865
15.219387
13.094379
11.727545
10.073882
5.495496
2.732911
0.17171
-0.11425
-2.433495
-1.174794
-5.878835
-9.052708
-9.240918
-3.878077
-15.691765
-16.695851
-16.901891
-14.172345
-11.812832
-14.424426
-14.106343
-12.922184
-11.595802
-9.888299
-7.709001
-5.087226
-7.612238
-2.422497
-16.071094
-13.056515
-11.581017
-9.783641
-5.150355
-2.407006
