13.111034
13.375041
11.280096
10.549475
12.514685
0.141035
-2.369915
2.640548
9.388796
7.82848
13.454954
-4.498305
-6.653462
-5.246518
-8.048581
-10.577126
-11.172568
-11.151636
-10.856171
5.550898
-6.315922
-8.001567
-9.473902
-10.899305
-10.831756
-10.345042
13.378461
12.882664
13.259031
10.976959
10.085096
10.202381
12.213048
-2.609647
-0.121308
2.330683
7.63629
9.223441
-4.743423
-5.37841
-6.878929
-8.244194
-9.513917
-10.469001
-11.145079
-10.676402
-11.029505
5.392992
-6.61839
-8.274916
-9.6664
-10.872066
-10.67092
