2.205924
2.593553
1.158736
1.02424
5.620412
8.811265
3.616747
16.959068
16.26827
17.028545
11.697525
14.064915
-0.089997
15.174272
13.765105
15.013932
12.412531
8.358439
10.649051
8.272676
5.620559
2.833785
0.073339
16.311646
13.941554
12.382363
10.541614
5.68694
2.785623
0.066138
-0.006151
-2.489828
-1.17475
-1.420299
-2.959176
-6.125525
-9.378391
-3.965394
-4.736903
-16.573167
-17.430951
-17.617416
-14.64916
-12.290614
-15.349562
-15.047359
-13.799015
-12.386097
-10.533362
-8.200057
-5.41821
-8.08478
-2.671102
-16.773268
-16.308174
-13.9068
-12.333444
-10.393557
-5.501001
-2.62856
