14.439758
14.053133
14.346263
14.620872
12.919447
11.808622
13.93811
0.352882
-2.540303
3.323112
11.0306
9.207695
14.391891
-5.036774
-7.402029
-5.841735
-8.813521
-10.926444
-10.019347
-11.131289
-11.603102
-11.462771
-11.296418
6.663951
-7.070994
-8.77925
-10.138658
-11.362221
-11.168384
-10.815964
14.614715
13.994896
14.395017
14.184313
13.749226
12.149753
11.103961
13.342843
13.089397
-3.028705
-0.249845
2.563521
8.403999
10.245839
-5.431084
-6.17567
-7.769972
-9.158569
-10.418968
-11.328868
-11.84639
-11.458841
-11.620616
5.899434
-4.036647
-7.408445
-9.112694
-10.501921
-11.652653
-11.331447
