2.288272
1.210072
1.080251
5.78012
9.26333
8.981363
3.735886
17.152015
16.456283
17.263745
11.903043
14.305968
-0.0505
15.374406
13.933659
15.201544
12.571353
8.479388
10.79207
8.382858
5.705984
0.079423
16.549206
16.278801
14.115027
12.533401
10.673535
5.77685
2.846906
0.072773
0.043271
-2.475599
-1.144055
-1.399389
-6.155055
-9.41746
-9.619431
-3.972949
-17.530789
-17.734865
-14.756754
-12.367246
-15.21096
-13.958014
-12.531362
-10.66276
-8.301308
-16.896247
-16.463709
-12.473083
-10.515648
-5.567038
-2.662264
