2.10682
0.949238
5.278315
8.520621
3.427691
16.204153
15.362475
16.127392
10.891934
13.202235
14.23363
12.915737
14.055921
8.034581
5.586952
2.979054
0.3516
15.185934
13.082995
11.728115
10.089594
5.542584
2.794765
0.258815
-0.05856
-2.39153
-1.118664
-5.853337
-9.052886
-9.225476
-3.851463
-15.61906
-16.656594
-16.839913
-14.147121
-11.777175
-14.318859
-13.986801
-12.795943
-11.466071
-9.763866
-7.595071
-4.979985
-7.498737
-2.317772
-15.996566
-12.940055
-11.46362
-9.66871
-5.045756
-2.310282
