13.334412
13.599689
11.392248
10.548601
12.698326
0.126249
-2.406474
2.63431
9.389771
7.834011
-4.545397
-6.67092
-5.280013
-10.554958
-11.162521
-11.154008
-10.859426
5.563129
-6.341544
-8.003484
-9.455746
-10.886273
-10.834544
-10.35088
13.58702
13.07331
13.467192
11.088341
10.216346
10.27225
12.361887
-2.662439
-0.149177
2.334609
7.71058
9.304713
-4.793888
-5.41759
-6.892108
-8.232679
-9.483061
-10.432099
-11.128645
-10.665773
-11.016916
5.438166
-6.649189
-8.282426
-9.658279
-10.840915
-10.643473
