13.581439
13.820177
11.747693
10.92033
12.974692
0.286667
-2.331523
2.893513
9.777666
8.19433
-4.560888
-6.738738
-5.303567
-8.139725
-10.413088
-9.398461
-10.624606
-11.217717
-11.184171
-10.906524
5.889639
-6.41408
-8.089232
-9.531529
-10.958059
-10.877888
-10.420265
13.807192
13.293113
13.675828
11.359144
10.452846
10.548077
12.596333
-2.642441
-0.068391
2.492803
7.946248
9.560963
-4.840855
-5.505284
-7.011891
-8.370603
-9.630988
-10.5787
-11.236617
-10.783528
-11.098107
5.639816
-3.49987
-6.734815
-8.395507
-9.779312
-10.978212
-10.751395
