2.509235
1.392695
1.264922
6.041189
9.502956
9.262212
3.980873
17.484595
16.728983
17.506215
12.075035
14.469012
0.089268
15.564378
14.072958
15.371339
12.696333
8.616417
10.916147
8.524952
5.86526
3.073671
0.283847
16.685183
14.258505
12.664714
10.801298
5.924094
3.002752
0.263039
0.198959
-2.3871
-1.009759
-1.30857
-6.145263
-9.488612
-9.646414
-3.926268
-16.703739
-17.590858
-17.730847
-14.789064
-12.379102
-15.429681
-15.10962
-13.825566
-12.372023
-10.484793
-8.117643
-5.287673
-7.995254
-2.501282
-16.856937
-16.39507
-13.942437
-12.336357
-10.354187
-5.379183
-2.468803
