13.37393
13.646167
13.632997
11.530389
10.774476
10.533522
5.899718
12.775033
0.084988
-2.481459
2.653211
9.590862
7.97476
13.689937
-4.655066
-6.827255
-5.410908
-10.68378
-11.25632
-11.22133
-10.951613
5.64529
-6.490142
-8.167455
-9.609333
-10.979975
-10.899579
-10.434136
13.630117
13.094294
13.489606
13.510985
11.151479
10.243834
10.371522
12.409651
-2.758238
-0.2228
2.286681
7.709229
9.357528
-4.921997
-5.557266
-7.056199
-8.409598
-9.664985
-10.606447
-11.268618
-10.81795
-11.14092
5.407302
-6.794675
-8.44013
-9.821658
-10.994383
-10.780056
