2.375847
1.162649
5.679334
8.962221
3.759945
16.753515
15.879015
16.655334
11.321923
13.661501
14.694488
13.294635
14.492085
8.279138
5.796224
3.159581
0.489846
15.658
13.470753
12.057457
10.370833
5.761483
2.975457
0.398018
0.121533
-2.319118
-0.987788
-5.908707
-9.19276
-9.345904
-3.83448
-15.864517
-16.90178
-17.045054
-14.334818
-11.924269
-14.531306
-14.18762
-12.958095
-11.582065
-9.829113
-7.608686
-4.929666
-7.50373
-2.223049
-16.175937
-13.10515
-11.586998
-9.735601
-5.005525
-2.219189
