13.499267
13.761675
11.466601
10.512592
12.82704
0.188149
-2.359338
2.691294
9.37447
7.850578
-4.50775
-6.603145
-5.224229
-10.483204
-11.11481
-11.12231
-10.817635
5.60991
-6.284236
-7.92761
-9.37265
-10.841616
-10.808137
-10.322156
13.734224
13.224327
13.623682
11.184849
10.335949
10.325555
12.477959
-2.626534
-0.096567
2.410084
7.816928
9.387273
-4.755473
-5.377288
-6.831686
-8.156089
-9.395736
-10.345796
-11.063778
-10.599257
-10.956496
5.537484
-6.600221
-8.221007
-9.587146
-10.767958
-10.57473
