1.699546
0.616262
4.706174
7.907512
2.941789
15.385812
14.595396
15.390101
10.304683
12.598036
13.580781
12.381472
13.4345
11.261952
7.698255
9.737612
7.698668
5.294085
2.707672
0.111366
14.548218
12.537539
11.270594
9.704611
5.234223
2.529437
0.015366
-0.336977
-2.506664
-1.324331
-5.776963
-8.83055
-9.061315
-3.887963
-15.27782
-16.295582
-16.571115
-13.906338
-11.577364
-14.063163
-13.768609
-12.645077
-11.38709
-9.764515
-7.664142
-5.135749
-7.579189
-2.523454
-15.780954
-14.929515
-12.773158
-11.366278
-9.659583
-5.179377
-2.505766
