13.853522
14.057314
12.217561
11.472922
13.307131
0.461658
-2.270738
3.213756
10.337418
8.69144
-4.622843
-6.891157
-5.387867
-8.320813
-10.578769
-9.583712
-10.773581
-11.330401
-11.251927
-11.006234
6.317085
-3.262882
-6.566908
-8.269682
-9.698902
-11.091103
-10.960241
-10.541885
14.051665
13.52998
13.896707
11.692124
10.724025
10.912162
12.871402
-2.654249
-0.001622
2.658412
8.213442
9.877304
-4.948622
-5.66942
-7.230979
-8.622183
-9.90058
-10.844234
-11.435668
-10.99901
-11.25678
5.857746
-3.599035
-6.900834
-8.604602
-10.003586
-11.221565
-10.950853
