13.902351
13.155349
13.428161
14.07093
12.706777
12.314386
11.658321
13.512175
0.474543
-2.381918
3.441995
11.122727
9.295436
13.48128
-4.874958
-7.329756
-5.714447
-8.791985
-10.980261
-10.062651
-11.180044
-11.623355
-11.446491
-11.276505
6.738129
-3.442935
-6.980311
-8.755526
-10.170552
-11.397772
-11.157157
-10.800992
14.106576
13.544153
13.890012
13.265563
12.862709
11.928781
10.824715
13.006707
-0.113877
2.633933
8.293757
10.106727
-6.05616
-7.728727
-9.189941
-10.50713
-11.43594
5.866502
-3.914672
-9.08668
-10.521212
-11.746589
-11.408349
