1.979377
2.349337
0.965539
0.841501
5.253277
8.632435
8.379346
3.328833
16.379519
15.68096
16.451769
11.217054
13.560137
-0.238832
14.633188
13.304413
14.485493
12.02309
8.108693
10.3294
8.047296
5.463193
2.729295
0.017697
15.73355
13.472949
12.003145
10.24356
5.497425
2.653365
-0.009824
-0.156961
-2.525323
-1.264828
-1.496662
-2.963706
-6.026144
-9.195978
-3.95731
-16.187368
-17.077274
-17.305714
-14.412213
-12.074114
-14.985696
-14.693432
-13.490601
-12.13192
-10.352132
-8.090687
-5.390419
-7.985508
-2.689159
-16.486825
-15.917494
-13.5997
-12.081966
-10.218125
-5.45912
-2.649784
