14.053692
13.641006
13.938806
14.247294
12.556296
11.934688
11.490361
13.562143
0.343819
-2.46793
3.224382
10.743564
8.9693
13.986296
-4.894022
-7.242059
-5.696902
-8.663252
-10.83046
-9.899142
-11.03859
-11.526667
-11.39974
-11.208032
6.47255
-6.90519
-8.626001
-10.020759
-11.283542
-11.101833
-10.723083
14.253438
13.67156
14.053516
13.783813
13.360843
11.872756
10.841433
13.044978
-2.901918
-0.191016
2.53761
8.23154
10.017868
-5.259515
-5.994686
-7.590943
-8.993397
-10.269851
-11.193067
-11.72494
-11.317955
-11.515805
5.795831
-3.890244
-7.234026
-8.947571
-10.348622
-11.528571
-11.225768
