1.943037
0.924419
0.806193
5.212942
8.590911
8.323241
3.292131
16.286738
15.585549
16.386922
11.16958
13.524823
-0.270499
14.562685
13.244327
14.413
11.980964
8.089743
10.300861
8.029977
5.453206
2.71675
-0.005396
15.674118
15.394199
13.412868
11.959729
10.215646
5.480175
2.638261
-0.038484
-0.184483
-2.532585
-1.282382
-1.513369
-6.011128
-9.156306
-9.382368
-3.960875
-16.131591
-17.016906
-17.271121
-14.394467
-12.046746
-14.67489
-13.485352
-12.137548
-10.373073
-8.119297
-5.428011
-8.014946
-16.464818
-15.88142
-12.0844
-10.236196
-5.490062
-2.683303
