13.950738
13.81395
14.134431
12.52521
11.93735
11.487755
13.478144
0.478715
-2.32978
3.351984
10.774785
9.034247
13.863905
-4.764527
-7.126478
-5.565436
-8.571242
-10.787846
-9.833312
-10.983514
-11.483488
-11.3551
-11.149991
6.564442
-3.361998
-6.791539
-8.527299
-9.943793
-11.251989
-11.065852
-10.682407
14.146324
13.599583
13.958608
13.668408
11.86246
10.826024
11.144952
12.995027
-2.760428
-0.058736
2.660327
8.291924
10.035813
-5.884732
-7.500208
-8.923347
-10.218146
-11.152677
-11.675477
-11.257881
5.889879
-3.772628
-8.863907
-10.278293
-11.496232
-11.189115
