1.988021
2.366952
0.984984
0.84933
5.313732
8.474364
3.948394
3.354798
16.549671
15.895511
16.654758
11.399841
13.751374
-0.223274
14.855489
13.508028
14.715628
12.183449
8.168636
10.442341
8.089831
5.452898
2.675237
-0.064099
16.000582
15.713446
13.678068
12.155152
10.34226
5.517731
2.63626
-0.067298
-2.556988
-1.288401
-1.500469
-2.979426
-6.09714
-9.279541
-3.988352
-4.690192
-16.43172
-17.275216
-17.501055
-14.531113
-12.203226
-15.246774
-14.95973
-13.741748
-12.362633
-10.543626
-8.241619
-5.501104
-8.132071
-2.782643
-16.680933
-16.196816
-13.842758
-12.299495
-10.398426
-5.575244
-2.734108
