14.360897
13.812231
14.092791
14.535374
12.963873
11.854743
13.273699
13.903287
0.357291
-2.549735
3.363477
11.172295
9.313535
14.140393
-5.067337
-7.478185
-5.891441
-8.901069
-11.009293
-10.116511
-11.215924
-11.661793
-11.498543
-11.346009
6.732966
-3.618388
-7.139188
-8.86983
-10.234174
-11.424284
-11.204162
-10.861965
13.922118
14.311993
13.923624
13.497665
12.147892
11.069418
13.308466
12.865486
-3.04535
-0.262832
2.553879
8.386672
10.254069
-5.472373
-6.233391
-7.857911
-9.268685
-10.54347
-11.452793
-11.937482
-11.55387
-11.69869
5.879922
-4.083417
-7.473558
-9.199876
-10.601537
-11.761862
-11.426981
