1.594837
0.531972
4.529493
7.69249
2.806295
15.098457
14.298717
15.098389
10.059567
12.339934
13.303386
12.143406
13.162046
11.061843
7.575188
9.575535
7.589139
5.222772
2.666814
0.097363
14.247209
12.295598
11.076397
9.554416
5.144285
2.470932
-0.011018
-0.406166
-2.518651
-1.362264
-5.722142
-8.736654
-8.977883
-3.879953
-15.069
-16.108016
-16.402178
-13.781405
-11.461047
-13.8612
-13.569949
-12.468934
-11.238328
-9.654092
-7.592092
-5.106486
-7.512368
-2.517869
-15.623322
-14.71289
-12.59899
-11.220657
-9.553464
-5.143164
-2.502946
