12.827335
13.084291
11.138553
10.527903
12.277146
0.248128
-2.236434
2.728308
9.386891
7.850872
-4.356815
-6.544228
-5.114356
-7.969039
-10.326571
-9.286263
-10.548174
-11.143685
-11.11285
-10.805079
5.590913
-6.201041
-7.917344
-9.42411
-10.880905
-10.79851
-10.30387
13.105696
12.652343
12.996879
10.857828
9.947579
10.124324
12.033982
-2.456354
-7e-05
2.412742
7.60568
9.152525
-4.595273
-5.254057
-6.789251
-8.190154
-9.489739
-10.458803
-11.113184
-10.630726
-10.993145
5.415272
-3.302316
-6.502255
-8.195945
-9.610408
-10.863939
-10.658251
