1.71839
0.740748
0.638747
4.735396
7.951912
7.74857
2.961279
15.497831
14.728733
15.484432
10.381635
12.661741
-0.412856
13.694211
12.484319
13.555111
11.333808
7.716482
9.781547
7.710368
5.282528
2.686395
0.096041
14.663845
12.640095
11.341535
9.744222
5.240474
2.523809
0.014576
-0.321768
-2.516184
-1.32494
-1.568235
-5.813227
-8.890862
-3.896321
-15.402179
-16.408966
-16.658612
-13.950189
-11.63915
-14.169703
-13.863285
-12.723254
-11.450302
-9.801736
-7.683478
-5.136974
-7.596877
-2.525238
-15.856391
-12.855285
-11.427792
-9.69596
-5.188956
-2.506087
