13.527126
13.729671
12.066074
11.503661
13.04453
0.458159
-2.245304
3.206027
10.357548
8.69125
-4.584237
-6.902659
-5.373533
-8.352382
-10.634208
-9.644762
-10.833682
-11.365155
-11.264089
-11.022392
6.294532
-3.233017
-6.564381
-8.303744
-9.759443
-11.128675
-10.970099
-10.550133
13.749456
13.247248
13.590486
11.528694
10.525767
10.81679
12.653835
-2.606816
0.011382
2.626811
8.088197
9.754966
-4.907554
-5.644034
-7.246283
-8.674384
-9.98068
-10.930978
-11.487436
-11.045011
5.768672
-3.57947
-6.889048
-8.626783
-10.048762
-11.295345
-11.017314
