1.543487
0.490351
4.458451
7.617919
2.745196
15.001937
14.21072
15.012093
9.99134
12.269045
13.229279
12.08368
13.092492
11.009168
7.531858
9.52831
7.547302
5.184292
2.629757
0.064057
14.176046
13.926819
12.234446
11.023969
9.508739
5.105288
2.436154
-0.043545
-0.441212
-2.534569
-1.389244
-5.715489
-8.712632
-8.96021
-3.885677
-15.035988
-16.071001
-16.37572
-13.754904
-11.440901
-13.838664
-13.551766
-12.458313
-11.235827
-9.659795
-7.604926
-5.128799
-7.526501
-2.546296
-15.603099
-14.68833
-12.586337
-11.215447
-9.557645
-5.163142
-2.529806
