12.805885
13.060484
11.150692
10.567285
12.267223
0.258312
-2.230134
2.747394
9.425304
7.882608
-4.356799
-6.55605
-5.118733
-7.985023
-10.3442
-9.305953
-10.565352
-11.15539
-11.118925
-10.813769
5.615305
-3.115915
-6.211181
-7.933623
-9.442642
-10.894206
-10.805204
-10.312927
13.085415
12.633751
12.974526
10.859578
9.941146
10.136283
12.025638
-2.452092
0.00514
2.418978
7.607448
9.158034
-4.597927
-5.262139
-6.805711
-8.213076
-9.51711
-10.486658
-11.132558
-10.650516
-11.009024
5.41807
-3.306948
-6.512099
-8.212557
-9.630718
-10.888751
-10.679365
