1.873478
0.754804
5.016487
8.296261
8.067031
3.173269
15.900199
15.135909
15.92769
10.761283
13.082602
-0.322404
14.096558
12.827319
13.943019
11.636449
7.921222
10.038416
7.894387
5.412757
2.762214
0.109662
15.118832
12.990481
11.632457
9.981526
5.390583
2.622798
0.039467
-0.223666
-2.495449
-1.268948
-5.885088
-9.002746
-9.22071
-3.910321
-15.683821
-16.65224
-16.901932
-14.147028
-11.802862
-14.467917
-14.172554
-13.009952
-11.702503
-10.008149
-7.833494
-5.223591
-7.738636
-2.565404
-16.095327
-15.362937
-13.130906
-11.672183
-9.892256
-5.278753
-2.540205
