13.461
13.686553
11.832579
11.177729
10.846276
12.926052
0.322698
-2.321341
2.989394
10.022144
8.387262
13.600877
-4.58972
-6.842405
-5.361843
-8.265489
-10.538671
-9.542853
-10.750117
-11.30445
-11.234163
-10.976707
6.02818
-6.506151
-8.218468
-9.670856
-11.052632
-10.929945
-10.488835
13.695598
13.184812
13.547872
11.371214
10.412172
10.625738
12.550775
-2.646121
-0.064138
2.505468
7.942822
9.591664
-4.88765
-5.582812
-7.140311
-8.537001
-9.822631
-10.771022
-11.375127
-10.927106
-11.21455
5.635878
-3.556622
-6.823707
-8.523391
-9.928608
-11.148661
-10.898547
