2.119147
1.07181
0.949458
5.47224
8.878829
8.619723
3.506595
16.669806
15.954939
16.745498
11.460304
13.826731
-0.157218
14.887141
13.514061
14.724911
12.212025
8.255299
10.497408
8.184702
5.578887
2.823281
0.079849
16.003082
15.74195
13.687866
12.18725
10.402271
5.618035
2.749529
0.052452
-0.065121
-2.489539
-1.199232
-1.449757
-6.057537
-9.266008
-9.469247
-3.951868
-16.325313
-17.208831
-17.425789
-14.523233
-12.158055
-15.117108
-14.824716
-13.604307
-12.222121
-10.416565
-8.125178
-5.388478
-8.015002
-2.658939
-16.597695
-16.057631
-13.711466
-12.173799
-10.281191
-5.460422
-2.620004
