2.092871
0.9238
5.409105
8.780465
3.468827
16.499078
15.751545
16.569748
11.308534
13.677225
14.693723
13.339303
14.524547
12.078116
8.204649
10.404465
8.146945
5.581878
2.854512
0.123009
15.786009
15.530707
13.51217
12.058213
10.319395
5.595377
2.753634
0.075285
-0.082854
-2.471553
-1.192772
-5.999563
-9.184518
-9.402538
-3.93255
-16.123758
-17.036351
-17.271151
-14.431908
-12.053091
-14.918985
-14.631347
-13.429469
-12.067833
-10.298569
-8.039506
-5.335616
-7.932779
-16.451675
-15.844364
-13.538197
-12.026642
-10.169099
-5.399666
-2.58228
