1.879775
0.76168
4.990417
8.23826
3.168212
15.823625
15.0325
15.819738
10.660244
12.971286
13.979108
12.718368
13.821578
11.548338
7.888413
9.975433
7.872095
5.421393
2.79979
0.169218
14.968695
12.880503
11.550183
9.92744
5.382556
2.637954
0.085754
-0.216477
-2.473197
-1.248339
-5.845448
-8.963945
-9.175224
-3.889429
-15.548514
-16.548098
-16.789841
-14.077006
-11.730414
-14.313057
-14.009378
-12.851571
-11.553255
-9.878262
-7.726771
-5.139427
-7.634433
-2.493361
-15.979381
-15.198037
-12.980058
-11.532454
-9.77055
-5.193622
-2.474642
