13.304722
13.546227
11.5858
10.89152
12.741277
0.2617
-2.323126
2.851684
9.738712
8.144092
-4.530136
-6.737931
-5.289727
-8.150893
-10.442343
-9.431188
-10.659609
-11.235893
-11.189042
-10.912019
5.827469
-6.402195
-8.102683
-9.566021
-10.976016
-10.879212
-10.416778
13.552176
13.052595
13.419426
11.200126
10.272725
10.438912
12.402175
-2.61007
-0.070036
2.447276
7.820434
9.434474
-4.803904
-5.474311
-7.006674
-8.390262
-9.669971
-10.622796
-11.260102
-10.801378
-11.119754
5.545576
-3.479957
-6.71423
-8.396325
-9.7961
-11.013965
-10.785795
