12.920443
13.176668
11.204756
10.563801
12.36079
0.238921
-2.259668
2.731977
9.420259
7.877225
-4.390029
-6.57341
-5.145485
-7.992977
-10.336914
-9.301079
-10.558593
-11.153633
-11.123485
-10.819722
5.611221
-6.232296
-7.941952
-9.439563
-10.889929
-10.809158
-10.318541
13.193351
12.730157
13.081361
10.91222
10.004077
10.168115
12.099912
-2.489329
-0.019756
2.409649
7.636649
9.193919
-4.632733
-5.289395
-6.818576
-8.212169
-9.505274
-10.470985
-11.127821
-10.649377
-11.006665
5.430699
-6.535206
-8.222154
-9.631605
-10.875273
-10.668256
