14.217175
13.854305
14.151834
12.612915
11.507951
6.548977
13.274335
13.695838
0.173107
-2.646178
3.064234
10.705183
8.889424
14.195857
-5.063192
-7.38933
-5.86645
-8.778749
-10.880622
-9.97851
-11.104112
-11.579167
-11.455951
-11.281154
-7.051314
-8.749798
-10.114273
-11.321069
-11.147301
-10.774922
13.791233
13.985295
13.553252
11.903157
10.881248
12.901675
-3.086917
-0.36058
2.385005
8.167814
10.008302
-5.432084
-6.1383
-7.706561
-9.07937
-10.329919
-11.238055
-11.784379
-11.391566
-11.580614
5.685486
-4.042701
-7.374646
-9.053466
-10.435444
-11.564369
-11.267493
