1.802953
2.16509
0.815169
0.71207
4.827374
7.850662
14.635878
3.050935
15.625824
14.834658
15.565994
10.435287
12.704928
-0.355878
13.760813
7.756624
5.336668
2.75601
0.180071
14.702516
12.689357
11.384849
9.784812
2.580637
0.094331
-0.260732
-2.481801
-1.272321
-1.531549
-2.937441
-5.809432
-8.923095
-15.730755
-3.876477
-15.403707
-16.43455
-16.651266
-13.95421
-11.641091
-14.133404
-13.809002
-12.654351
-11.370049
-5.042634
-7.506371
-2.431975
-15.831774
-12.796805
-11.357722
-9.614723
-2.419227
