1.917188
0.786887
5.0813
8.363473
3.228567
15.96432
15.186621
15.99393
10.815208
13.146551
14.143737
12.86283
13.98313
11.674456
7.96334
10.078561
7.936022
5.455755
2.80315
0.140638
15.16739
14.924675
13.027747
11.669645
10.020461
5.429284
2.65842
0.065647
-0.195301
-2.4787
-1.24435
-5.883017
-9.008181
-9.230253
-3.90431
-15.687086
-16.659183
-16.910303
-14.167078
-11.809181
-14.471169
-14.177721
-13.013565
-11.702631
-10.00771
-7.829534
-5.213893
-7.733631
-2.547214
-16.103037
-15.365818
-13.133702
-11.67426
-9.892403
-5.26807
-2.523187
