13.421246
13.644651
11.788686
11.117575
12.881649
0.386121
-2.24862
3.034099
9.980017
8.374957
-4.511547
-6.755551
-5.276454
-8.18674
-10.487488
-9.474858
-10.692465
-11.261575
-11.198516
-10.929106
6.042668
-3.198865
-6.422567
-8.135387
-9.598103
-11.014199
-10.898341
-10.450608
13.652484
13.160578
13.515133
11.355759
10.405373
10.601713
12.525812
-2.567281
0.006352
2.566866
7.970707
9.588564
-4.803765
-5.503789
-7.060903
-8.460987
-9.751483
-10.706063
-11.316955
-10.861757
-11.159385
5.683495
-3.478814
-6.743217
-8.448201
-9.856324
-11.092813
-10.845764
