13.607978
13.814023
12.009142
11.306773
13.072598
0.521855
-2.165298
3.220723
10.191351
8.589932
-4.483136
-6.745616
-5.244622
-8.190862
-10.501477
-9.481399
-10.691836
-11.264946
-11.194567
-10.928049
6.256071
-3.142981
8.775431
-6.419873
-8.134697
-9.592535
-11.029838
-10.90523
-10.470034
13.816503
13.331754
13.678686
11.542437
10.774636
12.694153
-2.518174
0.094173
2.705003
8.153835
9.766132
-4.79191
-5.517055
-7.086575
-8.493302
-9.787848
-10.743985
-11.341101
-10.888836
5.850609
-3.461901
8.259273
-6.751982
-8.47095
-9.881599
-11.132491
-10.870384
