1.76482
0.661154
4.894019
8.186071
3.056329
15.728082
14.990014
15.810739
10.680851
13.013597
13.998922
12.754361
13.852949
11.575941
7.860706
9.982082
7.831285
5.342479
2.675328
0.007458
15.053122
14.777908
12.915991
11.567938
9.922843
5.323526
2.550298
-0.058226
-0.301615
-2.537767
-1.334851
-5.886403
-8.958437
-9.206249
-3.93374
-15.669394
-16.610224
-16.900343
-14.134136
-11.793387
-14.499109
-14.22538
-13.081646
-11.789507
-10.108123
-7.936688
-5.334883
-7.842955
-16.115076
-15.393592
-13.190285
-11.747146
-9.982988
-5.381943
-2.644363
