13.439291
13.644383
11.969344
11.404279
12.952806
0.478144
-2.203433
3.196862
10.267854
8.625926
-4.523448
-6.830626
-5.307854
-8.284121
-10.587612
-9.585693
-10.785325
-11.328029
-11.23463
-10.981981
6.252259
-3.182692
-6.493058
-8.233024
-9.69935
-11.092304
-10.941319
-10.512429
13.66496
13.177547
13.514966
11.464823
10.471264
10.750309
12.58544
-2.550557
0.049955
2.643917
8.063256
9.704816
-4.837586
-5.57215
-7.171665
-8.601684
-9.911659
-10.867011
-11.432168
-10.98271
5.765468
-3.516422
-6.817299
-8.556669
-9.980935
-11.238534
-10.96684
