1.839891
0.721887
4.990974
8.281066
3.143419
15.847292
15.090241
15.910077
10.756214
13.091708
14.077402
12.814132
13.92355
11.631388
7.916556
10.036177
7.887394
5.401117
2.738082
0.06859
15.120859
14.859226
13.287352
12.977665
11.624207
9.976665
5.378579
2.604408
-0.001711
-0.24997
-2.509607
-1.291406
-5.886186
-8.982245
-9.220913
-3.920815
-15.683675
-16.637061
-16.911858
-14.15659
-11.804949
-14.495438
-14.214495
-13.061678
-11.760382
-10.072386
-7.896128
-5.285966
-7.801088
-16.1175
-15.390333
-13.17449
-11.723923
-9.951107
-5.335723
-2.592443
