13.427463
13.638782
11.893304
11.281608
12.919015
0.461056
-2.20119
3.14867
10.149748
8.529758
-4.498841
-6.779485
-5.273701
-8.22655
-10.535979
-9.525518
-10.734577
-11.291419
-11.211554
-10.949447
6.178925
-3.169354
8.717641
-6.444721
-8.174162
-9.641463
-11.052519
-10.916819
-10.479216
13.653894
13.169527
13.511413
11.423065
10.448375
10.690496
12.560348
-2.536514
0.052397
2.6323
8.03853
9.663005
-4.803384
-5.526199
-7.109238
-8.528466
-9.832063
-10.788669
-11.373147
-10.919747
5.749315
-3.482079
-6.768612
-8.496101
-9.914783
-11.168473
-10.906841
