13.267372
13.502371
11.642266
11.025412
10.672527
12.73679
0.275819
-2.324784
2.898019
9.865405
8.24363
13.384264
-4.552995
-6.796389
-5.326565
-8.218754
-10.506578
-9.505874
-10.723964
-11.281025
-11.216354
-10.950247
5.898747
-6.455409
-8.172466
-9.63849
-11.024655
-10.907441
-10.454028
13.518004
13.017481
13.376409
11.218111
10.265406
10.486587
12.394923
-2.620695
-0.073751
2.451435
7.824896
9.45841
-4.836516
-5.521262
-7.077007
-8.477352
-9.767793
-10.720087
-11.331687
-10.876445
-11.180331
5.545996
-3.515817
-6.766205
-8.465632
-9.87464
-11.100272
-10.86045
