13.31682
13.559947
11.536979
10.780106
12.729471
0.302381
-2.270039
2.863242
9.644953
8.087072
-4.463751
-6.644319
-5.209481
-8.057332
-10.369314
-9.340208
-10.581367
-11.179739
-11.148483
-10.857021
5.805613
-6.314559
-8.004791
-9.472601
-10.921278
-10.84139
-10.369803
13.558487
13.071998
13.438006
11.191851
10.285598
10.40503
12.402896
-2.549713
-0.016716
2.493283
7.848153
9.429549
-4.728753
-5.394744
-6.912616
-8.287989
-9.564132
-10.521335
-11.178601
-10.713278
-11.04633
5.587301
-3.406205
-6.630166
-8.305402
-9.701227
-10.925514
-10.705761
