2.073577
1.036005
0.928595
5.239248
8.495598
8.317817
15.16948
3.386962
16.221183
15.410115
16.141993
10.90746
13.204443
-0.186126
14.27834
8.007415
5.538402
2.919708
0.298664
15.239301
13.129505
11.751249
10.087652
2.75437
0.221307
-0.079468
-2.418084
-1.147647
-1.436824
-2.921402
-5.884307
-9.088716
-15.969211
-3.866978
-15.715357
-16.735468
-16.906532
-14.169365
-11.822021
-14.411466
-14.073873
-12.87485
-11.538228
-5.01248
-7.540555
-2.355246
-16.058762
-13.019685
-11.530515
-9.719856
-2.344163
