13.517945
13.868347
13.783261
11.585596
10.761604
10.56515
5.846094
12.890912
0.007071
-2.568229
2.579774
9.564274
7.934447
13.909719
-4.739607
-10.698812
-11.271394
-11.243476
-10.980249
5.595745
-6.555485
-8.214349
-9.63677
-10.917253
-10.454715
13.770305
13.209111
13.62395
13.729284
13.299617
11.198644
10.303507
5.56522
12.494327
-2.852322
-0.302936
2.223267
7.705916
9.377645
-5.008231
-5.626448
-7.103226
-8.434758
-11.282322
-10.839202
-11.159056
5.375302
-6.85947
-8.481319
-9.848993
-10.782486
