2.222839
1.03967
5.473358
8.753024
3.579214
16.492818
15.651946
16.427039
11.144178
13.474824
14.507956
13.148479
14.321227
11.924914
8.157869
5.676347
3.037976
0.377423
15.485613
13.320381
11.923692
10.247682
5.64572
2.866892
0.292542
0.017099
-2.372329
-1.072639
-5.900976
-9.136654
-9.305949
-3.856412
-15.807034
-16.825583
-16.997322
-14.272852
-11.885143
-14.505216
-14.173798
-12.963481
-11.607982
-9.872315
-7.666824
-5.009898
-7.565128
-2.3201
-16.145475
-13.103984
-11.602998
-9.772831
-5.080339
-2.310275
