14.007662
14.227669
12.180258
11.294353
13.398816
0.339346
-2.377362
3.055536
10.146987
8.51187
-4.696268
-6.903555
-5.442706
-8.301172
-10.523771
-9.532619
-10.727684
-11.30232
-11.249946
-11.000098
6.155215
-6.58575
-8.252515
-9.659335
-11.049256
-10.95056
-10.524232
14.202961
13.653795
14.050389
11.689733
10.761259
10.859195
12.936779
-2.75355
-0.100044
2.5607
8.170969
9.842079
-5.011318
-5.69537
-7.208438
-8.558931
-9.806976
-10.742045
-11.376699
-10.944173
-11.215692
5.791632
-3.644861
-6.91812
-8.577382
-9.952224
-11.12847
-10.876821
