2.501093
1.254405
6.014194
9.453754
3.968115
17.385397
16.605319
17.405683
11.987849
14.386329
15.447534
13.965837
15.248197
12.617069
8.593028
10.864512
8.509845
5.877142
3.103145
0.318072
16.553962
16.339945
14.151205
12.588331
10.755895
5.918021
3.013306
0.282706
0.193039
-2.371786
-1.000488
-6.106605
-9.435377
-9.604771
-3.91252
-16.571706
-17.47825
-17.631382
-14.734127
-12.311548
-15.301053
-14.985185
-13.713373
-12.272783
-10.409595
-8.062828
-5.25308
-7.942451
-2.470939
-16.763499
-16.256368
-13.830742
-12.242034
-10.282798
-5.338926
-2.441996
