14.251636
14.445951
12.545021
11.6934
13.677979
0.472544
-2.331795
3.295184
10.553886
8.877291
-4.742629
-7.008965
-5.501672
-8.425359
-10.634909
-9.656367
-10.825471
-11.377837
-11.29599
-11.068395
6.47409
-3.350321
-6.693634
-8.375621
-9.769701
-11.13964
-11.007923
-10.610344
14.422989
13.866616
14.254232
11.95707
10.988503
11.139339
13.168514
-2.76418
-0.048452
2.690824
8.387084
10.092116
-5.091423
-5.815077
-7.362864
-8.732296
-9.989971
-10.921488
-11.512511
-11.092467
-11.323
5.967556
-3.715968
-7.03721
-8.723734
-10.106691
-11.293951
-11.011188
