1.53313
0.584586
0.490187
4.434053
7.594908
7.396056
2.72498
15.028692
14.254879
15.014741
9.989887
12.248089
-0.533143
13.255992
12.111683
13.128073
11.017195
7.5245
5.151151
2.598461
0.049814
14.194362
12.260847
11.033438
9.500512
5.084061
2.414068
-0.047176
-0.444711
-2.546063
-1.399042
-1.630269
-5.734013
-8.74566
-3.890022
-15.093298
-16.126262
-16.407505
-13.757131
-11.464997
-13.876434
-13.576674
-12.472576
-11.243071
-9.652461
-7.592283
-5.111863
-7.513922
-2.538474
-15.624722
-12.606345
-11.222856
-9.551608
-5.153103
-2.52195
