12.947856
13.038581
13.211946
11.240649
10.646298
10.28672
12.39927
0.083391
-2.421742
2.603212
9.461576
7.857161
13.08592
-4.551068
-6.750069
-5.3227
-8.15129
-10.676775
-11.240316
-11.196271
-10.916033
5.536852
-6.400316
-8.110054
-9.589065
-10.965271
-10.871489
-10.391474
13.23322
12.73149
13.100362
12.903225
10.89764
9.972803
12.105979
-2.655648
-0.178805
2.256523
7.537492
9.158157
-4.801678
-5.444011
-6.973059
-8.359984
-9.643638
-10.596892
-11.241549
-10.776647
-11.116857
5.296805
-6.694259
-8.369071
-9.773117
-10.982017
-10.771686
