1.837789
2.20105
0.852213
0.726169
5.070346
8.451964
8.18238
3.164989
16.147159
15.481982
16.258617
11.070201
13.409708
-0.325625
14.476909
13.18391
14.343154
11.913619
8.003404
10.225056
7.942077
5.35532
2.614418
-0.095081
15.597436
15.303231
13.348953
11.892167
10.140064
5.394555
2.553196
-0.115379
-0.254641
-2.576946
-1.345777
-1.551673
-2.980135
-6.023242
-9.145879
-3.980723
-4.637604
-16.149485
-17.016806
-17.276556
-14.366775
-12.04706
-14.983313
-14.705816
-13.521542
-12.181338
-10.416325
-8.165427
-5.482305
-8.062819
-2.793156
-16.475885
-15.91346
-13.622372
-12.120469
-10.275135
-5.545126
-2.747101
