14.056006
13.501043
13.786928
14.237339
12.683012
12.149897
11.615415
13.60628
0.392283
-2.452445
3.326159
10.954603
9.146388
13.83642
-4.91866
-7.315641
-5.738266
-8.751586
-10.915542
-9.996019
-11.120461
-11.585145
-11.434069
-11.257094
6.61316
-3.498307
-6.973961
-8.715701
-10.112091
-11.349212
-11.139818
-10.775632
14.254154
13.67205
14.042732
13.626695
13.210265
11.942262
10.876804
13.079183
12.600118
-2.906319
-0.176847
2.57447
8.281518
10.091888
-5.300584
-6.059506
-7.687738
-9.112382
-10.402873
-11.325545
-11.821944
-11.420312
-11.595726
5.835933
-3.933785
-7.303989
-9.04218
-10.455127
-11.647518
-11.326437
