2.255421
1.059469
5.589215
8.93251
3.645178
16.706007
15.903192
16.701835
11.392976
13.753076
14.781987
13.394285
14.595872
12.132858
8.292485
10.469935
8.242719
5.703115
3.007273
0.29486
15.823414
13.569912
12.11966
10.391012
5.700289
2.873892
0.230734
0.032389
-2.398025
-1.087077
-5.975226
-9.217396
-9.403122
-3.890348
-16.07094
-17.033553
-17.221353
-14.427562
-12.03097
-14.806021
-14.492151
-13.270774
-11.894023
-10.120321
-7.866728
-5.160604
-7.759135
-2.439119
-16.375935
-15.726329
-13.396168
-11.872822
-10.005812
-5.232068
-2.418092
