1.599982
0.63826
0.536469
4.610292
7.848258
7.61278
2.83675
15.333367
14.599638
15.386866
10.321403
12.616095
-0.491258
13.620236
12.434653
13.490438
11.291777
7.659661
9.737229
7.648024
5.204316
2.582913
-0.029269
14.632434
14.360458
12.589022
11.293717
9.695083
5.170225
2.441715
-0.102283
-0.407335
-2.567541
-1.401155
-1.620048
-5.825196
-8.853899
-9.095545
-3.926924
-15.422633
-16.391726
-16.68641
-13.954485
-11.648112
-14.243831
-13.96256
-12.841357
-11.582355
-9.942457
-7.821579
-5.277864
-7.735535
-2.663567
-15.907911
-15.121927
-12.958324
-11.544466
-9.824671
-5.321518
-2.634669
