2.229132
1.161141
1.047165
5.531867
8.865626
8.660947
3.60195
16.677106
15.886901
16.64206
11.337277
13.673276
-0.089486
14.748221
13.36936
14.571561
12.096175
8.246095
8.198155
5.658519
2.973901
0.28702
15.772035
13.54254
12.086326
10.350406
5.662674
2.84392
0.230017
0.019
-2.408488
-1.100082
-1.392396
-5.979885
-9.231282
-9.394407
-3.890391
-16.077232
-17.04589
-17.210737
-14.399395
-12.026718
-14.789832
-14.461688
-13.233418
-11.855018
-10.07505
-7.825513
-5.125111
-7.7192
-2.418791
-16.355825
-13.366324
-11.835969
-9.963852
-5.202572
-2.399172
