13.847604
14.130292
14.082687
12.021369
11.197935
10.97961
13.247962
0.183066
-2.495958
2.873577
10.017665
8.3535
14.173073
-4.774401
-6.981011
-5.532539
-8.364075
-10.560664
-10.781719
-11.338126
-11.282669
-11.040488
5.973963
-6.653037
-8.322922
-9.729131
-11.072383
-10.971324
-10.540168
14.066643
13.499785
13.905743
13.99109
11.533287
10.601057
10.729663
12.794601
-2.847154
-0.222133
2.400229
7.988616
9.688768
-5.080651
-5.743438
-7.252759
-8.600522
-9.84546
-10.775382
-11.410626
-10.980635
-11.256742
5.611344
-6.972741
-8.621635
-9.995417
-11.151492
-10.908191
