1.844256
0.844086
0.72599
5.07661
8.447922
8.17231
3.174783
16.100792
15.415887
16.221202
11.038694
13.389164
-0.332123
14.420119
13.129399
14.279086
11.879822
8.006771
10.21034
7.949857
5.379558
2.645667
-0.06963
15.537518
15.243295
13.295225
11.859012
10.128065
5.405429
2.571536
-0.101314
-0.251972
-2.563181
-1.334303
-1.55037
-5.998226
-9.109717
-9.348387
-3.971939
-16.945276
-17.220231
-14.34374
-12.007933
-14.640305
-13.465474
-12.133372
-10.384829
-8.144755
-8.042891
-16.426114
-15.834283
-12.074956
-10.244959
-5.529131
-2.735496
