13.908006
13.689663
14.086932
12.548443
12.013429
11.515092
13.457914
0.501356
-2.314661
3.391682
10.849647
9.097001
13.740841
-4.76178
-7.146766
-5.571063
-8.600028
-10.820819
-9.869745
-11.015331
-11.505061
-11.365829
-11.165469
6.613659
-3.353495
-6.808659
-8.556501
-9.977744
-11.276894
-11.077973
-10.698998
14.105688
13.562921
13.914247
13.54215
11.866104
10.813847
11.168309
12.978458
-0.045814
2.675156
8.297035
10.047217
-5.898023
-7.529991
-8.965959
-10.269675
-11.20537
-11.294677
5.897608
-3.779066
-8.894117
-10.315872
-11.543258
-11.228922
