13.06433
13.310317
11.416398
10.813866
12.528195
0.240955
-2.307526
2.802882
9.656234
8.063764
13.203808
-4.486648
-6.708387
-5.255959
-8.129759
-10.441555
-9.42824
-10.663288
-11.232486
-11.180469
-10.899066
5.748771
-6.364802
-8.082504
-9.564925
-10.971677
-10.867551
-10.397037
13.329886
12.845613
13.199964
11.049323
10.11243
10.321991
12.227358
-2.569217
-0.063
2.41121
7.708569
9.312192
-4.75093
-5.422341
-6.969888
-8.37051
-9.664459
-10.622701
-11.250903
-10.785185
-11.112953
5.465528
-3.441836
-6.669748
-8.365754
-9.777057
-11.011037
-10.785928
