2.213677
2.60141
1.165311
1.029451
5.644182
8.841404
3.630904
17.002986
16.319344
17.083142
11.746522
14.119133
-0.084836
15.228761
13.813817
15.068546
12.453507
8.379341
10.68084
8.289618
5.626306
2.828764
0.058816
16.377793
13.990983
12.421119
10.569925
5.698143
2.787756
0.055681
-0.002089
-2.494286
-1.176667
-1.419657
-2.961391
-6.140025
-9.395023
-3.971622
-4.740656
-16.624877
-17.4723
-17.660922
-14.679112
-12.319107
-15.407409
-15.108077
-13.857179
-12.439851
-10.579414
-8.236745
-5.445264
-8.120319
-2.692185
-16.81755
-16.369743
-13.962325
-12.384265
-10.436878
-5.528467
-2.647604
