14.064951
14.273634
12.304683
11.447743
13.476121
0.410254
-2.337434
3.165399
10.307095
8.660227
-4.691707
-6.926465
-5.444057
-8.335994
-10.562631
-9.573033
-10.759855
-11.326375
-11.261272
-11.018038
6.288741
-6.60906
-8.286051
-9.692945
-11.080889
-10.967363
-10.55111
14.251976
13.706617
14.094905
11.779729
10.833219
10.959377
13.004004
-2.733093
-0.05947
2.626911
8.254652
9.932284
-5.019045
-5.722369
-7.253945
-8.616969
-9.873127
-10.808978
-11.42364
-10.993875
-11.250802
5.867392
-3.652622
-6.9459
-8.621322
-10.002644
-11.190578
-10.926048
