13.32445
13.580665
11.421041
10.58079
12.696599
0.233652
-2.308013
2.746232
9.44422
7.911395
-4.46265
-6.596649
-5.19383
-7.99235
-10.299284
-9.263455
-10.516621
-11.133959
-11.124786
-10.822112
5.658473
-6.270656
-7.93978
-9.402933
-10.866857
-10.812722
-10.32841
13.568944
13.07699
13.456886
11.125027
10.250451
10.307284
12.374403
-2.569267
-0.052755
2.43674
7.788005
9.354625
-4.712748
-5.353276
-6.839148
-8.191245
-9.451854
-10.407745
-11.09862
-10.630048
-10.982681
5.531323
-6.584034
-8.232895
-9.615929
-10.822731
-10.620505
