2.025659
2.400651
1.008126
0.877478
5.357459
8.777911
8.511486
3.398108
16.573302
15.898356
16.669962
11.407737
13.764411
-0.205726
14.851208
13.497322
14.703961
12.182766
8.191675
10.452759
8.116235
5.491606
2.722365
-0.01787
15.986256
15.707101
13.668467
12.155806
10.354832
5.546724
2.670939
-0.029948
-0.128531
-2.535342
-1.261097
-1.485813
-2.970546
-6.08092
-9.269113
-3.976053
-4.68842
-16.384857
-17.242298
-17.467343
-14.522575
-12.182038
-15.193753
-14.905793
-13.688628
-12.310172
-10.498021
-8.201498
-5.464442
-8.091992
-2.743088
-16.645707
-16.139801
-13.791417
-12.251928
-10.356111
-5.537204
-2.697766
