14.269131
13.786432
14.074716
14.447134
12.838946
12.234047
11.74909
13.798164
0.393086
-2.485131
3.356268
11.037874
9.219366
14.122566
-4.976758
-7.364921
-5.790333
-8.791759
-10.931072
-10.018066
-11.133952
-11.60032
-11.451353
-11.281477
6.677075
-3.5421
-7.028905
-8.756261
-10.133807
-11.364048
-11.158646
-10.803223
14.452939
13.852826
14.236189
13.913715
13.488114
12.074168
11.013957
13.233474
12.853727
-2.962148
-0.201735
2.588584
8.368668
10.196492
-5.368403
-6.125434
-7.741359
-9.151001
-10.428349
-11.344776
-11.846588
-11.452851
-11.617338
5.890838
-3.987483
-7.364073
-9.089401
-10.491994
-11.666506
-11.341807
