13.354306
13.132606
13.456775
13.609589
11.608803
10.600287
5.938779
12.792863
0.038918
-2.547687
2.652017
9.741145
8.072628
13.501531
-4.743786
-6.958518
-5.520153
-10.796927
-11.337376
-11.278628
-11.029648
5.692411
-6.612835
-8.306743
-9.743407
-11.060217
-10.953806
-10.502163
13.61808
13.065547
13.460079
13.310197
12.895367
11.169498
10.229393
12.410516
-2.836288
-0.289672
2.231772
7.678532
9.372371
-5.02426
-5.668682
-7.191247
-8.558779
-9.821058
-10.756869
-11.387932
-10.946453
-11.247361
5.357619
-6.912787
-8.570917
-9.959477
-11.125965
-10.898165
