2.066399
2.442857
1.032535
0.921405
5.255123
8.534906
8.345168
15.233988
3.387764
16.272751
15.481837
16.217471
10.978767
13.283363
-0.188524
14.361281
13.041136
8.02196
5.530314
2.890268
0.253027
15.346635
13.207576
11.809393
10.125415
2.741563
0.185447
-0.086533
-2.435266
-1.164184
-1.443757
-2.928724
-5.913158
-9.11596
-3.882692
-15.813359
-16.810228
-16.987881
-14.21981
-11.874419
-14.524608
-14.193484
-12.991375
-11.648458
-5.075997
-7.61845
-2.410037
-16.143353
-13.130491
-11.633565
-9.810147
-5.147717
-2.394082
