2.266421
1.071953
5.587285
8.919383
3.650593
16.708164
15.898889
16.680858
11.369003
13.718896
14.762804
13.375482
14.577143
12.113583
8.282559
10.453591
8.235918
5.704035
3.019843
0.321112
15.78779
13.550485
12.103117
10.377744
5.698958
2.880351
0.255305
0.042276
-2.389548
-1.076036
-5.967728
-9.219399
-9.393284
-3.882321
-16.045716
-17.020777
-17.194769
-14.407161
-12.015748
-14.763833
-14.441184
-13.216181
-11.838639
-10.065497
-7.817443
-5.116421
-7.710553
-2.401423
-16.342817
-15.682414
-13.347014
-11.821868
-9.955007
-5.190467
-2.383295
