13.750098
13.981479
11.93192
11.096745
13.14806
0.290674
-2.36965
2.948528
9.946297
8.331387
-4.637343
-6.833391
-5.385271
-8.232017
-10.477834
-9.47821
-10.688293
-11.267757
-11.222731
-10.960425
5.995764
-6.509752
-8.183688
-9.609917
-11.009806
-10.918054
-10.47536
13.96561
13.432741
13.822123
11.491633
10.571223
10.67936
12.732024
-2.708282
-0.100753
2.5019
8.024511
9.671903
-4.933519
-5.605882
-7.118045
-8.474815
-9.730504
-10.671594
-11.31546
-10.872664
-11.166134
5.684258
-3.581543
-6.833886
-8.494757
-9.875513
-11.062157
-10.823535
