2.143513
0.974649
5.326573
8.562447
3.472906
16.225276
15.362279
16.149116
10.907405
13.228026
14.232251
12.907468
14.045876
11.727271
8.066212
5.630044
3.027195
0.393016
15.179911
13.076215
11.732781
10.107385
5.575103
2.830926
0.290485
-0.034887
-2.370515
-1.09273
-5.836939
-9.03819
-9.218339
-3.8407
-15.572365
-16.620814
-16.809787
-14.144155
-11.757384
-14.272814
-13.943719
-12.755855
-11.427605
-9.733785
-7.569543
-4.956942
-7.473035
-2.288888
-15.967842
-12.899607
-11.428877
-9.640704
-5.019825
-2.283858
