13.933777
13.722912
14.111109
12.573259
12.031069
11.538691
13.482598
0.513759
-2.30798
3.409148
10.869488
9.11743
13.774069
-4.760649
-7.146256
-5.569088
-8.600301
-10.821232
-9.869456
-11.014303
-11.504898
-11.165369
6.634257
-3.349527
-6.809141
-8.556295
-9.976362
-11.277786
-11.078645
-10.700948
14.128761
13.586053
13.937288
13.575981
11.887781
10.835334
11.18713
12.999771
-0.038392
2.688473
8.317114
10.066952
-5.900524
-7.532696
-8.968384
-10.271776
-11.20741
5.915149
-3.778565
-8.896347
-10.317768
-11.5457
-11.23009
