14.176765
14.058116
14.354741
12.728224
12.097887
11.662937
13.695593
0.469548
-2.383995
3.392329
10.926969
9.156843
14.106739
-4.856266
-7.225234
-5.65809
-8.661911
-10.843454
-9.904405
-11.038564
-11.528903
-11.393784
-11.203775
6.659092
-3.433042
-6.893503
-8.620244
-10.014811
-11.297354
-11.105579
-10.736947
14.358911
13.787552
14.159249
13.907908
12.016736
10.973587
11.28539
13.165729
-2.844912
-0.104768
2.662071
8.38138
10.159801
-5.994945
-7.606638
-9.019445
-10.303121
-11.229122
-11.74569
-11.339858
-11.524209
5.9378
-3.864772
-7.231701
-8.961927
-10.368097
-11.565696
-11.24917
