13.667854
13.03263
13.318792
13.856213
12.369088
11.936438
11.347361
13.245053
0.411548
-2.364756
3.276113
10.751844
8.981622
13.371053
-4.777022
-7.176215
-5.600628
-8.629
-10.849097
-9.908273
-11.055123
-11.528091
-11.381181
-11.183619
6.483306
-3.386898
-6.827136
-8.590171
-10.02372
-11.293492
-11.085468
-10.700329
13.88957
13.347511
13.694335
13.164202
12.762596
11.693761
10.629538
11.035881
12.793973
-2.772028
-0.103466
2.571871
8.134355
9.895613
-5.896508
-7.53999
-8.988117
-10.30106
-11.237537
-11.734258
-11.314615
-11.517839
5.755649
-3.796456
-8.907887
-10.337934
-11.566673
-11.256655
