1.537048
0.58798
0.48848
4.493709
7.702146
7.476861
2.750381
15.154183
14.413573
15.191219
10.153605
12.432911
-0.530069
13.437445
12.277295
13.312074
11.156031
7.573976
9.625192
7.572217
5.155263
2.558955
-0.027662
14.425896
12.428707
11.163191
9.592049
5.109662
2.404745
-0.108091
-0.447297
-2.572612
-1.421386
-1.638298
-5.788928
-8.798863
-9.039014
-3.918586
-15.284453
-16.272674
-16.569993
-13.865497
-11.569659
-14.099771
-13.814972
-12.705172
-11.462437
-9.845522
-7.751084
-5.236542
-7.668713
-2.641476
-15.794443
-14.968298
-12.826626
-11.428639
-9.732514
-5.277792
-2.61569
