13.144444
13.09852
13.382797
11.578649
11.040138
10.611282
12.63842
0.219651
-2.367731
2.84274
9.863247
8.217561
13.14797
-4.585866
-6.848967
-5.37249
-8.271949
-10.551851
-9.563367
-10.776615
-11.316063
-11.24056
-10.9819
5.850474
-6.50013
-8.229622
-9.700216
-11.056429
-10.926995
-10.474687
13.408944
12.904048
13.260381
12.959907
11.139998
10.171755
10.4394
12.305487
-2.653932
-0.120595
2.386004
7.737458
9.38961
-4.869087
-5.552963
-7.1215
-8.532121
-9.829235
-10.780308
-11.377893
-10.924036
-11.224293
5.46318
-3.553515
-6.804219
-8.510734
-9.925963
-11.150688
-10.908894
