14.093877
14.291155
12.418229
11.608851
13.531591
0.477627
-2.299074
3.272742
10.472894
8.81047
-4.688059
-6.955806
-5.449115
-8.378779
-10.610131
-9.623632
-10.801442
-11.356482
-11.275964
-11.040487
6.42031
-3.307963
-6.637272
-8.328034
-9.736919
-11.118642
-10.987115
-10.581257
14.275073
13.734291
14.112467
11.855745
10.887216
11.05267
13.052463
-2.712621
-0.021515
2.686987
8.325382
10.011704
-5.027887
-5.751845
-7.305986
-8.684962
-9.951672
-10.888578
-11.479347
-11.05224
-11.293691
5.93242
-3.663191
-6.977549
-8.672188
-10.062067
-11.263537
-10.985143
