2.350706
2.743927
1.274464
1.139642
5.83437
9.302599
9.049462
3.794635
17.254228
16.545753
17.309538
11.925678
14.307319
-0.001134
15.420146
13.967148
15.24686
12.590678
8.495764
10.805724
8.402445
5.731829
2.930736
0.149313
16.561845
14.148245
12.557561
10.690855
5.803491
2.882374
0.142765
0.091086
-2.450608
-1.103944
-1.368786
-2.948033
-6.155023
-9.454382
-9.623096
-3.955708
-4.769559
-16.703968
-17.562649
-17.72581
-14.747954
-12.368711
-15.460656
-15.151102
-13.881439
-12.443538
-10.563276
-8.20266
-5.386903
-8.08283
-2.616831
-16.867008
-16.427656
-13.991436
-12.395234
-10.42474
-5.475512
-2.576489
