2.02084
2.404426
1.013563
5.328904
8.485403
15.568322
3.994791
3.381798
16.553764
15.877945
16.621455
11.360139
13.699895
-0.201576
14.813851
13.464891
14.670494
12.147251
8.162876
10.418462
8.091012
5.473789
2.718683
-0.000917
15.929063
13.634539
12.123813
10.324468
5.528933
2.663071
-0.012238
-2.532964
-1.482665
-2.970962
-6.074692
-9.272
-3.969565
-4.696432
-16.35965
-17.229654
-17.436614
-14.492077
-12.164344
-15.147743
-14.848071
-13.626524
-12.247918
-10.435439
-8.146094
-5.416637
-8.037784
-2.706569
-16.607001
-16.092371
-13.736249
-12.193975
-10.29797
-5.493252
-2.664089
