14.28803
13.830131
14.118922
12.785396
11.677202
6.718112
13.270942
13.798329
0.25604
-2.60627
3.204433
10.934748
9.095296
14.164639
-5.072258
-7.440445
-5.886422
-8.845396
-10.947913
-10.05192
-11.163905
-11.623311
-11.479937
-11.317035
6.538506
-7.101552
-8.815764
-10.179389
-11.374754
-11.177779
-10.82058
13.854737
13.950402
13.521398
12.021615
10.97135
13.217342
12.879704
-3.07392
-0.319918
2.460545
8.269979
10.126382
-5.459116
-6.191437
-7.78717
-9.178241
-10.440225
-11.348399
-11.864094
-11.476356
-11.643088
5.774261
-4.069517
-7.429859
-9.131343
-10.522708
-11.665445
-11.349886
