1.653078
0.572809
4.716193
7.9805
2.914416
15.468698
14.735081
15.551127
10.465254
12.782978
13.763722
12.556692
13.626573
11.404371
7.740795
9.836265
7.721061
5.257779
2.61224
-0.031157
14.802789
14.522217
12.714286
11.400783
9.786049
5.228805
2.479427
-0.102016
-0.37558
-2.560762
-1.383274
-5.849172
-8.885027
-9.139784
-3.933933
-15.518577
-16.469813
-16.775263
-14.031419
-11.706244
-14.356677
-14.085672
-12.960348
-11.691077
-10.038161
-7.896447
-5.329346
-7.807197
-16.000078
-15.241011
-13.069978
-11.648693
-9.914957
-5.371532
-2.661869
