13.312457
13.523617
11.853352
11.322659
12.832375
0.438835
-2.216412
3.133285
10.18005
8.540238
-4.512187
-6.817459
-5.299802
-8.270104
-10.579077
-9.577221
-10.781707
-11.322448
-11.23023
-10.974465
6.16976
-3.184102
-6.475812
-8.220289
-9.694461
-11.083337
-10.933275
-10.497895
13.5496
13.06623
13.401444
11.366285
10.373542
10.664876
12.484283
-2.545897
0.033001
2.599268
7.98079
9.618262
-4.818358
-5.546483
-7.146883
-8.580286
-9.893689
-10.850708
-11.417691
-10.964745
5.698539
-3.503493
-6.79498
-8.534894
-9.962062
-11.221672
-10.955415
